time_period,time_identifier,geographic_level,country_code,country_name,region_code,region_name,old_la_code,la_name,new_la_code,cla_group,move_measure,school_stability,children_count,children_percent
2025,Reporting year,National,E92000001,England,,,,,,CLA 2 years on 31 March,Any moves,Total children,45680,100
2025,Reporting year,National,E92000001,England,,,,,,CLA 2 years on 31 March,Any moves,With one or more moves during the previous 2 years,9350,20
2025,Reporting year,National,E92000001,England,,,,,,CLA 2 years on 31 March,Mid-year moves,Total children,45680,100
2025,Reporting year,National,E92000001,England,,,,,,CLA 2 years on 31 March,Mid-year moves,With one or more mid-year moves during the previous 2 years,6760,15
2025,Reporting year,National,E92000001,England,,,,,,CLA on 31 March,Any moves,Total children,52130,100
2025,Reporting year,National,E92000001,England,,,,,,CLA on 31 March,Any moves,With one or more moves during the year,5910,11
2025,Reporting year,National,E92000001,England,,,,,,CLA on 31 March,Mid-year moves,Total children,52130,100
2025,Reporting year,National,E92000001,England,,,,,,CLA on 31 March,Mid-year moves,With one or more mid-year moves during the year,4190,8
2025,Reporting year,Regional,E92000001,England,E12000001,North East,,,,CLA 2 years on 31 March,Any moves,Total children,3570,100
2025,Reporting year,Regional,E92000001,England,E12000001,North East,,,,CLA 2 years on 31 March,Any moves,With one or more moves during the previous 2 years,620,17
2025,Reporting year,Regional,E92000001,England,E12000001,North East,,,,CLA 2 years on 31 March,Mid-year moves,Total children,3570,100
2025,Reporting year,Regional,E92000001,England,E12000001,North East,,,,CLA 2 years on 31 March,Mid-year moves,With one or more mid-year moves during the previous 2 years,440,12
2025,Reporting year,Regional,E92000001,England,E12000001,North East,,,,CLA on 31 March,Any moves,Total children,4150,100
2025,Reporting year,Regional,E92000001,England,E12000001,North East,,,,CLA on 31 March,Any moves,With one or more moves during the year,380,9
2025,Reporting year,Regional,E92000001,England,E12000001,North East,,,,CLA on 31 March,Mid-year moves,Total children,4150,100
2025,Reporting year,Regional,E92000001,England,E12000001,North East,,,,CLA on 31 March,Mid-year moves,With one or more mid-year moves during the year,260,6
2025,Reporting year,Regional,E92000001,England,E12000002,North West,,,,CLA 2 years on 31 March,Any moves,Total children,8710,100
2025,Reporting year,Regional,E92000001,England,E12000002,North West,,,,CLA 2 years on 31 March,Any moves,With one or more moves during the previous 2 years,1400,16
2025,Reporting year,Regional,E92000001,England,E12000002,North West,,,,CLA 2 years on 31 March,Mid-year moves,Total children,8710,100
2025,Reporting year,Regional,E92000001,England,E12000002,North West,,,,CLA 2 years on 31 March,Mid-year moves,With one or more mid-year moves during the previous 2 years,930,11
2025,Reporting year,Regional,E92000001,England,E12000002,North West,,,,CLA on 31 March,Any moves,Total children,9820,100
2025,Reporting year,Regional,E92000001,England,E12000002,North West,,,,CLA on 31 March,Any moves,With one or more moves during the year,900,9
2025,Reporting year,Regional,E92000001,England,E12000002,North West,,,,CLA on 31 March,Mid-year moves,Total children,9820,100
2025,Reporting year,Regional,E92000001,England,E12000002,North West,,,,CLA on 31 March,Mid-year moves,With one or more mid-year moves during the year,600,6
2025,Reporting year,Regional,E92000001,England,E12000003,Yorkshire and The Humber,,,,CLA 2 years on 31 March,Any moves,Total children,5200,100
2025,Reporting year,Regional,E92000001,England,E12000003,Yorkshire and The Humber,,,,CLA 2 years on 31 March,Any moves,With one or more moves during the previous 2 years,1090,21
2025,Reporting year,Regional,E92000001,England,E12000003,Yorkshire and The Humber,,,,CLA 2 years on 31 March,Mid-year moves,Total children,5200,100
2025,Reporting year,Regional,E92000001,England,E12000003,Yorkshire and The Humber,,,,CLA 2 years on 31 March,Mid-year moves,With one or more mid-year moves during the previous 2 years,780,15
2025,Reporting year,Regional,E92000001,England,E12000003,Yorkshire and The Humber,,,,CLA on 31 March,Any moves,Total children,6010,100
2025,Reporting year,Regional,E92000001,England,E12000003,Yorkshire and The Humber,,,,CLA on 31 March,Any moves,With one or more moves during the year,650,11
2025,Reporting year,Regional,E92000001,England,E12000003,Yorkshire and The Humber,,,,CLA on 31 March,Mid-year moves,Total children,6010,100
2025,Reporting year,Regional,E92000001,England,E12000003,Yorkshire and The Humber,,,,CLA on 31 March,Mid-year moves,With one or more mid-year moves during the year,470,8
2025,Reporting year,Regional,E92000001,England,E12000004,East Midlands,,,,CLA 2 years on 31 March,Any moves,Total children,3560,100
2025,Reporting year,Regional,E92000001,England,E12000004,East Midlands,,,,CLA 2 years on 31 March,Any moves,With one or more moves during the previous 2 years,870,24
2025,Reporting year,Regional,E92000001,England,E12000004,East Midlands,,,,CLA 2 years on 31 March,Mid-year moves,Total children,3560,100
2025,Reporting year,Regional,E92000001,England,E12000004,East Midlands,,,,CLA 2 years on 31 March,Mid-year moves,With one or more mid-year moves during the previous 2 years,620,17
2025,Reporting year,Regional,E92000001,England,E12000004,East Midlands,,,,CLA on 31 March,Any moves,Total children,4040,100
2025,Reporting year,Regional,E92000001,England,E12000004,East Midlands,,,,CLA on 31 March,Any moves,With one or more moves during the year,520,13
2025,Reporting year,Regional,E92000001,England,E12000004,East Midlands,,,,CLA on 31 March,Mid-year moves,Total children,4040,100
2025,Reporting year,Regional,E92000001,England,E12000004,East Midlands,,,,CLA on 31 March,Mid-year moves,With one or more mid-year moves during the year,350,9
2025,Reporting year,Regional,E92000001,England,E12000005,West Midlands,,,,CLA 2 years on 31 March,Any moves,Total children,6820,100
2025,Reporting year,Regional,E92000001,England,E12000005,West Midlands,,,,CLA 2 years on 31 March,Any moves,With one or more moves during the previous 2 years,1380,20
2025,Reporting year,Regional,E92000001,England,E12000005,West Midlands,,,,CLA 2 years on 31 March,Mid-year moves,Total children,6820,100
2025,Reporting year,Regional,E92000001,England,E12000005,West Midlands,,,,CLA 2 years on 31 March,Mid-year moves,With one or more mid-year moves during the previous 2 years,1020,15
2025,Reporting year,Regional,E92000001,England,E12000005,West Midlands,,,,CLA on 31 March,Any moves,Total children,7560,100
2025,Reporting year,Regional,E92000001,England,E12000005,West Midlands,,,,CLA on 31 March,Any moves,With one or more moves during the year,840,11
2025,Reporting year,Regional,E92000001,England,E12000005,West Midlands,,,,CLA on 31 March,Mid-year moves,Total children,7560,100
2025,Reporting year,Regional,E92000001,England,E12000005,West Midlands,,,,CLA on 31 March,Mid-year moves,With one or more mid-year moves during the year,610,8
2025,Reporting year,Regional,E92000001,England,E12000006,East of England,,,,CLA 2 years on 31 March,Any moves,Total children,3630,100
2025,Reporting year,Regional,E92000001,England,E12000006,East of England,,,,CLA 2 years on 31 March,Any moves,With one or more moves during the previous 2 years,830,23
2025,Reporting year,Regional,E92000001,England,E12000006,East of England,,,,CLA 2 years on 31 March,Mid-year moves,Total children,3630,100
2025,Reporting year,Regional,E92000001,England,E12000006,East of England,,,,CLA 2 years on 31 March,Mid-year moves,With one or more mid-year moves during the previous 2 years,580,16
2025,Reporting year,Regional,E92000001,England,E12000006,East of England,,,,CLA on 31 March,Any moves,Total children,4100,100
2025,Reporting year,Regional,E92000001,England,E12000006,East of England,,,,CLA on 31 March,Any moves,With one or more moves during the year,570,14
2025,Reporting year,Regional,E92000001,England,E12000006,East of England,,,,CLA on 31 March,Mid-year moves,Total children,4100,100
2025,Reporting year,Regional,E92000001,England,E12000006,East of England,,,,CLA on 31 March,Mid-year moves,With one or more mid-year moves during the year,390,9
2025,Reporting year,Regional,E92000001,England,E12000007,London,,,,CLA 2 years on 31 March,Any moves,Total children,4630,100
2025,Reporting year,Regional,E92000001,England,E12000007,London,,,,CLA 2 years on 31 March,Any moves,With one or more moves during the previous 2 years,950,21
2025,Reporting year,Regional,E92000001,England,E12000007,London,,,,CLA 2 years on 31 March,Mid-year moves,Total children,4630,100
2025,Reporting year,Regional,E92000001,England,E12000007,London,,,,CLA 2 years on 31 March,Mid-year moves,With one or more mid-year moves during the previous 2 years,740,16
2025,Reporting year,Regional,E92000001,England,E12000007,London,,,,CLA on 31 March,Any moves,Total children,5440,100
2025,Reporting year,Regional,E92000001,England,E12000007,London,,,,CLA on 31 March,Any moves,With one or more moves during the year,600,11
2025,Reporting year,Regional,E92000001,England,E12000007,London,,,,CLA on 31 March,Mid-year moves,Total children,5440,100
2025,Reporting year,Regional,E92000001,England,E12000007,London,,,,CLA on 31 March,Mid-year moves,With one or more mid-year moves during the year,430,8
2025,Reporting year,Regional,E92000001,England,E12000008,South East,,,,CLA 2 years on 31 March,Any moves,Total children,5830,100
2025,Reporting year,Regional,E92000001,England,E12000008,South East,,,,CLA 2 years on 31 March,Any moves,With one or more moves during the previous 2 years,1320,23
2025,Reporting year,Regional,E92000001,England,E12000008,South East,,,,CLA 2 years on 31 March,Mid-year moves,Total children,5830,100
2025,Reporting year,Regional,E92000001,England,E12000008,South East,,,,CLA 2 years on 31 March,Mid-year moves,With one or more mid-year moves during the previous 2 years,970,17
2025,Reporting year,Regional,E92000001,England,E12000008,South East,,,,CLA on 31 March,Any moves,Total children,6720,100
2025,Reporting year,Regional,E92000001,England,E12000008,South East,,,,CLA on 31 March,Any moves,With one or more moves during the year,870,13
2025,Reporting year,Regional,E92000001,England,E12000008,South East,,,,CLA on 31 March,Mid-year moves,Total children,6720,100
2025,Reporting year,Regional,E92000001,England,E12000008,South East,,,,CLA on 31 March,Mid-year moves,With one or more mid-year moves during the year,640,10
2025,Reporting year,Regional,E92000001,England,E12000009,South West,,,,CLA 2 years on 31 March,Any moves,Total children,3730,100
2025,Reporting year,Regional,E92000001,England,E12000009,South West,,,,CLA 2 years on 31 March,Any moves,With one or more moves during the previous 2 years,890,24
2025,Reporting year,Regional,E92000001,England,E12000009,South West,,,,CLA 2 years on 31 March,Mid-year moves,Total children,3730,100
2025,Reporting year,Regional,E92000001,England,E12000009,South West,,,,CLA 2 years on 31 March,Mid-year moves,With one or more mid-year moves during the previous 2 years,670,18
2025,Reporting year,Regional,E92000001,England,E12000009,South West,,,,CLA on 31 March,Any moves,Total children,4290,100
2025,Reporting year,Regional,E92000001,England,E12000009,South West,,,,CLA on 31 March,Any moves,With one or more moves during the year,580,14
2025,Reporting year,Regional,E92000001,England,E12000009,South West,,,,CLA on 31 March,Mid-year moves,Total children,4290,100
2025,Reporting year,Regional,E92000001,England,E12000009,South West,,,,CLA on 31 March,Mid-year moves,With one or more mid-year moves during the year,430,10
2025,Reporting year,Regional,E92000001,England,E13000001,Inner London,,,,CLA 2 years on 31 March,Any moves,Total children,1910,100
2025,Reporting year,Regional,E92000001,England,E13000001,Inner London,,,,CLA 2 years on 31 March,Any moves,With one or more moves during the previous 2 years,390,21
2025,Reporting year,Regional,E92000001,England,E13000001,Inner London,,,,CLA 2 years on 31 March,Mid-year moves,Total children,1910,100
2025,Reporting year,Regional,E92000001,England,E13000001,Inner London,,,,CLA 2 years on 31 March,Mid-year moves,With one or more mid-year moves during the previous 2 years,300,15
2025,Reporting year,Regional,E92000001,England,E13000001,Inner London,,,,CLA on 31 March,Any moves,Total children,2190,100
2025,Reporting year,Regional,E92000001,England,E13000001,Inner London,,,,CLA on 31 March,Any moves,With one or more moves during the year,250,11
2025,Reporting year,Regional,E92000001,England,E13000001,Inner London,,,,CLA on 31 March,Mid-year moves,Total children,2190,100
2025,Reporting year,Regional,E92000001,England,E13000001,Inner London,,,,CLA on 31 March,Mid-year moves,With one or more mid-year moves during the year,180,8
2025,Reporting year,Regional,E92000001,England,E13000002,Outer London,,,,CLA 2 years on 31 March,Any moves,Total children,2730,100
2025,Reporting year,Regional,E92000001,England,E13000002,Outer London,,,,CLA 2 years on 31 March,Any moves,With one or more moves during the previous 2 years,560,20
2025,Reporting year,Regional,E92000001,England,E13000002,Outer London,,,,CLA 2 years on 31 March,Mid-year moves,Total children,2730,100
2025,Reporting year,Regional,E92000001,England,E13000002,Outer London,,,,CLA 2 years on 31 March,Mid-year moves,With one or more mid-year moves during the previous 2 years,450,16
2025,Reporting year,Regional,E92000001,England,E13000002,Outer London,,,,CLA on 31 March,Any moves,Total children,3240,100
2025,Reporting year,Regional,E92000001,England,E13000002,Outer London,,,,CLA on 31 March,Any moves,With one or more moves during the year,350,11
2025,Reporting year,Regional,E92000001,England,E13000002,Outer London,,,,CLA on 31 March,Mid-year moves,Total children,3240,100
2025,Reporting year,Regional,E92000001,England,E13000002,Outer London,,,,CLA on 31 March,Mid-year moves,With one or more mid-year moves during the year,250,8
2025,Reporting year,Local authority,E92000001,England,E12000001,North East,805,Hartlepool,E06000001,CLA 2 years on 31 March,Any moves,Total children,206,100
2025,Reporting year,Local authority,E92000001,England,E12000001,North East,805,Hartlepool,E06000001,CLA 2 years on 31 March,Any moves,With one or more moves during the previous 2 years,35,17
2025,Reporting year,Local authority,E92000001,England,E12000001,North East,805,Hartlepool,E06000001,CLA 2 years on 31 March,Mid-year moves,Total children,206,100
2025,Reporting year,Local authority,E92000001,England,E12000001,North East,805,Hartlepool,E06000001,CLA 2 years on 31 March,Mid-year moves,With one or more mid-year moves during the previous 2 years,28,14
2025,Reporting year,Local authority,E92000001,England,E12000001,North East,805,Hartlepool,E06000001,CLA on 31 March,Any moves,Total children,224,100
2025,Reporting year,Local authority,E92000001,England,E12000001,North East,805,Hartlepool,E06000001,CLA on 31 March,Any moves,With one or more moves during the year,18,8
2025,Reporting year,Local authority,E92000001,England,E12000001,North East,805,Hartlepool,E06000001,CLA on 31 March,Mid-year moves,Total children,224,100
2025,Reporting year,Local authority,E92000001,England,E12000001,North East,805,Hartlepool,E06000001,CLA on 31 March,Mid-year moves,With one or more mid-year moves during the year,13,6
2025,Reporting year,Local authority,E92000001,England,E12000001,North East,806,Middlesbrough,E06000002,CLA 2 years on 31 March,Any moves,Total children,291,100
2025,Reporting year,Local authority,E92000001,England,E12000001,North East,806,Middlesbrough,E06000002,CLA 2 years on 31 March,Any moves,With one or more moves during the previous 2 years,40,14
2025,Reporting year,Local authority,E92000001,England,E12000001,North East,806,Middlesbrough,E06000002,CLA 2 years on 31 March,Mid-year moves,Total children,291,100
2025,Reporting year,Local authority,E92000001,England,E12000001,North East,806,Middlesbrough,E06000002,CLA 2 years on 31 March,Mid-year moves,With one or more mid-year moves during the previous 2 years,32,11
2025,Reporting year,Local authority,E92000001,England,E12000001,North East,806,Middlesbrough,E06000002,CLA on 31 March,Any moves,Total children,336,100
2025,Reporting year,Local authority,E92000001,England,E12000001,North East,806,Middlesbrough,E06000002,CLA on 31 March,Any moves,With one or more moves during the year,16,5
2025,Reporting year,Local authority,E92000001,England,E12000001,North East,806,Middlesbrough,E06000002,CLA on 31 March,Mid-year moves,Total children,336,100
2025,Reporting year,Local authority,E92000001,England,E12000001,North East,806,Middlesbrough,E06000002,CLA on 31 March,Mid-year moves,With one or more mid-year moves during the year,14,4
2025,Reporting year,Local authority,E92000001,England,E12000001,North East,807,Redcar and Cleveland,E06000003,CLA 2 years on 31 March,Any moves,Total children,237,100
2025,Reporting year,Local authority,E92000001,England,E12000001,North East,807,Redcar and Cleveland,E06000003,CLA 2 years on 31 March,Any moves,With one or more moves during the previous 2 years,42,18
2025,Reporting year,Local authority,E92000001,England,E12000001,North East,807,Redcar and Cleveland,E06000003,CLA 2 years on 31 March,Mid-year moves,Total children,237,100
2025,Reporting year,Local authority,E92000001,England,E12000001,North East,807,Redcar and Cleveland,E06000003,CLA 2 years on 31 March,Mid-year moves,With one or more mid-year moves during the previous 2 years,25,11
2025,Reporting year,Local authority,E92000001,England,E12000001,North East,807,Redcar and Cleveland,E06000003,CLA on 31 March,Any moves,Total children,263,100
2025,Reporting year,Local authority,E92000001,England,E12000001,North East,807,Redcar and Cleveland,E06000003,CLA on 31 March,Any moves,With one or more moves during the year,30,11
2025,Reporting year,Local authority,E92000001,England,E12000001,North East,807,Redcar and Cleveland,E06000003,CLA on 31 March,Mid-year moves,Total children,263,100
2025,Reporting year,Local authority,E92000001,England,E12000001,North East,807,Redcar and Cleveland,E06000003,CLA on 31 March,Mid-year moves,With one or more mid-year moves during the year,18,7
2025,Reporting year,Local authority,E92000001,England,E12000001,North East,808,Stockton-on-Tees,E06000004,CLA 2 years on 31 March,Any moves,Total children,374,100
2025,Reporting year,Local authority,E92000001,England,E12000001,North East,808,Stockton-on-Tees,E06000004,CLA 2 years on 31 March,Any moves,With one or more moves during the previous 2 years,56,15
2025,Reporting year,Local authority,E92000001,England,E12000001,North East,808,Stockton-on-Tees,E06000004,CLA 2 years on 31 March,Mid-year moves,Total children,374,100
2025,Reporting year,Local authority,E92000001,England,E12000001,North East,808,Stockton-on-Tees,E06000004,CLA 2 years on 31 March,Mid-year moves,With one or more mid-year moves during the previous 2 years,41,11
2025,Reporting year,Local authority,E92000001,England,E12000001,North East,808,Stockton-on-Tees,E06000004,CLA on 31 March,Any moves,Total children,417,100
2025,Reporting year,Local authority,E92000001,England,E12000001,North East,808,Stockton-on-Tees,E06000004,CLA on 31 March,Any moves,With one or more moves during the year,26,6
2025,Reporting year,Local authority,E92000001,England,E12000001,North East,808,Stockton-on-Tees,E06000004,CLA on 31 March,Mid-year moves,Total children,417,100
2025,Reporting year,Local authority,E92000001,England,E12000001,North East,808,Stockton-on-Tees,E06000004,CLA on 31 March,Mid-year moves,With one or more mid-year moves during the year,15,4
2025,Reporting year,Local authority,E92000001,England,E12000001,North East,841,Darlington,E06000005,CLA 2 years on 31 March,Any moves,Total children,175,100
2025,Reporting year,Local authority,E92000001,England,E12000001,North East,841,Darlington,E06000005,CLA 2 years on 31 March,Any moves,With one or more moves during the previous 2 years,36,21
2025,Reporting year,Local authority,E92000001,England,E12000001,North East,841,Darlington,E06000005,CLA 2 years on 31 March,Mid-year moves,Total children,175,100
2025,Reporting year,Local authority,E92000001,England,E12000001,North East,841,Darlington,E06000005,CLA 2 years on 31 March,Mid-year moves,With one or more mid-year moves during the previous 2 years,25,14
2025,Reporting year,Local authority,E92000001,England,E12000001,North East,841,Darlington,E06000005,CLA on 31 March,Any moves,Total children,184,100
2025,Reporting year,Local authority,E92000001,England,E12000001,North East,841,Darlington,E06000005,CLA on 31 March,Any moves,With one or more moves during the year,17,9
2025,Reporting year,Local authority,E92000001,England,E12000001,North East,841,Darlington,E06000005,CLA on 31 March,Mid-year moves,Total children,184,100
2025,Reporting year,Local authority,E92000001,England,E12000001,North East,841,Darlington,E06000005,CLA on 31 March,Mid-year moves,With one or more mid-year moves during the year,13,7
2025,Reporting year,Local authority,E92000001,England,E12000001,North East,840,County Durham,E06000047,CLA 2 years on 31 March,Any moves,Total children,681,100
2025,Reporting year,Local authority,E92000001,England,E12000001,North East,840,County Durham,E06000047,CLA 2 years on 31 March,Any moves,With one or more moves during the previous 2 years,139,20
2025,Reporting year,Local authority,E92000001,England,E12000001,North East,840,County Durham,E06000047,CLA 2 years on 31 March,Mid-year moves,Total children,681,100
2025,Reporting year,Local authority,E92000001,England,E12000001,North East,840,County Durham,E06000047,CLA 2 years on 31 March,Mid-year moves,With one or more mid-year moves during the previous 2 years,94,14
2025,Reporting year,Local authority,E92000001,England,E12000001,North East,840,County Durham,E06000047,CLA on 31 March,Any moves,Total children,788,100
2025,Reporting year,Local authority,E92000001,England,E12000001,North East,840,County Durham,E06000047,CLA on 31 March,Any moves,With one or more moves during the year,92,12
2025,Reporting year,Local authority,E92000001,England,E12000001,North East,840,County Durham,E06000047,CLA on 31 March,Mid-year moves,Total children,788,100
2025,Reporting year,Local authority,E92000001,England,E12000001,North East,840,County Durham,E06000047,CLA on 31 March,Mid-year moves,With one or more mid-year moves during the year,64,8
2025,Reporting year,Local authority,E92000001,England,E12000001,North East,929,Northumberland,E06000057,CLA 2 years on 31 March,Any moves,Total children,232,100
2025,Reporting year,Local authority,E92000001,England,E12000001,North East,929,Northumberland,E06000057,CLA 2 years on 31 March,Any moves,With one or more moves during the previous 2 years,50,22
2025,Reporting year,Local authority,E92000001,England,E12000001,North East,929,Northumberland,E06000057,CLA 2 years on 31 March,Mid-year moves,Total children,232,100
2025,Reporting year,Local authority,E92000001,England,E12000001,North East,929,Northumberland,E06000057,CLA 2 years on 31 March,Mid-year moves,With one or more mid-year moves during the previous 2 years,36,16
2025,Reporting year,Local authority,E92000001,England,E12000001,North East,929,Northumberland,E06000057,CLA on 31 March,Any moves,Total children,298,100
2025,Reporting year,Local authority,E92000001,England,E12000001,North East,929,Northumberland,E06000057,CLA on 31 March,Any moves,With one or more moves during the year,37,12
2025,Reporting year,Local authority,E92000001,England,E12000001,North East,929,Northumberland,E06000057,CLA on 31 March,Mid-year moves,Total children,298,100
2025,Reporting year,Local authority,E92000001,England,E12000001,North East,929,Northumberland,E06000057,CLA on 31 March,Mid-year moves,With one or more mid-year moves during the year,26,9
2025,Reporting year,Local authority,E92000001,England,E12000001,North East,391,Newcastle upon Tyne,E08000021,CLA 2 years on 31 March,Any moves,Total children,387,100
2025,Reporting year,Local authority,E92000001,England,E12000001,North East,391,Newcastle upon Tyne,E08000021,CLA 2 years on 31 March,Any moves,With one or more moves during the previous 2 years,42,11
2025,Reporting year,Local authority,E92000001,England,E12000001,North East,391,Newcastle upon Tyne,E08000021,CLA 2 years on 31 March,Mid-year moves,Total children,387,100
2025,Reporting year,Local authority,E92000001,England,E12000001,North East,391,Newcastle upon Tyne,E08000021,CLA 2 years on 31 March,Mid-year moves,With one or more mid-year moves during the previous 2 years,31,8
2025,Reporting year,Local authority,E92000001,England,E12000001,North East,391,Newcastle upon Tyne,E08000021,CLA on 31 March,Any moves,Total children,469,100
2025,Reporting year,Local authority,E92000001,England,E12000001,North East,391,Newcastle upon Tyne,E08000021,CLA on 31 March,Any moves,With one or more moves during the year,29,6
2025,Reporting year,Local authority,E92000001,England,E12000001,North East,391,Newcastle upon Tyne,E08000021,CLA on 31 March,Mid-year moves,Total children,469,100
2025,Reporting year,Local authority,E92000001,England,E12000001,North East,391,Newcastle upon Tyne,E08000021,CLA on 31 March,Mid-year moves,With one or more mid-year moves during the year,24,5
2025,Reporting year,Local authority,E92000001,England,E12000001,North East,392,North Tyneside,E08000022,CLA 2 years on 31 March,Any moves,Total children,209,100
2025,Reporting year,Local authority,E92000001,England,E12000001,North East,392,North Tyneside,E08000022,CLA 2 years on 31 March,Any moves,With one or more moves during the previous 2 years,34,16
2025,Reporting year,Local authority,E92000001,England,E12000001,North East,392,North Tyneside,E08000022,CLA 2 years on 31 March,Mid-year moves,Total children,209,100
2025,Reporting year,Local authority,E92000001,England,E12000001,North East,392,North Tyneside,E08000022,CLA 2 years on 31 March,Mid-year moves,With one or more mid-year moves during the previous 2 years,20,10
2025,Reporting year,Local authority,E92000001,England,E12000001,North East,392,North Tyneside,E08000022,CLA on 31 March,Any moves,Total children,255,100
2025,Reporting year,Local authority,E92000001,England,E12000001,North East,392,North Tyneside,E08000022,CLA on 31 March,Any moves,With one or more moves during the year,27,11
2025,Reporting year,Local authority,E92000001,England,E12000001,North East,392,North Tyneside,E08000022,CLA on 31 March,Mid-year moves,Total children,255,100
2025,Reporting year,Local authority,E92000001,England,E12000001,North East,392,North Tyneside,E08000022,CLA on 31 March,Mid-year moves,With one or more mid-year moves during the year,14,5
2025,Reporting year,Local authority,E92000001,England,E12000001,North East,393,South Tyneside,E08000023,CLA 2 years on 31 March,Any moves,Total children,167,100
2025,Reporting year,Local authority,E92000001,England,E12000001,North East,393,South Tyneside,E08000023,CLA 2 years on 31 March,Any moves,With one or more moves during the previous 2 years,21,13
2025,Reporting year,Local authority,E92000001,England,E12000001,North East,393,South Tyneside,E08000023,CLA 2 years on 31 March,Mid-year moves,Total children,167,100
2025,Reporting year,Local authority,E92000001,England,E12000001,North East,393,South Tyneside,E08000023,CLA 2 years on 31 March,Mid-year moves,With one or more mid-year moves during the previous 2 years,15,9
2025,Reporting year,Local authority,E92000001,England,E12000001,North East,393,South Tyneside,E08000023,CLA on 31 March,Any moves,Total children,195,100
2025,Reporting year,Local authority,E92000001,England,E12000001,North East,393,South Tyneside,E08000023,CLA on 31 March,Any moves,With one or more moves during the year,9,5
2025,Reporting year,Local authority,E92000001,England,E12000001,North East,393,South Tyneside,E08000023,CLA on 31 March,Mid-year moves,Total children,195,100
2025,Reporting year,Local authority,E92000001,England,E12000001,North East,393,South Tyneside,E08000023,CLA on 31 March,Mid-year moves,With one or more mid-year moves during the year,6,3
2025,Reporting year,Local authority,E92000001,England,E12000001,North East,394,Sunderland,E08000024,CLA 2 years on 31 March,Any moves,Total children,301,100
2025,Reporting year,Local authority,E92000001,England,E12000001,North East,394,Sunderland,E08000024,CLA 2 years on 31 March,Any moves,With one or more moves during the previous 2 years,61,20
2025,Reporting year,Local authority,E92000001,England,E12000001,North East,394,Sunderland,E08000024,CLA 2 years on 31 March,Mid-year moves,Total children,301,100
2025,Reporting year,Local authority,E92000001,England,E12000001,North East,394,Sunderland,E08000024,CLA 2 years on 31 March,Mid-year moves,With one or more mid-year moves during the previous 2 years,46,15
2025,Reporting year,Local authority,E92000001,England,E12000001,North East,394,Sunderland,E08000024,CLA on 31 March,Any moves,Total children,352,100
2025,Reporting year,Local authority,E92000001,England,E12000001,North East,394,Sunderland,E08000024,CLA on 31 March,Any moves,With one or more moves during the year,39,11
2025,Reporting year,Local authority,E92000001,England,E12000001,North East,394,Sunderland,E08000024,CLA on 31 March,Mid-year moves,Total children,352,100
2025,Reporting year,Local authority,E92000001,England,E12000001,North East,394,Sunderland,E08000024,CLA on 31 March,Mid-year moves,With one or more mid-year moves during the year,28,8
2025,Reporting year,Local authority,E92000001,England,E12000001,North East,390,Gateshead,E08000037,CLA 2 years on 31 March,Any moves,Total children,313,100
2025,Reporting year,Local authority,E92000001,England,E12000001,North East,390,Gateshead,E08000037,CLA 2 years on 31 March,Any moves,With one or more moves during the previous 2 years,64,20
2025,Reporting year,Local authority,E92000001,England,E12000001,North East,390,Gateshead,E08000037,CLA 2 years on 31 March,Mid-year moves,Total children,313,100
2025,Reporting year,Local authority,E92000001,England,E12000001,North East,390,Gateshead,E08000037,CLA 2 years on 31 March,Mid-year moves,With one or more mid-year moves during the previous 2 years,45,14
2025,Reporting year,Local authority,E92000001,England,E12000001,North East,390,Gateshead,E08000037,CLA on 31 March,Any moves,Total children,371,100
2025,Reporting year,Local authority,E92000001,England,E12000001,North East,390,Gateshead,E08000037,CLA on 31 March,Any moves,With one or more moves during the year,40,11
2025,Reporting year,Local authority,E92000001,England,E12000001,North East,390,Gateshead,E08000037,CLA on 31 March,Mid-year moves,Total children,371,100
2025,Reporting year,Local authority,E92000001,England,E12000001,North East,390,Gateshead,E08000037,CLA on 31 March,Mid-year moves,With one or more mid-year moves during the year,27,7
2025,Reporting year,Local authority,E92000001,England,E12000002,North West,876,Halton,E06000006,CLA 2 years on 31 March,Any moves,Total children,214,100
2025,Reporting year,Local authority,E92000001,England,E12000002,North West,876,Halton,E06000006,CLA 2 years on 31 March,Any moves,With one or more moves during the previous 2 years,38,18
2025,Reporting year,Local authority,E92000001,England,E12000002,North West,876,Halton,E06000006,CLA 2 years on 31 March,Mid-year moves,Total children,214,100
2025,Reporting year,Local authority,E92000001,England,E12000002,North West,876,Halton,E06000006,CLA 2 years on 31 March,Mid-year moves,With one or more mid-year moves during the previous 2 years,23,11
2025,Reporting year,Local authority,E92000001,England,E12000002,North West,876,Halton,E06000006,CLA on 31 March,Any moves,Total children,236,100
2025,Reporting year,Local authority,E92000001,England,E12000002,North West,876,Halton,E06000006,CLA on 31 March,Any moves,With one or more moves during the year,22,9
2025,Reporting year,Local authority,E92000001,England,E12000002,North West,876,Halton,E06000006,CLA on 31 March,Mid-year moves,Total children,236,100
2025,Reporting year,Local authority,E92000001,England,E12000002,North West,876,Halton,E06000006,CLA on 31 March,Mid-year moves,With one or more mid-year moves during the year,14,6
2025,Reporting year,Local authority,E92000001,England,E12000002,North West,877,Warrington,E06000007,CLA 2 years on 31 March,Any moves,Total children,190,100
2025,Reporting year,Local authority,E92000001,England,E12000002,North West,877,Warrington,E06000007,CLA 2 years on 31 March,Any moves,With one or more moves during the previous 2 years,38,20
2025,Reporting year,Local authority,E92000001,England,E12000002,North West,877,Warrington,E06000007,CLA 2 years on 31 March,Mid-year moves,Total children,190,100
2025,Reporting year,Local authority,E92000001,England,E12000002,North West,877,Warrington,E06000007,CLA 2 years on 31 March,Mid-year moves,With one or more mid-year moves during the previous 2 years,27,14
2025,Reporting year,Local authority,E92000001,England,E12000002,North West,877,Warrington,E06000007,CLA on 31 March,Any moves,Total children,205,100
2025,Reporting year,Local authority,E92000001,England,E12000002,North West,877,Warrington,E06000007,CLA on 31 March,Any moves,With one or more moves during the year,24,12
2025,Reporting year,Local authority,E92000001,England,E12000002,North West,877,Warrington,E06000007,CLA on 31 March,Mid-year moves,Total children,205,100
2025,Reporting year,Local authority,E92000001,England,E12000002,North West,877,Warrington,E06000007,CLA on 31 March,Mid-year moves,With one or more mid-year moves during the year,17,8
2025,Reporting year,Local authority,E92000001,England,E12000002,North West,889,Blackburn with Darwen,E06000008,CLA 2 years on 31 March,Any moves,Total children,189,100
2025,Reporting year,Local authority,E92000001,England,E12000002,North West,889,Blackburn with Darwen,E06000008,CLA 2 years on 31 March,Any moves,With one or more moves during the previous 2 years,35,19
2025,Reporting year,Local authority,E92000001,England,E12000002,North West,889,Blackburn with Darwen,E06000008,CLA 2 years on 31 March,Mid-year moves,Total children,189,100
2025,Reporting year,Local authority,E92000001,England,E12000002,North West,889,Blackburn with Darwen,E06000008,CLA 2 years on 31 March,Mid-year moves,With one or more mid-year moves during the previous 2 years,23,12
2025,Reporting year,Local authority,E92000001,England,E12000002,North West,889,Blackburn with Darwen,E06000008,CLA on 31 March,Any moves,Total children,260,100
2025,Reporting year,Local authority,E92000001,England,E12000002,North West,889,Blackburn with Darwen,E06000008,CLA on 31 March,Any moves,With one or more moves during the year,32,12
2025,Reporting year,Local authority,E92000001,England,E12000002,North West,889,Blackburn with Darwen,E06000008,CLA on 31 March,Mid-year moves,Total children,260,100
2025,Reporting year,Local authority,E92000001,England,E12000002,North West,889,Blackburn with Darwen,E06000008,CLA on 31 March,Mid-year moves,With one or more mid-year moves during the year,21,8
2025,Reporting year,Local authority,E92000001,England,E12000002,North West,890,Blackpool,E06000009,CLA 2 years on 31 March,Any moves,Total children,296,100
2025,Reporting year,Local authority,E92000001,England,E12000002,North West,890,Blackpool,E06000009,CLA 2 years on 31 March,Any moves,With one or more moves during the previous 2 years,60,20
2025,Reporting year,Local authority,E92000001,England,E12000002,North West,890,Blackpool,E06000009,CLA 2 years on 31 March,Mid-year moves,Total children,296,100
2025,Reporting year,Local authority,E92000001,England,E12000002,North West,890,Blackpool,E06000009,CLA 2 years on 31 March,Mid-year moves,With one or more mid-year moves during the previous 2 years,44,15
2025,Reporting year,Local authority,E92000001,England,E12000002,North West,890,Blackpool,E06000009,CLA on 31 March,Any moves,Total children,334,100
2025,Reporting year,Local authority,E92000001,England,E12000002,North West,890,Blackpool,E06000009,CLA on 31 March,Any moves,With one or more moves during the year,45,13
2025,Reporting year,Local authority,E92000001,England,E12000002,North West,890,Blackpool,E06000009,CLA on 31 March,Mid-year moves,Total children,334,100
2025,Reporting year,Local authority,E92000001,England,E12000002,North West,890,Blackpool,E06000009,CLA on 31 March,Mid-year moves,With one or more mid-year moves during the year,26,8
2025,Reporting year,Local authority,E92000001,England,E12000002,North West,895,Cheshire East,E06000049,CLA 2 years on 31 March,Any moves,Total children,264,100
2025,Reporting year,Local authority,E92000001,England,E12000002,North West,895,Cheshire East,E06000049,CLA 2 years on 31 March,Any moves,With one or more moves during the previous 2 years,45,17
2025,Reporting year,Local authority,E92000001,England,E12000002,North West,895,Cheshire East,E06000049,CLA 2 years on 31 March,Mid-year moves,Total children,264,100
2025,Reporting year,Local authority,E92000001,England,E12000002,North West,895,Cheshire East,E06000049,CLA 2 years on 31 March,Mid-year moves,With one or more mid-year moves during the previous 2 years,33,13
2025,Reporting year,Local authority,E92000001,England,E12000002,North West,895,Cheshire East,E06000049,CLA on 31 March,Any moves,Total children,349,100
2025,Reporting year,Local authority,E92000001,England,E12000002,North West,895,Cheshire East,E06000049,CLA on 31 March,Any moves,With one or more moves during the year,32,9
2025,Reporting year,Local authority,E92000001,England,E12000002,North West,895,Cheshire East,E06000049,CLA on 31 March,Mid-year moves,Total children,349,100
2025,Reporting year,Local authority,E92000001,England,E12000002,North West,895,Cheshire East,E06000049,CLA on 31 March,Mid-year moves,With one or more mid-year moves during the year,23,7
2025,Reporting year,Local authority,E92000001,England,E12000002,North West,896,Cheshire West and Chester,E06000050,CLA 2 years on 31 March,Any moves,Total children,344,100
2025,Reporting year,Local authority,E92000001,England,E12000002,North West,896,Cheshire West and Chester,E06000050,CLA 2 years on 31 March,Any moves,With one or more moves during the previous 2 years,42,12
2025,Reporting year,Local authority,E92000001,England,E12000002,North West,896,Cheshire West and Chester,E06000050,CLA 2 years on 31 March,Mid-year moves,Total children,344,100
2025,Reporting year,Local authority,E92000001,England,E12000002,North West,896,Cheshire West and Chester,E06000050,CLA 2 years on 31 March,Mid-year moves,With one or more mid-year moves during the previous 2 years,34,10
2025,Reporting year,Local authority,E92000001,England,E12000002,North West,896,Cheshire West and Chester,E06000050,CLA on 31 March,Any moves,Total children,383,100
2025,Reporting year,Local authority,E92000001,England,E12000002,North West,896,Cheshire West and Chester,E06000050,CLA on 31 March,Any moves,With one or more moves during the year,31,8
2025,Reporting year,Local authority,E92000001,England,E12000002,North West,896,Cheshire West and Chester,E06000050,CLA on 31 March,Mid-year moves,Total children,383,100
2025,Reporting year,Local authority,E92000001,England,E12000002,North West,896,Cheshire West and Chester,E06000050,CLA on 31 March,Mid-year moves,With one or more mid-year moves during the year,22,6
2025,Reporting year,Local authority,E92000001,England,E12000002,North West,942,Cumberland,E06000063,CLA 2 years on 31 March,Any moves,Total children,232,100
2025,Reporting year,Local authority,E92000001,England,E12000002,North West,942,Cumberland,E06000063,CLA 2 years on 31 March,Any moves,With one or more moves during the previous 2 years,73,31
2025,Reporting year,Local authority,E92000001,England,E12000002,North West,942,Cumberland,E06000063,CLA 2 years on 31 March,Mid-year moves,Total children,232,100
2025,Reporting year,Local authority,E92000001,England,E12000002,North West,942,Cumberland,E06000063,CLA 2 years on 31 March,Mid-year moves,With one or more mid-year moves during the previous 2 years,55,24
2025,Reporting year,Local authority,E92000001,England,E12000002,North West,942,Cumberland,E06000063,CLA on 31 March,Any moves,Total children,289,100
2025,Reporting year,Local authority,E92000001,England,E12000002,North West,942,Cumberland,E06000063,CLA on 31 March,Any moves,With one or more moves during the year,49,17
2025,Reporting year,Local authority,E92000001,England,E12000002,North West,942,Cumberland,E06000063,CLA on 31 March,Mid-year moves,Total children,289,100
2025,Reporting year,Local authority,E92000001,England,E12000002,North West,942,Cumberland,E06000063,CLA on 31 March,Mid-year moves,With one or more mid-year moves during the year,40,14
2025,Reporting year,Local authority,E92000001,England,E12000002,North West,943,Westmorland and Furness,E06000064,CLA 2 years on 31 March,Any moves,Total children,132,100
2025,Reporting year,Local authority,E92000001,England,E12000002,North West,943,Westmorland and Furness,E06000064,CLA 2 years on 31 March,Any moves,With one or more moves during the previous 2 years,24,18
2025,Reporting year,Local authority,E92000001,England,E12000002,North West,943,Westmorland and Furness,E06000064,CLA 2 years on 31 March,Mid-year moves,Total children,132,100
2025,Reporting year,Local authority,E92000001,England,E12000002,North West,943,Westmorland and Furness,E06000064,CLA 2 years on 31 March,Mid-year moves,With one or more mid-year moves during the previous 2 years,14,11
2025,Reporting year,Local authority,E92000001,England,E12000002,North West,943,Westmorland and Furness,E06000064,CLA on 31 March,Any moves,Total children,158,100
2025,Reporting year,Local authority,E92000001,England,E12000002,North West,943,Westmorland and Furness,E06000064,CLA on 31 March,Any moves,With one or more moves during the year,16,10
2025,Reporting year,Local authority,E92000001,England,E12000002,North West,943,Westmorland and Furness,E06000064,CLA on 31 March,Mid-year moves,Total children,158,100
2025,Reporting year,Local authority,E92000001,England,E12000002,North West,943,Westmorland and Furness,E06000064,CLA on 31 March,Mid-year moves,With one or more mid-year moves during the year,11,7
2025,Reporting year,Local authority,E92000001,England,E12000002,North West,350,Bolton,E08000001,CLA 2 years on 31 March,Any moves,Total children,330,100
2025,Reporting year,Local authority,E92000001,England,E12000002,North West,350,Bolton,E08000001,CLA 2 years on 31 March,Any moves,With one or more moves during the previous 2 years,59,18
2025,Reporting year,Local authority,E92000001,England,E12000002,North West,350,Bolton,E08000001,CLA 2 years on 31 March,Mid-year moves,Total children,330,100
2025,Reporting year,Local authority,E92000001,England,E12000002,North West,350,Bolton,E08000001,CLA 2 years on 31 March,Mid-year moves,With one or more mid-year moves during the previous 2 years,38,12
2025,Reporting year,Local authority,E92000001,England,E12000002,North West,350,Bolton,E08000001,CLA on 31 March,Any moves,Total children,393,100
2025,Reporting year,Local authority,E92000001,England,E12000002,North West,350,Bolton,E08000001,CLA on 31 March,Any moves,With one or more moves during the year,33,8
2025,Reporting year,Local authority,E92000001,England,E12000002,North West,350,Bolton,E08000001,CLA on 31 March,Mid-year moves,Total children,393,100
2025,Reporting year,Local authority,E92000001,England,E12000002,North West,350,Bolton,E08000001,CLA on 31 March,Mid-year moves,With one or more mid-year moves during the year,16,4
2025,Reporting year,Local authority,E92000001,England,E12000002,North West,351,Bury,E08000002,CLA 2 years on 31 March,Any moves,Total children,200,100
2025,Reporting year,Local authority,E92000001,England,E12000002,North West,351,Bury,E08000002,CLA 2 years on 31 March,Any moves,With one or more moves during the previous 2 years,22,11
2025,Reporting year,Local authority,E92000001,England,E12000002,North West,351,Bury,E08000002,CLA 2 years on 31 March,Mid-year moves,Total children,200,100
2025,Reporting year,Local authority,E92000001,England,E12000002,North West,351,Bury,E08000002,CLA 2 years on 31 March,Mid-year moves,With one or more mid-year moves during the previous 2 years,17,9
2025,Reporting year,Local authority,E92000001,England,E12000002,North West,351,Bury,E08000002,CLA on 31 March,Any moves,Total children,235,100
2025,Reporting year,Local authority,E92000001,England,E12000002,North West,351,Bury,E08000002,CLA on 31 March,Any moves,With one or more moves during the year,18,8
2025,Reporting year,Local authority,E92000001,England,E12000002,North West,351,Bury,E08000002,CLA on 31 March,Mid-year moves,Total children,235,100
2025,Reporting year,Local authority,E92000001,England,E12000002,North West,351,Bury,E08000002,CLA on 31 March,Mid-year moves,With one or more mid-year moves during the year,12,5
2025,Reporting year,Local authority,E92000001,England,E12000002,North West,352,Manchester,E08000003,CLA 2 years on 31 March,Any moves,Total children,685,100
2025,Reporting year,Local authority,E92000001,England,E12000002,North West,352,Manchester,E08000003,CLA 2 years on 31 March,Any moves,With one or more moves during the previous 2 years,132,19
2025,Reporting year,Local authority,E92000001,England,E12000002,North West,352,Manchester,E08000003,CLA 2 years on 31 March,Mid-year moves,Total children,685,100
2025,Reporting year,Local authority,E92000001,England,E12000002,North West,352,Manchester,E08000003,CLA 2 years on 31 March,Mid-year moves,With one or more mid-year moves during the previous 2 years,78,11
2025,Reporting year,Local authority,E92000001,England,E12000002,North West,352,Manchester,E08000003,CLA on 31 March,Any moves,Total children,761,100
2025,Reporting year,Local authority,E92000001,England,E12000002,North West,352,Manchester,E08000003,CLA on 31 March,Any moves,With one or more moves during the year,82,11
2025,Reporting year,Local authority,E92000001,England,E12000002,North West,352,Manchester,E08000003,CLA on 31 March,Mid-year moves,Total children,761,100
2025,Reporting year,Local authority,E92000001,England,E12000002,North West,352,Manchester,E08000003,CLA on 31 March,Mid-year moves,With one or more mid-year moves during the year,46,6
2025,Reporting year,Local authority,E92000001,England,E12000002,North West,353,Oldham,E08000004,CLA 2 years on 31 March,Any moves,Total children,329,100
2025,Reporting year,Local authority,E92000001,England,E12000002,North West,353,Oldham,E08000004,CLA 2 years on 31 March,Any moves,With one or more moves during the previous 2 years,44,13
2025,Reporting year,Local authority,E92000001,England,E12000002,North West,353,Oldham,E08000004,CLA 2 years on 31 March,Mid-year moves,Total children,329,100
2025,Reporting year,Local authority,E92000001,England,E12000002,North West,353,Oldham,E08000004,CLA 2 years on 31 March,Mid-year moves,With one or more mid-year moves during the previous 2 years,29,9
2025,Reporting year,Local authority,E92000001,England,E12000002,North West,353,Oldham,E08000004,CLA on 31 March,Any moves,Total children,387,100
2025,Reporting year,Local authority,E92000001,England,E12000002,North West,353,Oldham,E08000004,CLA on 31 March,Any moves,With one or more moves during the year,32,8
2025,Reporting year,Local authority,E92000001,England,E12000002,North West,353,Oldham,E08000004,CLA on 31 March,Mid-year moves,Total children,387,100
2025,Reporting year,Local authority,E92000001,England,E12000002,North West,353,Oldham,E08000004,CLA on 31 March,Mid-year moves,With one or more mid-year moves during the year,23,6
2025,Reporting year,Local authority,E92000001,England,E12000002,North West,354,Rochdale,E08000005,CLA 2 years on 31 March,Any moves,Total children,370,100
2025,Reporting year,Local authority,E92000001,England,E12000002,North West,354,Rochdale,E08000005,CLA 2 years on 31 March,Any moves,With one or more moves during the previous 2 years,59,16
2025,Reporting year,Local authority,E92000001,England,E12000002,North West,354,Rochdale,E08000005,CLA 2 years on 31 March,Mid-year moves,Total children,370,100
2025,Reporting year,Local authority,E92000001,England,E12000002,North West,354,Rochdale,E08000005,CLA 2 years on 31 March,Mid-year moves,With one or more mid-year moves during the previous 2 years,41,11
2025,Reporting year,Local authority,E92000001,England,E12000002,North West,354,Rochdale,E08000005,CLA on 31 March,Any moves,Total children,421,100
2025,Reporting year,Local authority,E92000001,England,E12000002,North West,354,Rochdale,E08000005,CLA on 31 March,Any moves,With one or more moves during the year,42,10
2025,Reporting year,Local authority,E92000001,England,E12000002,North West,354,Rochdale,E08000005,CLA on 31 March,Mid-year moves,Total children,421,100
2025,Reporting year,Local authority,E92000001,England,E12000002,North West,354,Rochdale,E08000005,CLA on 31 March,Mid-year moves,With one or more mid-year moves during the year,31,7
2025,Reporting year,Local authority,E92000001,England,E12000002,North West,355,Salford,E08000006,CLA 2 years on 31 March,Any moves,Total children,350,100
2025,Reporting year,Local authority,E92000001,England,E12000002,North West,355,Salford,E08000006,CLA 2 years on 31 March,Any moves,With one or more moves during the previous 2 years,63,18
2025,Reporting year,Local authority,E92000001,England,E12000002,North West,355,Salford,E08000006,CLA 2 years on 31 March,Mid-year moves,Total children,350,100
2025,Reporting year,Local authority,E92000001,England,E12000002,North West,355,Salford,E08000006,CLA 2 years on 31 March,Mid-year moves,With one or more mid-year moves during the previous 2 years,43,12
2025,Reporting year,Local authority,E92000001,England,E12000002,North West,355,Salford,E08000006,CLA on 31 March,Any moves,Total children,386,100
2025,Reporting year,Local authority,E92000001,England,E12000002,North West,355,Salford,E08000006,CLA on 31 March,Any moves,With one or more moves during the year,41,11
2025,Reporting year,Local authority,E92000001,England,E12000002,North West,355,Salford,E08000006,CLA on 31 March,Mid-year moves,Total children,386,100
2025,Reporting year,Local authority,E92000001,England,E12000002,North West,355,Salford,E08000006,CLA on 31 March,Mid-year moves,With one or more mid-year moves during the year,29,8
2025,Reporting year,Local authority,E92000001,England,E12000002,North West,356,Stockport,E08000007,CLA 2 years on 31 March,Any moves,Total children,291,100
2025,Reporting year,Local authority,E92000001,England,E12000002,North West,356,Stockport,E08000007,CLA 2 years on 31 March,Any moves,With one or more moves during the previous 2 years,52,18
2025,Reporting year,Local authority,E92000001,England,E12000002,North West,356,Stockport,E08000007,CLA 2 years on 31 March,Mid-year moves,Total children,291,100
2025,Reporting year,Local authority,E92000001,England,E12000002,North West,356,Stockport,E08000007,CLA 2 years on 31 March,Mid-year moves,With one or more mid-year moves during the previous 2 years,31,11
2025,Reporting year,Local authority,E92000001,England,E12000002,North West,356,Stockport,E08000007,CLA on 31 March,Any moves,Total children,341,100
2025,Reporting year,Local authority,E92000001,England,E12000002,North West,356,Stockport,E08000007,CLA on 31 March,Any moves,With one or more moves during the year,35,10
2025,Reporting year,Local authority,E92000001,England,E12000002,North West,356,Stockport,E08000007,CLA on 31 March,Mid-year moves,Total children,341,100
2025,Reporting year,Local authority,E92000001,England,E12000002,North West,356,Stockport,E08000007,CLA on 31 March,Mid-year moves,With one or more mid-year moves during the year,18,5
2025,Reporting year,Local authority,E92000001,England,E12000002,North West,357,Tameside,E08000008,CLA 2 years on 31 March,Any moves,Total children,366,100
2025,Reporting year,Local authority,E92000001,England,E12000002,North West,357,Tameside,E08000008,CLA 2 years on 31 March,Any moves,With one or more moves during the previous 2 years,75,20
2025,Reporting year,Local authority,E92000001,England,E12000002,North West,357,Tameside,E08000008,CLA 2 years on 31 March,Mid-year moves,Total children,366,100
2025,Reporting year,Local authority,E92000001,England,E12000002,North West,357,Tameside,E08000008,CLA 2 years on 31 March,Mid-year moves,With one or more mid-year moves during the previous 2 years,49,13
2025,Reporting year,Local authority,E92000001,England,E12000002,North West,357,Tameside,E08000008,CLA on 31 March,Any moves,Total children,444,100
2025,Reporting year,Local authority,E92000001,England,E12000002,North West,357,Tameside,E08000008,CLA on 31 March,Any moves,With one or more moves during the year,61,14
2025,Reporting year,Local authority,E92000001,England,E12000002,North West,357,Tameside,E08000008,CLA on 31 March,Mid-year moves,Total children,444,100
2025,Reporting year,Local authority,E92000001,England,E12000002,North West,357,Tameside,E08000008,CLA on 31 March,Mid-year moves,With one or more mid-year moves during the year,36,8
2025,Reporting year,Local authority,E92000001,England,E12000002,North West,358,Trafford,E08000009,CLA 2 years on 31 March,Any moves,Total children,212,100
2025,Reporting year,Local authority,E92000001,England,E12000002,North West,358,Trafford,E08000009,CLA 2 years on 31 March,Any moves,With one or more moves during the previous 2 years,17,8
2025,Reporting year,Local authority,E92000001,England,E12000002,North West,358,Trafford,E08000009,CLA 2 years on 31 March,Mid-year moves,Total children,212,100
2025,Reporting year,Local authority,E92000001,England,E12000002,North West,358,Trafford,E08000009,CLA 2 years on 31 March,Mid-year moves,With one or more mid-year moves during the previous 2 years,10,5
2025,Reporting year,Local authority,E92000001,England,E12000002,North West,358,Trafford,E08000009,CLA on 31 March,Any moves,Total children,229,100
2025,Reporting year,Local authority,E92000001,England,E12000002,North West,358,Trafford,E08000009,CLA on 31 March,Any moves,With one or more moves during the year,13,6
2025,Reporting year,Local authority,E92000001,England,E12000002,North West,358,Trafford,E08000009,CLA on 31 March,Mid-year moves,Total children,229,100
2025,Reporting year,Local authority,E92000001,England,E12000002,North West,358,Trafford,E08000009,CLA on 31 March,Mid-year moves,With one or more mid-year moves during the year,7,3
2025,Reporting year,Local authority,E92000001,England,E12000002,North West,359,Wigan,E08000010,CLA 2 years on 31 March,Any moves,Total children,415,100
2025,Reporting year,Local authority,E92000001,England,E12000002,North West,359,Wigan,E08000010,CLA 2 years on 31 March,Any moves,With one or more moves during the previous 2 years,60,14
2025,Reporting year,Local authority,E92000001,England,E12000002,North West,359,Wigan,E08000010,CLA 2 years on 31 March,Mid-year moves,Total children,415,100
2025,Reporting year,Local authority,E92000001,England,E12000002,North West,359,Wigan,E08000010,CLA 2 years on 31 March,Mid-year moves,With one or more mid-year moves during the previous 2 years,41,10
2025,Reporting year,Local authority,E92000001,England,E12000002,North West,359,Wigan,E08000010,CLA on 31 March,Any moves,Total children,460,100
2025,Reporting year,Local authority,E92000001,England,E12000002,North West,359,Wigan,E08000010,CLA on 31 March,Any moves,With one or more moves during the year,31,7
2025,Reporting year,Local authority,E92000001,England,E12000002,North West,359,Wigan,E08000010,CLA on 31 March,Mid-year moves,Total children,460,100
2025,Reporting year,Local authority,E92000001,England,E12000002,North West,359,Wigan,E08000010,CLA on 31 March,Mid-year moves,With one or more mid-year moves during the year,25,5
2025,Reporting year,Local authority,E92000001,England,E12000002,North West,340,Knowsley,E08000011,CLA 2 years on 31 March,Any moves,Total children,197,100
2025,Reporting year,Local authority,E92000001,England,E12000002,North West,340,Knowsley,E08000011,CLA 2 years on 31 March,Any moves,With one or more moves during the previous 2 years,23,12
2025,Reporting year,Local authority,E92000001,England,E12000002,North West,340,Knowsley,E08000011,CLA 2 years on 31 March,Mid-year moves,Total children,197,100
2025,Reporting year,Local authority,E92000001,England,E12000002,North West,340,Knowsley,E08000011,CLA 2 years on 31 March,Mid-year moves,With one or more mid-year moves during the previous 2 years,15,8
2025,Reporting year,Local authority,E92000001,England,E12000002,North West,340,Knowsley,E08000011,CLA on 31 March,Any moves,Total children,223,100
2025,Reporting year,Local authority,E92000001,England,E12000002,North West,340,Knowsley,E08000011,CLA on 31 March,Any moves,With one or more moves during the year,13,6
2025,Reporting year,Local authority,E92000001,England,E12000002,North West,340,Knowsley,E08000011,CLA on 31 March,Mid-year moves,Total children,223,100
2025,Reporting year,Local authority,E92000001,England,E12000002,North West,340,Knowsley,E08000011,CLA on 31 March,Mid-year moves,With one or more mid-year moves during the year,7,3
2025,Reporting year,Local authority,E92000001,England,E12000002,North West,341,Liverpool,E08000012,CLA 2 years on 31 March,Any moves,Total children,905,100
2025,Reporting year,Local authority,E92000001,England,E12000002,North West,341,Liverpool,E08000012,CLA 2 years on 31 March,Any moves,With one or more moves during the previous 2 years,135,15
2025,Reporting year,Local authority,E92000001,England,E12000002,North West,341,Liverpool,E08000012,CLA 2 years on 31 March,Mid-year moves,Total children,905,100
2025,Reporting year,Local authority,E92000001,England,E12000002,North West,341,Liverpool,E08000012,CLA 2 years on 31 March,Mid-year moves,With one or more mid-year moves during the previous 2 years,84,9
2025,Reporting year,Local authority,E92000001,England,E12000002,North West,341,Liverpool,E08000012,CLA on 31 March,Any moves,Total children,977,100
2025,Reporting year,Local authority,E92000001,England,E12000002,North West,341,Liverpool,E08000012,CLA on 31 March,Any moves,With one or more moves during the year,71,7
2025,Reporting year,Local authority,E92000001,England,E12000002,North West,341,Liverpool,E08000012,CLA on 31 March,Mid-year moves,Total children,977,100
2025,Reporting year,Local authority,E92000001,England,E12000002,North West,341,Liverpool,E08000012,CLA on 31 March,Mid-year moves,With one or more mid-year moves during the year,51,5
2025,Reporting year,Local authority,E92000001,England,E12000002,North West,342,St. Helens,E08000013,CLA 2 years on 31 March,Any moves,Total children,286,100
2025,Reporting year,Local authority,E92000001,England,E12000002,North West,342,St. Helens,E08000013,CLA 2 years on 31 March,Any moves,With one or more moves during the previous 2 years,45,16
2025,Reporting year,Local authority,E92000001,England,E12000002,North West,342,St. Helens,E08000013,CLA 2 years on 31 March,Mid-year moves,Total children,286,100
2025,Reporting year,Local authority,E92000001,England,E12000002,North West,342,St. Helens,E08000013,CLA 2 years on 31 March,Mid-year moves,With one or more mid-year moves during the previous 2 years,36,13
2025,Reporting year,Local authority,E92000001,England,E12000002,North West,342,St. Helens,E08000013,CLA on 31 March,Any moves,Total children,311,100
2025,Reporting year,Local authority,E92000001,England,E12000002,North West,342,St. Helens,E08000013,CLA on 31 March,Any moves,With one or more moves during the year,23,7
2025,Reporting year,Local authority,E92000001,England,E12000002,North West,342,St. Helens,E08000013,CLA on 31 March,Mid-year moves,Total children,311,100
2025,Reporting year,Local authority,E92000001,England,E12000002,North West,342,St. Helens,E08000013,CLA on 31 March,Mid-year moves,With one or more mid-year moves during the year,19,6
2025,Reporting year,Local authority,E92000001,England,E12000002,North West,343,Sefton,E08000014,CLA 2 years on 31 March,Any moves,Total children,319,100
2025,Reporting year,Local authority,E92000001,England,E12000002,North West,343,Sefton,E08000014,CLA 2 years on 31 March,Any moves,With one or more moves during the previous 2 years,49,15
2025,Reporting year,Local authority,E92000001,England,E12000002,North West,343,Sefton,E08000014,CLA 2 years on 31 March,Mid-year moves,Total children,319,100
2025,Reporting year,Local authority,E92000001,England,E12000002,North West,343,Sefton,E08000014,CLA 2 years on 31 March,Mid-year moves,With one or more mid-year moves during the previous 2 years,28,9
2025,Reporting year,Local authority,E92000001,England,E12000002,North West,343,Sefton,E08000014,CLA on 31 March,Any moves,Total children,356,100
2025,Reporting year,Local authority,E92000001,England,E12000002,North West,343,Sefton,E08000014,CLA on 31 March,Any moves,With one or more moves during the year,29,8
2025,Reporting year,Local authority,E92000001,England,E12000002,North West,343,Sefton,E08000014,CLA on 31 March,Mid-year moves,Total children,356,100
2025,Reporting year,Local authority,E92000001,England,E12000002,North West,343,Sefton,E08000014,CLA on 31 March,Mid-year moves,With one or more mid-year moves during the year,20,6
2025,Reporting year,Local authority,E92000001,England,E12000002,North West,344,Wirral,E08000015,CLA 2 years on 31 March,Any moves,Total children,491,100
2025,Reporting year,Local authority,E92000001,England,E12000002,North West,344,Wirral,E08000015,CLA 2 years on 31 March,Any moves,With one or more moves during the previous 2 years,51,10
2025,Reporting year,Local authority,E92000001,England,E12000002,North West,344,Wirral,E08000015,CLA 2 years on 31 March,Mid-year moves,Total children,491,100
2025,Reporting year,Local authority,E92000001,England,E12000002,North West,344,Wirral,E08000015,CLA 2 years on 31 March,Mid-year moves,With one or more mid-year moves during the previous 2 years,26,5
2025,Reporting year,Local authority,E92000001,England,E12000002,North West,344,Wirral,E08000015,CLA on 31 March,Any moves,Total children,499,100
2025,Reporting year,Local authority,E92000001,England,E12000002,North West,344,Wirral,E08000015,CLA on 31 March,Any moves,With one or more moves during the year,39,8
2025,Reporting year,Local authority,E92000001,England,E12000002,North West,344,Wirral,E08000015,CLA on 31 March,Mid-year moves,Total children,499,100
2025,Reporting year,Local authority,E92000001,England,E12000002,North West,344,Wirral,E08000015,CLA on 31 March,Mid-year moves,With one or more mid-year moves during the year,19,4
2025,Reporting year,Local authority,E92000001,England,E12000002,North West,909,Cumbria,E10000006,CLA 2 years on 31 March,Any moves,Total children,z,z
2025,Reporting year,Local authority,E92000001,England,E12000002,North West,909,Cumbria,E10000006,CLA 2 years on 31 March,Any moves,With one or more moves during the previous 2 years,z,z
2025,Reporting year,Local authority,E92000001,England,E12000002,North West,909,Cumbria,E10000006,CLA 2 years on 31 March,Mid-year moves,Total children,z,z
2025,Reporting year,Local authority,E92000001,England,E12000002,North West,909,Cumbria,E10000006,CLA 2 years on 31 March,Mid-year moves,With one or more mid-year moves during the previous 2 years,z,z
2025,Reporting year,Local authority,E92000001,England,E12000002,North West,909,Cumbria,E10000006,CLA on 31 March,Any moves,Total children,z,z
2025,Reporting year,Local authority,E92000001,England,E12000002,North West,909,Cumbria,E10000006,CLA on 31 March,Any moves,With one or more moves during the year,z,z
2025,Reporting year,Local authority,E92000001,England,E12000002,North West,909,Cumbria,E10000006,CLA on 31 March,Mid-year moves,Total children,z,z
2025,Reporting year,Local authority,E92000001,England,E12000002,North West,909,Cumbria,E10000006,CLA on 31 March,Mid-year moves,With one or more mid-year moves during the year,z,z
2025,Reporting year,Local authority,E92000001,England,E12000002,North West,888,Lancashire,E10000017,CLA 2 years on 31 March,Any moves,Total children,1100,100
2025,Reporting year,Local authority,E92000001,England,E12000002,North West,888,Lancashire,E10000017,CLA 2 years on 31 March,Any moves,With one or more moves during the previous 2 years,158,14
2025,Reporting year,Local authority,E92000001,England,E12000002,North West,888,Lancashire,E10000017,CLA 2 years on 31 March,Mid-year moves,Total children,1100,100
2025,Reporting year,Local authority,E92000001,England,E12000002,North West,888,Lancashire,E10000017,CLA 2 years on 31 March,Mid-year moves,With one or more mid-year moves during the previous 2 years,109,10
2025,Reporting year,Local authority,E92000001,England,E12000002,North West,888,Lancashire,E10000017,CLA on 31 March,Any moves,Total children,1182,100
2025,Reporting year,Local authority,E92000001,England,E12000002,North West,888,Lancashire,E10000017,CLA on 31 March,Any moves,With one or more moves during the year,88,7
2025,Reporting year,Local authority,E92000001,England,E12000002,North West,888,Lancashire,E10000017,CLA on 31 March,Mid-year moves,Total children,1182,100
2025,Reporting year,Local authority,E92000001,England,E12000002,North West,888,Lancashire,E10000017,CLA on 31 March,Mid-year moves,With one or more mid-year moves during the year,65,5
2025,Reporting year,Local authority,E92000001,England,E12000003,Yorkshire and The Humber,810,"Kingston upon Hull, City of",E06000010,CLA 2 years on 31 March,Any moves,Total children,424,100
2025,Reporting year,Local authority,E92000001,England,E12000003,Yorkshire and The Humber,810,"Kingston upon Hull, City of",E06000010,CLA 2 years on 31 March,Any moves,With one or more moves during the previous 2 years,78,18
2025,Reporting year,Local authority,E92000001,England,E12000003,Yorkshire and The Humber,810,"Kingston upon Hull, City of",E06000010,CLA 2 years on 31 March,Mid-year moves,Total children,424,100
2025,Reporting year,Local authority,E92000001,England,E12000003,Yorkshire and The Humber,810,"Kingston upon Hull, City of",E06000010,CLA 2 years on 31 March,Mid-year moves,With one or more mid-year moves during the previous 2 years,53,13
2025,Reporting year,Local authority,E92000001,England,E12000003,Yorkshire and The Humber,810,"Kingston upon Hull, City of",E06000010,CLA on 31 March,Any moves,Total children,515,100
2025,Reporting year,Local authority,E92000001,England,E12000003,Yorkshire and The Humber,810,"Kingston upon Hull, City of",E06000010,CLA on 31 March,Any moves,With one or more moves during the year,56,11
2025,Reporting year,Local authority,E92000001,England,E12000003,Yorkshire and The Humber,810,"Kingston upon Hull, City of",E06000010,CLA on 31 March,Mid-year moves,Total children,515,100
2025,Reporting year,Local authority,E92000001,England,E12000003,Yorkshire and The Humber,810,"Kingston upon Hull, City of",E06000010,CLA on 31 March,Mid-year moves,With one or more mid-year moves during the year,41,8
2025,Reporting year,Local authority,E92000001,England,E12000003,Yorkshire and The Humber,811,East Riding of Yorkshire,E06000011,CLA 2 years on 31 March,Any moves,Total children,186,100
2025,Reporting year,Local authority,E92000001,England,E12000003,Yorkshire and The Humber,811,East Riding of Yorkshire,E06000011,CLA 2 years on 31 March,Any moves,With one or more moves during the previous 2 years,41,22
2025,Reporting year,Local authority,E92000001,England,E12000003,Yorkshire and The Humber,811,East Riding of Yorkshire,E06000011,CLA 2 years on 31 March,Mid-year moves,Total children,186,100
2025,Reporting year,Local authority,E92000001,England,E12000003,Yorkshire and The Humber,811,East Riding of Yorkshire,E06000011,CLA 2 years on 31 March,Mid-year moves,With one or more mid-year moves during the previous 2 years,27,15
2025,Reporting year,Local authority,E92000001,England,E12000003,Yorkshire and The Humber,811,East Riding of Yorkshire,E06000011,CLA on 31 March,Any moves,Total children,215,100
2025,Reporting year,Local authority,E92000001,England,E12000003,Yorkshire and The Humber,811,East Riding of Yorkshire,E06000011,CLA on 31 March,Any moves,With one or more moves during the year,27,13
2025,Reporting year,Local authority,E92000001,England,E12000003,Yorkshire and The Humber,811,East Riding of Yorkshire,E06000011,CLA on 31 March,Mid-year moves,Total children,215,100
2025,Reporting year,Local authority,E92000001,England,E12000003,Yorkshire and The Humber,811,East Riding of Yorkshire,E06000011,CLA on 31 March,Mid-year moves,With one or more mid-year moves during the year,17,8
2025,Reporting year,Local authority,E92000001,England,E12000003,Yorkshire and The Humber,812,North East Lincolnshire,E06000012,CLA 2 years on 31 March,Any moves,Total children,283,100
2025,Reporting year,Local authority,E92000001,England,E12000003,Yorkshire and The Humber,812,North East Lincolnshire,E06000012,CLA 2 years on 31 March,Any moves,With one or more moves during the previous 2 years,63,22
2025,Reporting year,Local authority,E92000001,England,E12000003,Yorkshire and The Humber,812,North East Lincolnshire,E06000012,CLA 2 years on 31 March,Mid-year moves,Total children,283,100
2025,Reporting year,Local authority,E92000001,England,E12000003,Yorkshire and The Humber,812,North East Lincolnshire,E06000012,CLA 2 years on 31 March,Mid-year moves,With one or more mid-year moves during the previous 2 years,48,17
2025,Reporting year,Local authority,E92000001,England,E12000003,Yorkshire and The Humber,812,North East Lincolnshire,E06000012,CLA on 31 March,Any moves,Total children,297,100
2025,Reporting year,Local authority,E92000001,England,E12000003,Yorkshire and The Humber,812,North East Lincolnshire,E06000012,CLA on 31 March,Any moves,With one or more moves during the year,37,12
2025,Reporting year,Local authority,E92000001,England,E12000003,Yorkshire and The Humber,812,North East Lincolnshire,E06000012,CLA on 31 March,Mid-year moves,Total children,297,100
2025,Reporting year,Local authority,E92000001,England,E12000003,Yorkshire and The Humber,812,North East Lincolnshire,E06000012,CLA on 31 March,Mid-year moves,With one or more mid-year moves during the year,24,8
2025,Reporting year,Local authority,E92000001,England,E12000003,Yorkshire and The Humber,813,North Lincolnshire,E06000013,CLA 2 years on 31 March,Any moves,Total children,109,100
2025,Reporting year,Local authority,E92000001,England,E12000003,Yorkshire and The Humber,813,North Lincolnshire,E06000013,CLA 2 years on 31 March,Any moves,With one or more moves during the previous 2 years,12,11
2025,Reporting year,Local authority,E92000001,England,E12000003,Yorkshire and The Humber,813,North Lincolnshire,E06000013,CLA 2 years on 31 March,Mid-year moves,Total children,109,100
2025,Reporting year,Local authority,E92000001,England,E12000003,Yorkshire and The Humber,813,North Lincolnshire,E06000013,CLA 2 years on 31 March,Mid-year moves,With one or more mid-year moves during the previous 2 years,10,9
2025,Reporting year,Local authority,E92000001,England,E12000003,Yorkshire and The Humber,813,North Lincolnshire,E06000013,CLA on 31 March,Any moves,Total children,134,100
2025,Reporting year,Local authority,E92000001,England,E12000003,Yorkshire and The Humber,813,North Lincolnshire,E06000013,CLA on 31 March,Any moves,With one or more moves during the year,7,5
2025,Reporting year,Local authority,E92000001,England,E12000003,Yorkshire and The Humber,813,North Lincolnshire,E06000013,CLA on 31 March,Mid-year moves,Total children,134,100
2025,Reporting year,Local authority,E92000001,England,E12000003,Yorkshire and The Humber,813,North Lincolnshire,E06000013,CLA on 31 March,Mid-year moves,With one or more mid-year moves during the year,6,4
2025,Reporting year,Local authority,E92000001,England,E12000003,Yorkshire and The Humber,816,York,E06000014,CLA 2 years on 31 March,Any moves,Total children,141,100
2025,Reporting year,Local authority,E92000001,England,E12000003,Yorkshire and The Humber,816,York,E06000014,CLA 2 years on 31 March,Any moves,With one or more moves during the previous 2 years,26,18
2025,Reporting year,Local authority,E92000001,England,E12000003,Yorkshire and The Humber,816,York,E06000014,CLA 2 years on 31 March,Mid-year moves,Total children,141,100
2025,Reporting year,Local authority,E92000001,England,E12000003,Yorkshire and The Humber,816,York,E06000014,CLA 2 years on 31 March,Mid-year moves,With one or more mid-year moves during the previous 2 years,19,13
2025,Reporting year,Local authority,E92000001,England,E12000003,Yorkshire and The Humber,816,York,E06000014,CLA on 31 March,Any moves,Total children,164,100
2025,Reporting year,Local authority,E92000001,England,E12000003,Yorkshire and The Humber,816,York,E06000014,CLA on 31 March,Any moves,With one or more moves during the year,20,12
2025,Reporting year,Local authority,E92000001,England,E12000003,Yorkshire and The Humber,816,York,E06000014,CLA on 31 March,Mid-year moves,Total children,164,100
2025,Reporting year,Local authority,E92000001,England,E12000003,Yorkshire and The Humber,816,York,E06000014,CLA on 31 March,Mid-year moves,With one or more mid-year moves during the year,12,7
2025,Reporting year,Local authority,E92000001,England,E12000003,Yorkshire and The Humber,815,North Yorkshire,E06000065,CLA 2 years on 31 March,Any moves,Total children,266,100
2025,Reporting year,Local authority,E92000001,England,E12000003,Yorkshire and The Humber,815,North Yorkshire,E06000065,CLA 2 years on 31 March,Any moves,With one or more moves during the previous 2 years,72,27
2025,Reporting year,Local authority,E92000001,England,E12000003,Yorkshire and The Humber,815,North Yorkshire,E06000065,CLA 2 years on 31 March,Mid-year moves,Total children,266,100
2025,Reporting year,Local authority,E92000001,England,E12000003,Yorkshire and The Humber,815,North Yorkshire,E06000065,CLA 2 years on 31 March,Mid-year moves,With one or more mid-year moves during the previous 2 years,58,22
2025,Reporting year,Local authority,E92000001,England,E12000003,Yorkshire and The Humber,815,North Yorkshire,E06000065,CLA on 31 March,Any moves,Total children,326,100
2025,Reporting year,Local authority,E92000001,England,E12000003,Yorkshire and The Humber,815,North Yorkshire,E06000065,CLA on 31 March,Any moves,With one or more moves during the year,42,13
2025,Reporting year,Local authority,E92000001,England,E12000003,Yorkshire and The Humber,815,North Yorkshire,E06000065,CLA on 31 March,Mid-year moves,Total children,326,100
2025,Reporting year,Local authority,E92000001,England,E12000003,Yorkshire and The Humber,815,North Yorkshire,E06000065,CLA on 31 March,Mid-year moves,With one or more mid-year moves during the year,30,9
2025,Reporting year,Local authority,E92000001,England,E12000003,Yorkshire and The Humber,370,Barnsley,E08000016,CLA 2 years on 31 March,Any moves,Total children,183,100
2025,Reporting year,Local authority,E92000001,England,E12000003,Yorkshire and The Humber,370,Barnsley,E08000016,CLA 2 years on 31 March,Any moves,With one or more moves during the previous 2 years,38,21
2025,Reporting year,Local authority,E92000001,England,E12000003,Yorkshire and The Humber,370,Barnsley,E08000016,CLA 2 years on 31 March,Mid-year moves,Total children,183,100
2025,Reporting year,Local authority,E92000001,England,E12000003,Yorkshire and The Humber,370,Barnsley,E08000016,CLA 2 years on 31 March,Mid-year moves,With one or more mid-year moves during the previous 2 years,28,15
2025,Reporting year,Local authority,E92000001,England,E12000003,Yorkshire and The Humber,370,Barnsley,E08000016,CLA on 31 March,Any moves,Total children,240,100
2025,Reporting year,Local authority,E92000001,England,E12000003,Yorkshire and The Humber,370,Barnsley,E08000016,CLA on 31 March,Any moves,With one or more moves during the year,24,10
2025,Reporting year,Local authority,E92000001,England,E12000003,Yorkshire and The Humber,370,Barnsley,E08000016,CLA on 31 March,Mid-year moves,Total children,240,100
2025,Reporting year,Local authority,E92000001,England,E12000003,Yorkshire and The Humber,370,Barnsley,E08000016,CLA on 31 March,Mid-year moves,With one or more mid-year moves during the year,17,7
2025,Reporting year,Local authority,E92000001,England,E12000003,Yorkshire and The Humber,371,Doncaster,E08000017,CLA 2 years on 31 March,Any moves,Total children,241,100
2025,Reporting year,Local authority,E92000001,England,E12000003,Yorkshire and The Humber,371,Doncaster,E08000017,CLA 2 years on 31 March,Any moves,With one or more moves during the previous 2 years,46,19
2025,Reporting year,Local authority,E92000001,England,E12000003,Yorkshire and The Humber,371,Doncaster,E08000017,CLA 2 years on 31 March,Mid-year moves,Total children,241,100
2025,Reporting year,Local authority,E92000001,England,E12000003,Yorkshire and The Humber,371,Doncaster,E08000017,CLA 2 years on 31 March,Mid-year moves,With one or more mid-year moves during the previous 2 years,27,11
2025,Reporting year,Local authority,E92000001,England,E12000003,Yorkshire and The Humber,371,Doncaster,E08000017,CLA on 31 March,Any moves,Total children,308,100
2025,Reporting year,Local authority,E92000001,England,E12000003,Yorkshire and The Humber,371,Doncaster,E08000017,CLA on 31 March,Any moves,With one or more moves during the year,33,11
2025,Reporting year,Local authority,E92000001,England,E12000003,Yorkshire and The Humber,371,Doncaster,E08000017,CLA on 31 March,Mid-year moves,Total children,308,100
2025,Reporting year,Local authority,E92000001,England,E12000003,Yorkshire and The Humber,371,Doncaster,E08000017,CLA on 31 March,Mid-year moves,With one or more mid-year moves during the year,18,6
2025,Reporting year,Local authority,E92000001,England,E12000003,Yorkshire and The Humber,372,Rotherham,E08000018,CLA 2 years on 31 March,Any moves,Total children,284,100
2025,Reporting year,Local authority,E92000001,England,E12000003,Yorkshire and The Humber,372,Rotherham,E08000018,CLA 2 years on 31 March,Any moves,With one or more moves during the previous 2 years,51,18
2025,Reporting year,Local authority,E92000001,England,E12000003,Yorkshire and The Humber,372,Rotherham,E08000018,CLA 2 years on 31 March,Mid-year moves,Total children,284,100
2025,Reporting year,Local authority,E92000001,England,E12000003,Yorkshire and The Humber,372,Rotherham,E08000018,CLA 2 years on 31 March,Mid-year moves,With one or more mid-year moves during the previous 2 years,34,12
2025,Reporting year,Local authority,E92000001,England,E12000003,Yorkshire and The Humber,372,Rotherham,E08000018,CLA on 31 March,Any moves,Total children,329,100
2025,Reporting year,Local authority,E92000001,England,E12000003,Yorkshire and The Humber,372,Rotherham,E08000018,CLA on 31 March,Any moves,With one or more moves during the year,26,8
2025,Reporting year,Local authority,E92000001,England,E12000003,Yorkshire and The Humber,372,Rotherham,E08000018,CLA on 31 March,Mid-year moves,Total children,329,100
2025,Reporting year,Local authority,E92000001,England,E12000003,Yorkshire and The Humber,372,Rotherham,E08000018,CLA on 31 March,Mid-year moves,With one or more mid-year moves during the year,16,5
2025,Reporting year,Local authority,E92000001,England,E12000003,Yorkshire and The Humber,373,Sheffield,E08000019,CLA 2 years on 31 March,Any moves,Total children,324,100
2025,Reporting year,Local authority,E92000001,England,E12000003,Yorkshire and The Humber,373,Sheffield,E08000019,CLA 2 years on 31 March,Any moves,With one or more moves during the previous 2 years,67,21
2025,Reporting year,Local authority,E92000001,England,E12000003,Yorkshire and The Humber,373,Sheffield,E08000019,CLA 2 years on 31 March,Mid-year moves,Total children,324,100
2025,Reporting year,Local authority,E92000001,England,E12000003,Yorkshire and The Humber,373,Sheffield,E08000019,CLA 2 years on 31 March,Mid-year moves,With one or more mid-year moves during the previous 2 years,51,16
2025,Reporting year,Local authority,E92000001,England,E12000003,Yorkshire and The Humber,373,Sheffield,E08000019,CLA on 31 March,Any moves,Total children,405,100
2025,Reporting year,Local authority,E92000001,England,E12000003,Yorkshire and The Humber,373,Sheffield,E08000019,CLA on 31 March,Any moves,With one or more moves during the year,41,10
2025,Reporting year,Local authority,E92000001,England,E12000003,Yorkshire and The Humber,373,Sheffield,E08000019,CLA on 31 March,Mid-year moves,Total children,405,100
2025,Reporting year,Local authority,E92000001,England,E12000003,Yorkshire and The Humber,373,Sheffield,E08000019,CLA on 31 March,Mid-year moves,With one or more mid-year moves during the year,33,8
2025,Reporting year,Local authority,E92000001,England,E12000003,Yorkshire and The Humber,380,Bradford,E08000032,CLA 2 years on 31 March,Any moves,Total children,872,100
2025,Reporting year,Local authority,E92000001,England,E12000003,Yorkshire and The Humber,380,Bradford,E08000032,CLA 2 years on 31 March,Any moves,With one or more moves during the previous 2 years,188,22
2025,Reporting year,Local authority,E92000001,England,E12000003,Yorkshire and The Humber,380,Bradford,E08000032,CLA 2 years on 31 March,Mid-year moves,Total children,872,100
2025,Reporting year,Local authority,E92000001,England,E12000003,Yorkshire and The Humber,380,Bradford,E08000032,CLA 2 years on 31 March,Mid-year moves,With one or more mid-year moves during the previous 2 years,131,15
2025,Reporting year,Local authority,E92000001,England,E12000003,Yorkshire and The Humber,380,Bradford,E08000032,CLA on 31 March,Any moves,Total children,927,100
2025,Reporting year,Local authority,E92000001,England,E12000003,Yorkshire and The Humber,380,Bradford,E08000032,CLA on 31 March,Any moves,With one or more moves during the year,100,11
2025,Reporting year,Local authority,E92000001,England,E12000003,Yorkshire and The Humber,380,Bradford,E08000032,CLA on 31 March,Mid-year moves,Total children,927,100
2025,Reporting year,Local authority,E92000001,England,E12000003,Yorkshire and The Humber,380,Bradford,E08000032,CLA on 31 March,Mid-year moves,With one or more mid-year moves during the year,74,8
2025,Reporting year,Local authority,E92000001,England,E12000003,Yorkshire and The Humber,381,Calderdale,E08000033,CLA 2 years on 31 March,Any moves,Total children,187,100
2025,Reporting year,Local authority,E92000001,England,E12000003,Yorkshire and The Humber,381,Calderdale,E08000033,CLA 2 years on 31 March,Any moves,With one or more moves during the previous 2 years,40,21
2025,Reporting year,Local authority,E92000001,England,E12000003,Yorkshire and The Humber,381,Calderdale,E08000033,CLA 2 years on 31 March,Mid-year moves,Total children,187,100
2025,Reporting year,Local authority,E92000001,England,E12000003,Yorkshire and The Humber,381,Calderdale,E08000033,CLA 2 years on 31 March,Mid-year moves,With one or more mid-year moves during the previous 2 years,32,17
2025,Reporting year,Local authority,E92000001,England,E12000003,Yorkshire and The Humber,381,Calderdale,E08000033,CLA on 31 March,Any moves,Total children,221,100
2025,Reporting year,Local authority,E92000001,England,E12000003,Yorkshire and The Humber,381,Calderdale,E08000033,CLA on 31 March,Any moves,With one or more moves during the year,30,14
2025,Reporting year,Local authority,E92000001,England,E12000003,Yorkshire and The Humber,381,Calderdale,E08000033,CLA on 31 March,Mid-year moves,Total children,221,100
2025,Reporting year,Local authority,E92000001,England,E12000003,Yorkshire and The Humber,381,Calderdale,E08000033,CLA on 31 March,Mid-year moves,With one or more mid-year moves during the year,24,11
2025,Reporting year,Local authority,E92000001,England,E12000003,Yorkshire and The Humber,382,Kirklees,E08000034,CLA 2 years on 31 March,Any moves,Total children,357,100
2025,Reporting year,Local authority,E92000001,England,E12000003,Yorkshire and The Humber,382,Kirklees,E08000034,CLA 2 years on 31 March,Any moves,With one or more moves during the previous 2 years,68,19
2025,Reporting year,Local authority,E92000001,England,E12000003,Yorkshire and The Humber,382,Kirklees,E08000034,CLA 2 years on 31 March,Mid-year moves,Total children,357,100
2025,Reporting year,Local authority,E92000001,England,E12000003,Yorkshire and The Humber,382,Kirklees,E08000034,CLA 2 years on 31 March,Mid-year moves,With one or more mid-year moves during the previous 2 years,51,14
2025,Reporting year,Local authority,E92000001,England,E12000003,Yorkshire and The Humber,382,Kirklees,E08000034,CLA on 31 March,Any moves,Total children,443,100
2025,Reporting year,Local authority,E92000001,England,E12000003,Yorkshire and The Humber,382,Kirklees,E08000034,CLA on 31 March,Any moves,With one or more moves during the year,40,9
2025,Reporting year,Local authority,E92000001,England,E12000003,Yorkshire and The Humber,382,Kirklees,E08000034,CLA on 31 March,Mid-year moves,Total children,443,100
2025,Reporting year,Local authority,E92000001,England,E12000003,Yorkshire and The Humber,382,Kirklees,E08000034,CLA on 31 March,Mid-year moves,With one or more mid-year moves during the year,34,8
2025,Reporting year,Local authority,E92000001,England,E12000003,Yorkshire and The Humber,383,Leeds,E08000035,CLA 2 years on 31 March,Any moves,Total children,931,100
2025,Reporting year,Local authority,E92000001,England,E12000003,Yorkshire and The Humber,383,Leeds,E08000035,CLA 2 years on 31 March,Any moves,With one or more moves during the previous 2 years,179,19
2025,Reporting year,Local authority,E92000001,England,E12000003,Yorkshire and The Humber,383,Leeds,E08000035,CLA 2 years on 31 March,Mid-year moves,Total children,931,100
2025,Reporting year,Local authority,E92000001,England,E12000003,Yorkshire and The Humber,383,Leeds,E08000035,CLA 2 years on 31 March,Mid-year moves,With one or more mid-year moves during the previous 2 years,123,13
2025,Reporting year,Local authority,E92000001,England,E12000003,Yorkshire and The Humber,383,Leeds,E08000035,CLA on 31 March,Any moves,Total children,1001,100
2025,Reporting year,Local authority,E92000001,England,E12000003,Yorkshire and The Humber,383,Leeds,E08000035,CLA on 31 March,Any moves,With one or more moves during the year,89,9
2025,Reporting year,Local authority,E92000001,England,E12000003,Yorkshire and The Humber,383,Leeds,E08000035,CLA on 31 March,Mid-year moves,Total children,1001,100
2025,Reporting year,Local authority,E92000001,England,E12000003,Yorkshire and The Humber,383,Leeds,E08000035,CLA on 31 March,Mid-year moves,With one or more mid-year moves during the year,64,6
2025,Reporting year,Local authority,E92000001,England,E12000003,Yorkshire and The Humber,384,Wakefield,E08000036,CLA 2 years on 31 March,Any moves,Total children,407,100
2025,Reporting year,Local authority,E92000001,England,E12000003,Yorkshire and The Humber,384,Wakefield,E08000036,CLA 2 years on 31 March,Any moves,With one or more moves during the previous 2 years,117,29
2025,Reporting year,Local authority,E92000001,England,E12000003,Yorkshire and The Humber,384,Wakefield,E08000036,CLA 2 years on 31 March,Mid-year moves,Total children,407,100
2025,Reporting year,Local authority,E92000001,England,E12000003,Yorkshire and The Humber,384,Wakefield,E08000036,CLA 2 years on 31 March,Mid-year moves,With one or more mid-year moves during the previous 2 years,91,22
2025,Reporting year,Local authority,E92000001,England,E12000003,Yorkshire and The Humber,384,Wakefield,E08000036,CLA on 31 March,Any moves,Total children,486,100
2025,Reporting year,Local authority,E92000001,England,E12000003,Yorkshire and The Humber,384,Wakefield,E08000036,CLA on 31 March,Any moves,With one or more moves during the year,73,15
2025,Reporting year,Local authority,E92000001,England,E12000003,Yorkshire and The Humber,384,Wakefield,E08000036,CLA on 31 March,Mid-year moves,Total children,486,100
2025,Reporting year,Local authority,E92000001,England,E12000003,Yorkshire and The Humber,384,Wakefield,E08000036,CLA on 31 March,Mid-year moves,With one or more mid-year moves during the year,63,13
2025,Reporting year,Local authority,E92000001,England,E12000004,East Midlands,831,Derby,E06000015,CLA 2 years on 31 March,Any moves,Total children,329,100
2025,Reporting year,Local authority,E92000001,England,E12000004,East Midlands,831,Derby,E06000015,CLA 2 years on 31 March,Any moves,With one or more moves during the previous 2 years,90,27
2025,Reporting year,Local authority,E92000001,England,E12000004,East Midlands,831,Derby,E06000015,CLA 2 years on 31 March,Mid-year moves,Total children,329,100
2025,Reporting year,Local authority,E92000001,England,E12000004,East Midlands,831,Derby,E06000015,CLA 2 years on 31 March,Mid-year moves,With one or more mid-year moves during the previous 2 years,58,18
2025,Reporting year,Local authority,E92000001,England,E12000004,East Midlands,831,Derby,E06000015,CLA on 31 March,Any moves,Total children,354,100
2025,Reporting year,Local authority,E92000001,England,E12000004,East Midlands,831,Derby,E06000015,CLA on 31 March,Any moves,With one or more moves during the year,59,17
2025,Reporting year,Local authority,E92000001,England,E12000004,East Midlands,831,Derby,E06000015,CLA on 31 March,Mid-year moves,Total children,354,100
2025,Reporting year,Local authority,E92000001,England,E12000004,East Midlands,831,Derby,E06000015,CLA on 31 March,Mid-year moves,With one or more mid-year moves during the year,37,10
2025,Reporting year,Local authority,E92000001,England,E12000004,East Midlands,856,Leicester,E06000016,CLA 2 years on 31 March,Any moves,Total children,331,100
2025,Reporting year,Local authority,E92000001,England,E12000004,East Midlands,856,Leicester,E06000016,CLA 2 years on 31 March,Any moves,With one or more moves during the previous 2 years,64,19
2025,Reporting year,Local authority,E92000001,England,E12000004,East Midlands,856,Leicester,E06000016,CLA 2 years on 31 March,Mid-year moves,Total children,331,100
2025,Reporting year,Local authority,E92000001,England,E12000004,East Midlands,856,Leicester,E06000016,CLA 2 years on 31 March,Mid-year moves,With one or more mid-year moves during the previous 2 years,40,12
2025,Reporting year,Local authority,E92000001,England,E12000004,East Midlands,856,Leicester,E06000016,CLA on 31 March,Any moves,Total children,375,100
2025,Reporting year,Local authority,E92000001,England,E12000004,East Midlands,856,Leicester,E06000016,CLA on 31 March,Any moves,With one or more moves during the year,41,11
2025,Reporting year,Local authority,E92000001,England,E12000004,East Midlands,856,Leicester,E06000016,CLA on 31 March,Mid-year moves,Total children,375,100
2025,Reporting year,Local authority,E92000001,England,E12000004,East Midlands,856,Leicester,E06000016,CLA on 31 March,Mid-year moves,With one or more mid-year moves during the year,26,7
2025,Reporting year,Local authority,E92000001,England,E12000004,East Midlands,857,Rutland,E06000017,CLA 2 years on 31 March,Any moves,Total children,12,100
2025,Reporting year,Local authority,E92000001,England,E12000004,East Midlands,857,Rutland,E06000017,CLA 2 years on 31 March,Any moves,With one or more moves during the previous 2 years,c,c
2025,Reporting year,Local authority,E92000001,England,E12000004,East Midlands,857,Rutland,E06000017,CLA 2 years on 31 March,Mid-year moves,Total children,12,100
2025,Reporting year,Local authority,E92000001,England,E12000004,East Midlands,857,Rutland,E06000017,CLA 2 years on 31 March,Mid-year moves,With one or more mid-year moves during the previous 2 years,c,c
2025,Reporting year,Local authority,E92000001,England,E12000004,East Midlands,857,Rutland,E06000017,CLA on 31 March,Any moves,Total children,17,100
2025,Reporting year,Local authority,E92000001,England,E12000004,East Midlands,857,Rutland,E06000017,CLA on 31 March,Any moves,With one or more moves during the year,c,c
2025,Reporting year,Local authority,E92000001,England,E12000004,East Midlands,857,Rutland,E06000017,CLA on 31 March,Mid-year moves,Total children,17,100
2025,Reporting year,Local authority,E92000001,England,E12000004,East Midlands,857,Rutland,E06000017,CLA on 31 March,Mid-year moves,With one or more mid-year moves during the year,0,0
2025,Reporting year,Local authority,E92000001,England,E12000004,East Midlands,892,Nottingham,E06000018,CLA 2 years on 31 March,Any moves,Total children,375,100
2025,Reporting year,Local authority,E92000001,England,E12000004,East Midlands,892,Nottingham,E06000018,CLA 2 years on 31 March,Any moves,With one or more moves during the previous 2 years,83,22
2025,Reporting year,Local authority,E92000001,England,E12000004,East Midlands,892,Nottingham,E06000018,CLA 2 years on 31 March,Mid-year moves,Total children,375,100
2025,Reporting year,Local authority,E92000001,England,E12000004,East Midlands,892,Nottingham,E06000018,CLA 2 years on 31 March,Mid-year moves,With one or more mid-year moves during the previous 2 years,67,18
2025,Reporting year,Local authority,E92000001,England,E12000004,East Midlands,892,Nottingham,E06000018,CLA on 31 March,Any moves,Total children,406,100
2025,Reporting year,Local authority,E92000001,England,E12000004,East Midlands,892,Nottingham,E06000018,CLA on 31 March,Any moves,With one or more moves during the year,48,12
2025,Reporting year,Local authority,E92000001,England,E12000004,East Midlands,892,Nottingham,E06000018,CLA on 31 March,Mid-year moves,Total children,406,100
2025,Reporting year,Local authority,E92000001,England,E12000004,East Midlands,892,Nottingham,E06000018,CLA on 31 March,Mid-year moves,With one or more mid-year moves during the year,33,8
2025,Reporting year,Local authority,E92000001,England,E12000004,East Midlands,940,North Northamptonshire,E06000061,CLA 2 years on 31 March,Any moves,Total children,316,100
2025,Reporting year,Local authority,E92000001,England,E12000004,East Midlands,940,North Northamptonshire,E06000061,CLA 2 years on 31 March,Any moves,With one or more moves during the previous 2 years,75,24
2025,Reporting year,Local authority,E92000001,England,E12000004,East Midlands,940,North Northamptonshire,E06000061,CLA 2 years on 31 March,Mid-year moves,Total children,316,100
2025,Reporting year,Local authority,E92000001,England,E12000004,East Midlands,940,North Northamptonshire,E06000061,CLA 2 years on 31 March,Mid-year moves,With one or more mid-year moves during the previous 2 years,47,15
2025,Reporting year,Local authority,E92000001,England,E12000004,East Midlands,940,North Northamptonshire,E06000061,CLA on 31 March,Any moves,Total children,370,100
2025,Reporting year,Local authority,E92000001,England,E12000004,East Midlands,940,North Northamptonshire,E06000061,CLA on 31 March,Any moves,With one or more moves during the year,43,12
2025,Reporting year,Local authority,E92000001,England,E12000004,East Midlands,940,North Northamptonshire,E06000061,CLA on 31 March,Mid-year moves,Total children,370,100
2025,Reporting year,Local authority,E92000001,England,E12000004,East Midlands,940,North Northamptonshire,E06000061,CLA on 31 March,Mid-year moves,With one or more mid-year moves during the year,23,6
2025,Reporting year,Local authority,E92000001,England,E12000004,East Midlands,941,West Northamptonshire,E06000062,CLA 2 years on 31 March,Any moves,Total children,360,100
2025,Reporting year,Local authority,E92000001,England,E12000004,East Midlands,941,West Northamptonshire,E06000062,CLA 2 years on 31 March,Any moves,With one or more moves during the previous 2 years,67,19
2025,Reporting year,Local authority,E92000001,England,E12000004,East Midlands,941,West Northamptonshire,E06000062,CLA 2 years on 31 March,Mid-year moves,Total children,360,100
2025,Reporting year,Local authority,E92000001,England,E12000004,East Midlands,941,West Northamptonshire,E06000062,CLA 2 years on 31 March,Mid-year moves,With one or more mid-year moves during the previous 2 years,55,15
2025,Reporting year,Local authority,E92000001,England,E12000004,East Midlands,941,West Northamptonshire,E06000062,CLA on 31 March,Any moves,Total children,384,100
2025,Reporting year,Local authority,E92000001,England,E12000004,East Midlands,941,West Northamptonshire,E06000062,CLA on 31 March,Any moves,With one or more moves during the year,40,10
2025,Reporting year,Local authority,E92000001,England,E12000004,East Midlands,941,West Northamptonshire,E06000062,CLA on 31 March,Mid-year moves,Total children,384,100
2025,Reporting year,Local authority,E92000001,England,E12000004,East Midlands,941,West Northamptonshire,E06000062,CLA on 31 March,Mid-year moves,With one or more mid-year moves during the year,32,8
2025,Reporting year,Local authority,E92000001,England,E12000004,East Midlands,830,Derbyshire,E10000007,CLA 2 years on 31 March,Any moves,Total children,556,100
2025,Reporting year,Local authority,E92000001,England,E12000004,East Midlands,830,Derbyshire,E10000007,CLA 2 years on 31 March,Any moves,With one or more moves during the previous 2 years,166,30
2025,Reporting year,Local authority,E92000001,England,E12000004,East Midlands,830,Derbyshire,E10000007,CLA 2 years on 31 March,Mid-year moves,Total children,556,100
2025,Reporting year,Local authority,E92000001,England,E12000004,East Midlands,830,Derbyshire,E10000007,CLA 2 years on 31 March,Mid-year moves,With one or more mid-year moves during the previous 2 years,125,22
2025,Reporting year,Local authority,E92000001,England,E12000004,East Midlands,830,Derbyshire,E10000007,CLA on 31 March,Any moves,Total children,647,100
2025,Reporting year,Local authority,E92000001,England,E12000004,East Midlands,830,Derbyshire,E10000007,CLA on 31 March,Any moves,With one or more moves during the year,86,13
2025,Reporting year,Local authority,E92000001,England,E12000004,East Midlands,830,Derbyshire,E10000007,CLA on 31 March,Mid-year moves,Total children,647,100
2025,Reporting year,Local authority,E92000001,England,E12000004,East Midlands,830,Derbyshire,E10000007,CLA on 31 March,Mid-year moves,With one or more mid-year moves during the year,61,9
2025,Reporting year,Local authority,E92000001,England,E12000004,East Midlands,855,Leicestershire,E10000018,CLA 2 years on 31 March,Any moves,Total children,357,100
2025,Reporting year,Local authority,E92000001,England,E12000004,East Midlands,855,Leicestershire,E10000018,CLA 2 years on 31 March,Any moves,With one or more moves during the previous 2 years,87,24
2025,Reporting year,Local authority,E92000001,England,E12000004,East Midlands,855,Leicestershire,E10000018,CLA 2 years on 31 March,Mid-year moves,Total children,357,100
2025,Reporting year,Local authority,E92000001,England,E12000004,East Midlands,855,Leicestershire,E10000018,CLA 2 years on 31 March,Mid-year moves,With one or more mid-year moves during the previous 2 years,55,15
2025,Reporting year,Local authority,E92000001,England,E12000004,East Midlands,855,Leicestershire,E10000018,CLA on 31 March,Any moves,Total children,421,100
2025,Reporting year,Local authority,E92000001,England,E12000004,East Midlands,855,Leicestershire,E10000018,CLA on 31 March,Any moves,With one or more moves during the year,62,15
2025,Reporting year,Local authority,E92000001,England,E12000004,East Midlands,855,Leicestershire,E10000018,CLA on 31 March,Mid-year moves,Total children,421,100
2025,Reporting year,Local authority,E92000001,England,E12000004,East Midlands,855,Leicestershire,E10000018,CLA on 31 March,Mid-year moves,With one or more mid-year moves during the year,36,9
2025,Reporting year,Local authority,E92000001,England,E12000004,East Midlands,925,Lincolnshire,E10000019,CLA 2 years on 31 March,Any moves,Total children,410,100
2025,Reporting year,Local authority,E92000001,England,E12000004,East Midlands,925,Lincolnshire,E10000019,CLA 2 years on 31 March,Any moves,With one or more moves during the previous 2 years,110,27
2025,Reporting year,Local authority,E92000001,England,E12000004,East Midlands,925,Lincolnshire,E10000019,CLA 2 years on 31 March,Mid-year moves,Total children,410,100
2025,Reporting year,Local authority,E92000001,England,E12000004,East Midlands,925,Lincolnshire,E10000019,CLA 2 years on 31 March,Mid-year moves,With one or more mid-year moves during the previous 2 years,81,20
2025,Reporting year,Local authority,E92000001,England,E12000004,East Midlands,925,Lincolnshire,E10000019,CLA on 31 March,Any moves,Total children,481,100
2025,Reporting year,Local authority,E92000001,England,E12000004,East Midlands,925,Lincolnshire,E10000019,CLA on 31 March,Any moves,With one or more moves during the year,66,14
2025,Reporting year,Local authority,E92000001,England,E12000004,East Midlands,925,Lincolnshire,E10000019,CLA on 31 March,Mid-year moves,Total children,481,100
2025,Reporting year,Local authority,E92000001,England,E12000004,East Midlands,925,Lincolnshire,E10000019,CLA on 31 March,Mid-year moves,With one or more mid-year moves during the year,40,8
2025,Reporting year,Local authority,E92000001,England,E12000004,East Midlands,928,Northamptonshire,E10000021,CLA 2 years on 31 March,Any moves,Total children,z,z
2025,Reporting year,Local authority,E92000001,England,E12000004,East Midlands,928,Northamptonshire,E10000021,CLA 2 years on 31 March,Any moves,With one or more moves during the previous 2 years,z,z
2025,Reporting year,Local authority,E92000001,England,E12000004,East Midlands,928,Northamptonshire,E10000021,CLA 2 years on 31 March,Mid-year moves,Total children,z,z
2025,Reporting year,Local authority,E92000001,England,E12000004,East Midlands,928,Northamptonshire,E10000021,CLA 2 years on 31 March,Mid-year moves,With one or more mid-year moves during the previous 2 years,z,z
2025,Reporting year,Local authority,E92000001,England,E12000004,East Midlands,928,Northamptonshire,E10000021,CLA on 31 March,Any moves,Total children,z,z
2025,Reporting year,Local authority,E92000001,England,E12000004,East Midlands,928,Northamptonshire,E10000021,CLA on 31 March,Any moves,With one or more moves during the year,z,z
2025,Reporting year,Local authority,E92000001,England,E12000004,East Midlands,928,Northamptonshire,E10000021,CLA on 31 March,Mid-year moves,Total children,z,z
2025,Reporting year,Local authority,E92000001,England,E12000004,East Midlands,928,Northamptonshire,E10000021,CLA on 31 March,Mid-year moves,With one or more mid-year moves during the year,z,z
2025,Reporting year,Local authority,E92000001,England,E12000004,East Midlands,891,Nottinghamshire,E10000024,CLA 2 years on 31 March,Any moves,Total children,517,100
2025,Reporting year,Local authority,E92000001,England,E12000004,East Midlands,891,Nottinghamshire,E10000024,CLA 2 years on 31 March,Any moves,With one or more moves during the previous 2 years,122,24
2025,Reporting year,Local authority,E92000001,England,E12000004,East Midlands,891,Nottinghamshire,E10000024,CLA 2 years on 31 March,Mid-year moves,Total children,517,100
2025,Reporting year,Local authority,E92000001,England,E12000004,East Midlands,891,Nottinghamshire,E10000024,CLA 2 years on 31 March,Mid-year moves,With one or more mid-year moves during the previous 2 years,94,18
2025,Reporting year,Local authority,E92000001,England,E12000004,East Midlands,891,Nottinghamshire,E10000024,CLA on 31 March,Any moves,Total children,589,100
2025,Reporting year,Local authority,E92000001,England,E12000004,East Midlands,891,Nottinghamshire,E10000024,CLA on 31 March,Any moves,With one or more moves during the year,76,13
2025,Reporting year,Local authority,E92000001,England,E12000004,East Midlands,891,Nottinghamshire,E10000024,CLA on 31 March,Mid-year moves,Total children,589,100
2025,Reporting year,Local authority,E92000001,England,E12000004,East Midlands,891,Nottinghamshire,E10000024,CLA on 31 March,Mid-year moves,With one or more mid-year moves during the year,62,11
2025,Reporting year,Local authority,E92000001,England,E12000005,West Midlands,884,"Herefordshire, County of",E06000019,CLA 2 years on 31 March,Any moves,Total children,213,100
2025,Reporting year,Local authority,E92000001,England,E12000005,West Midlands,884,"Herefordshire, County of",E06000019,CLA 2 years on 31 March,Any moves,With one or more moves during the previous 2 years,32,15
2025,Reporting year,Local authority,E92000001,England,E12000005,West Midlands,884,"Herefordshire, County of",E06000019,CLA 2 years on 31 March,Mid-year moves,Total children,213,100
2025,Reporting year,Local authority,E92000001,England,E12000005,West Midlands,884,"Herefordshire, County of",E06000019,CLA 2 years on 31 March,Mid-year moves,With one or more mid-year moves during the previous 2 years,23,11
2025,Reporting year,Local authority,E92000001,England,E12000005,West Midlands,884,"Herefordshire, County of",E06000019,CLA on 31 March,Any moves,Total children,220,100
2025,Reporting year,Local authority,E92000001,England,E12000005,West Midlands,884,"Herefordshire, County of",E06000019,CLA on 31 March,Any moves,With one or more moves during the year,21,10
2025,Reporting year,Local authority,E92000001,England,E12000005,West Midlands,884,"Herefordshire, County of",E06000019,CLA on 31 March,Mid-year moves,Total children,220,100
2025,Reporting year,Local authority,E92000001,England,E12000005,West Midlands,884,"Herefordshire, County of",E06000019,CLA on 31 March,Mid-year moves,With one or more mid-year moves during the year,15,7
2025,Reporting year,Local authority,E92000001,England,E12000005,West Midlands,894,Telford and Wrekin,E06000020,CLA 2 years on 31 March,Any moves,Total children,238,100
2025,Reporting year,Local authority,E92000001,England,E12000005,West Midlands,894,Telford and Wrekin,E06000020,CLA 2 years on 31 March,Any moves,With one or more moves during the previous 2 years,47,20
2025,Reporting year,Local authority,E92000001,England,E12000005,West Midlands,894,Telford and Wrekin,E06000020,CLA 2 years on 31 March,Mid-year moves,Total children,238,100
2025,Reporting year,Local authority,E92000001,England,E12000005,West Midlands,894,Telford and Wrekin,E06000020,CLA 2 years on 31 March,Mid-year moves,With one or more mid-year moves during the previous 2 years,29,12
2025,Reporting year,Local authority,E92000001,England,E12000005,West Midlands,894,Telford and Wrekin,E06000020,CLA on 31 March,Any moves,Total children,275,100
2025,Reporting year,Local authority,E92000001,England,E12000005,West Midlands,894,Telford and Wrekin,E06000020,CLA on 31 March,Any moves,With one or more moves during the year,19,7
2025,Reporting year,Local authority,E92000001,England,E12000005,West Midlands,894,Telford and Wrekin,E06000020,CLA on 31 March,Mid-year moves,Total children,275,100
2025,Reporting year,Local authority,E92000001,England,E12000005,West Midlands,894,Telford and Wrekin,E06000020,CLA on 31 March,Mid-year moves,With one or more mid-year moves during the year,10,4
2025,Reporting year,Local authority,E92000001,England,E12000005,West Midlands,861,Stoke-on-Trent,E06000021,CLA 2 years on 31 March,Any moves,Total children,698,100
2025,Reporting year,Local authority,E92000001,England,E12000005,West Midlands,861,Stoke-on-Trent,E06000021,CLA 2 years on 31 March,Any moves,With one or more moves during the previous 2 years,193,28
2025,Reporting year,Local authority,E92000001,England,E12000005,West Midlands,861,Stoke-on-Trent,E06000021,CLA 2 years on 31 March,Mid-year moves,Total children,698,100
2025,Reporting year,Local authority,E92000001,England,E12000005,West Midlands,861,Stoke-on-Trent,E06000021,CLA 2 years on 31 March,Mid-year moves,With one or more mid-year moves during the previous 2 years,135,19
2025,Reporting year,Local authority,E92000001,England,E12000005,West Midlands,861,Stoke-on-Trent,E06000021,CLA on 31 March,Any moves,Total children,737,100
2025,Reporting year,Local authority,E92000001,England,E12000005,West Midlands,861,Stoke-on-Trent,E06000021,CLA on 31 March,Any moves,With one or more moves during the year,97,13
2025,Reporting year,Local authority,E92000001,England,E12000005,West Midlands,861,Stoke-on-Trent,E06000021,CLA on 31 March,Mid-year moves,Total children,737,100
2025,Reporting year,Local authority,E92000001,England,E12000005,West Midlands,861,Stoke-on-Trent,E06000021,CLA on 31 March,Mid-year moves,With one or more mid-year moves during the year,71,10
2025,Reporting year,Local authority,E92000001,England,E12000005,West Midlands,893,Shropshire,E06000051,CLA 2 years on 31 March,Any moves,Total children,413,100
2025,Reporting year,Local authority,E92000001,England,E12000005,West Midlands,893,Shropshire,E06000051,CLA 2 years on 31 March,Any moves,With one or more moves during the previous 2 years,99,24
2025,Reporting year,Local authority,E92000001,England,E12000005,West Midlands,893,Shropshire,E06000051,CLA 2 years on 31 March,Mid-year moves,Total children,413,100
2025,Reporting year,Local authority,E92000001,England,E12000005,West Midlands,893,Shropshire,E06000051,CLA 2 years on 31 March,Mid-year moves,With one or more mid-year moves during the previous 2 years,78,19
2025,Reporting year,Local authority,E92000001,England,E12000005,West Midlands,893,Shropshire,E06000051,CLA on 31 March,Any moves,Total children,469,100
2025,Reporting year,Local authority,E92000001,England,E12000005,West Midlands,893,Shropshire,E06000051,CLA on 31 March,Any moves,With one or more moves during the year,65,14
2025,Reporting year,Local authority,E92000001,England,E12000005,West Midlands,893,Shropshire,E06000051,CLA on 31 March,Mid-year moves,Total children,469,100
2025,Reporting year,Local authority,E92000001,England,E12000005,West Midlands,893,Shropshire,E06000051,CLA on 31 March,Mid-year moves,With one or more mid-year moves during the year,47,10
2025,Reporting year,Local authority,E92000001,England,E12000005,West Midlands,330,Birmingham,E08000025,CLA 2 years on 31 March,Any moves,Total children,1313,100
2025,Reporting year,Local authority,E92000001,England,E12000005,West Midlands,330,Birmingham,E08000025,CLA 2 years on 31 March,Any moves,With one or more moves during the previous 2 years,247,19
2025,Reporting year,Local authority,E92000001,England,E12000005,West Midlands,330,Birmingham,E08000025,CLA 2 years on 31 March,Mid-year moves,Total children,1313,100
2025,Reporting year,Local authority,E92000001,England,E12000005,West Midlands,330,Birmingham,E08000025,CLA 2 years on 31 March,Mid-year moves,With one or more mid-year moves during the previous 2 years,187,14
2025,Reporting year,Local authority,E92000001,England,E12000005,West Midlands,330,Birmingham,E08000025,CLA on 31 March,Any moves,Total children,1461,100
2025,Reporting year,Local authority,E92000001,England,E12000005,West Midlands,330,Birmingham,E08000025,CLA on 31 March,Any moves,With one or more moves during the year,146,10
2025,Reporting year,Local authority,E92000001,England,E12000005,West Midlands,330,Birmingham,E08000025,CLA on 31 March,Mid-year moves,Total children,1461,100
2025,Reporting year,Local authority,E92000001,England,E12000005,West Midlands,330,Birmingham,E08000025,CLA on 31 March,Mid-year moves,With one or more mid-year moves during the year,112,8
2025,Reporting year,Local authority,E92000001,England,E12000005,West Midlands,331,Coventry,E08000026,CLA 2 years on 31 March,Any moves,Total children,366,100
2025,Reporting year,Local authority,E92000001,England,E12000005,West Midlands,331,Coventry,E08000026,CLA 2 years on 31 March,Any moves,With one or more moves during the previous 2 years,77,21
2025,Reporting year,Local authority,E92000001,England,E12000005,West Midlands,331,Coventry,E08000026,CLA 2 years on 31 March,Mid-year moves,Total children,366,100
2025,Reporting year,Local authority,E92000001,England,E12000005,West Midlands,331,Coventry,E08000026,CLA 2 years on 31 March,Mid-year moves,With one or more mid-year moves during the previous 2 years,62,17
2025,Reporting year,Local authority,E92000001,England,E12000005,West Midlands,331,Coventry,E08000026,CLA on 31 March,Any moves,Total children,416,100
2025,Reporting year,Local authority,E92000001,England,E12000005,West Midlands,331,Coventry,E08000026,CLA on 31 March,Any moves,With one or more moves during the year,50,12
2025,Reporting year,Local authority,E92000001,England,E12000005,West Midlands,331,Coventry,E08000026,CLA on 31 March,Mid-year moves,Total children,416,100
2025,Reporting year,Local authority,E92000001,England,E12000005,West Midlands,331,Coventry,E08000026,CLA on 31 March,Mid-year moves,With one or more mid-year moves during the year,39,9
2025,Reporting year,Local authority,E92000001,England,E12000005,West Midlands,332,Dudley,E08000027,CLA 2 years on 31 March,Any moves,Total children,351,100
2025,Reporting year,Local authority,E92000001,England,E12000005,West Midlands,332,Dudley,E08000027,CLA 2 years on 31 March,Any moves,With one or more moves during the previous 2 years,67,19
2025,Reporting year,Local authority,E92000001,England,E12000005,West Midlands,332,Dudley,E08000027,CLA 2 years on 31 March,Mid-year moves,Total children,351,100
2025,Reporting year,Local authority,E92000001,England,E12000005,West Midlands,332,Dudley,E08000027,CLA 2 years on 31 March,Mid-year moves,With one or more mid-year moves during the previous 2 years,55,16
2025,Reporting year,Local authority,E92000001,England,E12000005,West Midlands,332,Dudley,E08000027,CLA on 31 March,Any moves,Total children,379,100
2025,Reporting year,Local authority,E92000001,England,E12000005,West Midlands,332,Dudley,E08000027,CLA on 31 March,Any moves,With one or more moves during the year,42,11
2025,Reporting year,Local authority,E92000001,England,E12000005,West Midlands,332,Dudley,E08000027,CLA on 31 March,Mid-year moves,Total children,379,100
2025,Reporting year,Local authority,E92000001,England,E12000005,West Midlands,332,Dudley,E08000027,CLA on 31 March,Mid-year moves,With one or more mid-year moves during the year,34,9
2025,Reporting year,Local authority,E92000001,England,E12000005,West Midlands,333,Sandwell,E08000028,CLA 2 years on 31 March,Any moves,Total children,483,100
2025,Reporting year,Local authority,E92000001,England,E12000005,West Midlands,333,Sandwell,E08000028,CLA 2 years on 31 March,Any moves,With one or more moves during the previous 2 years,101,21
2025,Reporting year,Local authority,E92000001,England,E12000005,West Midlands,333,Sandwell,E08000028,CLA 2 years on 31 March,Mid-year moves,Total children,483,100
2025,Reporting year,Local authority,E92000001,England,E12000005,West Midlands,333,Sandwell,E08000028,CLA 2 years on 31 March,Mid-year moves,With one or more mid-year moves during the previous 2 years,75,16
2025,Reporting year,Local authority,E92000001,England,E12000005,West Midlands,333,Sandwell,E08000028,CLA on 31 March,Any moves,Total children,545,100
2025,Reporting year,Local authority,E92000001,England,E12000005,West Midlands,333,Sandwell,E08000028,CLA on 31 March,Any moves,With one or more moves during the year,59,11
2025,Reporting year,Local authority,E92000001,England,E12000005,West Midlands,333,Sandwell,E08000028,CLA on 31 March,Mid-year moves,Total children,545,100
2025,Reporting year,Local authority,E92000001,England,E12000005,West Midlands,333,Sandwell,E08000028,CLA on 31 March,Mid-year moves,With one or more mid-year moves during the year,39,7
2025,Reporting year,Local authority,E92000001,England,E12000005,West Midlands,334,Solihull,E08000029,CLA 2 years on 31 March,Any moves,Total children,342,100
2025,Reporting year,Local authority,E92000001,England,E12000005,West Midlands,334,Solihull,E08000029,CLA 2 years on 31 March,Any moves,With one or more moves during the previous 2 years,42,12
2025,Reporting year,Local authority,E92000001,England,E12000005,West Midlands,334,Solihull,E08000029,CLA 2 years on 31 March,Mid-year moves,Total children,342,100
2025,Reporting year,Local authority,E92000001,England,E12000005,West Midlands,334,Solihull,E08000029,CLA 2 years on 31 March,Mid-year moves,With one or more mid-year moves during the previous 2 years,28,8
2025,Reporting year,Local authority,E92000001,England,E12000005,West Midlands,334,Solihull,E08000029,CLA on 31 March,Any moves,Total children,339,100
2025,Reporting year,Local authority,E92000001,England,E12000005,West Midlands,334,Solihull,E08000029,CLA on 31 March,Any moves,With one or more moves during the year,19,6
2025,Reporting year,Local authority,E92000001,England,E12000005,West Midlands,334,Solihull,E08000029,CLA on 31 March,Mid-year moves,Total children,339,100
2025,Reporting year,Local authority,E92000001,England,E12000005,West Midlands,334,Solihull,E08000029,CLA on 31 March,Mid-year moves,With one or more mid-year moves during the year,13,4
2025,Reporting year,Local authority,E92000001,England,E12000005,West Midlands,335,Walsall,E08000030,CLA 2 years on 31 March,Any moves,Total children,366,100
2025,Reporting year,Local authority,E92000001,England,E12000005,West Midlands,335,Walsall,E08000030,CLA 2 years on 31 March,Any moves,With one or more moves during the previous 2 years,72,20
2025,Reporting year,Local authority,E92000001,England,E12000005,West Midlands,335,Walsall,E08000030,CLA 2 years on 31 March,Mid-year moves,Total children,366,100
2025,Reporting year,Local authority,E92000001,England,E12000005,West Midlands,335,Walsall,E08000030,CLA 2 years on 31 March,Mid-year moves,With one or more mid-year moves during the previous 2 years,51,14
2025,Reporting year,Local authority,E92000001,England,E12000005,West Midlands,335,Walsall,E08000030,CLA on 31 March,Any moves,Total children,374,100
2025,Reporting year,Local authority,E92000001,England,E12000005,West Midlands,335,Walsall,E08000030,CLA on 31 March,Any moves,With one or more moves during the year,44,12
2025,Reporting year,Local authority,E92000001,England,E12000005,West Midlands,335,Walsall,E08000030,CLA on 31 March,Mid-year moves,Total children,374,100
2025,Reporting year,Local authority,E92000001,England,E12000005,West Midlands,335,Walsall,E08000030,CLA on 31 March,Mid-year moves,With one or more mid-year moves during the year,33,9
2025,Reporting year,Local authority,E92000001,England,E12000005,West Midlands,336,Wolverhampton,E08000031,CLA 2 years on 31 March,Any moves,Total children,295,100
2025,Reporting year,Local authority,E92000001,England,E12000005,West Midlands,336,Wolverhampton,E08000031,CLA 2 years on 31 March,Any moves,With one or more moves during the previous 2 years,60,20
2025,Reporting year,Local authority,E92000001,England,E12000005,West Midlands,336,Wolverhampton,E08000031,CLA 2 years on 31 March,Mid-year moves,Total children,295,100
2025,Reporting year,Local authority,E92000001,England,E12000005,West Midlands,336,Wolverhampton,E08000031,CLA 2 years on 31 March,Mid-year moves,With one or more mid-year moves during the previous 2 years,46,16
2025,Reporting year,Local authority,E92000001,England,E12000005,West Midlands,336,Wolverhampton,E08000031,CLA on 31 March,Any moves,Total children,313,100
2025,Reporting year,Local authority,E92000001,England,E12000005,West Midlands,336,Wolverhampton,E08000031,CLA on 31 March,Any moves,With one or more moves during the year,35,11
2025,Reporting year,Local authority,E92000001,England,E12000005,West Midlands,336,Wolverhampton,E08000031,CLA on 31 March,Mid-year moves,Total children,313,100
2025,Reporting year,Local authority,E92000001,England,E12000005,West Midlands,336,Wolverhampton,E08000031,CLA on 31 March,Mid-year moves,With one or more mid-year moves during the year,27,9
2025,Reporting year,Local authority,E92000001,England,E12000005,West Midlands,860,Staffordshire,E10000028,CLA 2 years on 31 March,Any moves,Total children,760,100
2025,Reporting year,Local authority,E92000001,England,E12000005,West Midlands,860,Staffordshire,E10000028,CLA 2 years on 31 March,Any moves,With one or more moves during the previous 2 years,149,20
2025,Reporting year,Local authority,E92000001,England,E12000005,West Midlands,860,Staffordshire,E10000028,CLA 2 years on 31 March,Mid-year moves,Total children,760,100
2025,Reporting year,Local authority,E92000001,England,E12000005,West Midlands,860,Staffordshire,E10000028,CLA 2 years on 31 March,Mid-year moves,With one or more mid-year moves during the previous 2 years,113,15
2025,Reporting year,Local authority,E92000001,England,E12000005,West Midlands,860,Staffordshire,E10000028,CLA on 31 March,Any moves,Total children,867,100
2025,Reporting year,Local authority,E92000001,England,E12000005,West Midlands,860,Staffordshire,E10000028,CLA on 31 March,Any moves,With one or more moves during the year,118,14
2025,Reporting year,Local authority,E92000001,England,E12000005,West Midlands,860,Staffordshire,E10000028,CLA on 31 March,Mid-year moves,Total children,867,100
2025,Reporting year,Local authority,E92000001,England,E12000005,West Midlands,860,Staffordshire,E10000028,CLA on 31 March,Mid-year moves,With one or more mid-year moves during the year,77,9
2025,Reporting year,Local authority,E92000001,England,E12000005,West Midlands,937,Warwickshire,E10000031,CLA 2 years on 31 March,Any moves,Total children,364,100
2025,Reporting year,Local authority,E92000001,England,E12000005,West Midlands,937,Warwickshire,E10000031,CLA 2 years on 31 March,Any moves,With one or more moves during the previous 2 years,59,16
2025,Reporting year,Local authority,E92000001,England,E12000005,West Midlands,937,Warwickshire,E10000031,CLA 2 years on 31 March,Mid-year moves,Total children,364,100
2025,Reporting year,Local authority,E92000001,England,E12000005,West Midlands,937,Warwickshire,E10000031,CLA 2 years on 31 March,Mid-year moves,With one or more mid-year moves during the previous 2 years,44,12
2025,Reporting year,Local authority,E92000001,England,E12000005,West Midlands,937,Warwickshire,E10000031,CLA on 31 March,Any moves,Total children,459,100
2025,Reporting year,Local authority,E92000001,England,E12000005,West Midlands,937,Warwickshire,E10000031,CLA on 31 March,Any moves,With one or more moves during the year,42,9
2025,Reporting year,Local authority,E92000001,England,E12000005,West Midlands,937,Warwickshire,E10000031,CLA on 31 March,Mid-year moves,Total children,459,100
2025,Reporting year,Local authority,E92000001,England,E12000005,West Midlands,937,Warwickshire,E10000031,CLA on 31 March,Mid-year moves,With one or more mid-year moves during the year,33,7
2025,Reporting year,Local authority,E92000001,England,E12000005,West Midlands,885,Worcestershire,E10000034,CLA 2 years on 31 March,Any moves,Total children,620,100
2025,Reporting year,Local authority,E92000001,England,E12000005,West Midlands,885,Worcestershire,E10000034,CLA 2 years on 31 March,Any moves,With one or more moves during the previous 2 years,132,21
2025,Reporting year,Local authority,E92000001,England,E12000005,West Midlands,885,Worcestershire,E10000034,CLA 2 years on 31 March,Mid-year moves,Total children,620,100
2025,Reporting year,Local authority,E92000001,England,E12000005,West Midlands,885,Worcestershire,E10000034,CLA 2 years on 31 March,Mid-year moves,With one or more mid-year moves during the previous 2 years,96,15
2025,Reporting year,Local authority,E92000001,England,E12000005,West Midlands,885,Worcestershire,E10000034,CLA on 31 March,Any moves,Total children,704,100
2025,Reporting year,Local authority,E92000001,England,E12000005,West Midlands,885,Worcestershire,E10000034,CLA on 31 March,Any moves,With one or more moves during the year,86,12
2025,Reporting year,Local authority,E92000001,England,E12000005,West Midlands,885,Worcestershire,E10000034,CLA on 31 March,Mid-year moves,Total children,704,100
2025,Reporting year,Local authority,E92000001,England,E12000005,West Midlands,885,Worcestershire,E10000034,CLA on 31 March,Mid-year moves,With one or more mid-year moves during the year,62,9
2025,Reporting year,Local authority,E92000001,England,E12000006,East of England,874,Peterborough,E06000031,CLA 2 years on 31 March,Any moves,Total children,176,100
2025,Reporting year,Local authority,E92000001,England,E12000006,East of England,874,Peterborough,E06000031,CLA 2 years on 31 March,Any moves,With one or more moves during the previous 2 years,31,18
2025,Reporting year,Local authority,E92000001,England,E12000006,East of England,874,Peterborough,E06000031,CLA 2 years on 31 March,Mid-year moves,Total children,176,100
2025,Reporting year,Local authority,E92000001,England,E12000006,East of England,874,Peterborough,E06000031,CLA 2 years on 31 March,Mid-year moves,With one or more mid-year moves during the previous 2 years,18,10
2025,Reporting year,Local authority,E92000001,England,E12000006,East of England,874,Peterborough,E06000031,CLA on 31 March,Any moves,Total children,175,100
2025,Reporting year,Local authority,E92000001,England,E12000006,East of England,874,Peterborough,E06000031,CLA on 31 March,Any moves,With one or more moves during the year,12,7
2025,Reporting year,Local authority,E92000001,England,E12000006,East of England,874,Peterborough,E06000031,CLA on 31 March,Mid-year moves,Total children,175,100
2025,Reporting year,Local authority,E92000001,England,E12000006,East of England,874,Peterborough,E06000031,CLA on 31 March,Mid-year moves,With one or more mid-year moves during the year,c,c
2025,Reporting year,Local authority,E92000001,England,E12000006,East of England,821,Luton,E06000032,CLA 2 years on 31 March,Any moves,Total children,207,100
2025,Reporting year,Local authority,E92000001,England,E12000006,East of England,821,Luton,E06000032,CLA 2 years on 31 March,Any moves,With one or more moves during the previous 2 years,48,23
2025,Reporting year,Local authority,E92000001,England,E12000006,East of England,821,Luton,E06000032,CLA 2 years on 31 March,Mid-year moves,Total children,207,100
2025,Reporting year,Local authority,E92000001,England,E12000006,East of England,821,Luton,E06000032,CLA 2 years on 31 March,Mid-year moves,With one or more mid-year moves during the previous 2 years,38,18
2025,Reporting year,Local authority,E92000001,England,E12000006,East of England,821,Luton,E06000032,CLA on 31 March,Any moves,Total children,239,100
2025,Reporting year,Local authority,E92000001,England,E12000006,East of England,821,Luton,E06000032,CLA on 31 March,Any moves,With one or more moves during the year,23,10
2025,Reporting year,Local authority,E92000001,England,E12000006,East of England,821,Luton,E06000032,CLA on 31 March,Mid-year moves,Total children,239,100
2025,Reporting year,Local authority,E92000001,England,E12000006,East of England,821,Luton,E06000032,CLA on 31 March,Mid-year moves,With one or more mid-year moves during the year,19,8
2025,Reporting year,Local authority,E92000001,England,E12000006,East of England,882,Southend-on-Sea,E06000033,CLA 2 years on 31 March,Any moves,Total children,191,100
2025,Reporting year,Local authority,E92000001,England,E12000006,East of England,882,Southend-on-Sea,E06000033,CLA 2 years on 31 March,Any moves,With one or more moves during the previous 2 years,45,24
2025,Reporting year,Local authority,E92000001,England,E12000006,East of England,882,Southend-on-Sea,E06000033,CLA 2 years on 31 March,Mid-year moves,Total children,191,100
2025,Reporting year,Local authority,E92000001,England,E12000006,East of England,882,Southend-on-Sea,E06000033,CLA 2 years on 31 March,Mid-year moves,With one or more mid-year moves during the previous 2 years,34,18
2025,Reporting year,Local authority,E92000001,England,E12000006,East of England,882,Southend-on-Sea,E06000033,CLA on 31 March,Any moves,Total children,220,100
2025,Reporting year,Local authority,E92000001,England,E12000006,East of England,882,Southend-on-Sea,E06000033,CLA on 31 March,Any moves,With one or more moves during the year,32,15
2025,Reporting year,Local authority,E92000001,England,E12000006,East of England,882,Southend-on-Sea,E06000033,CLA on 31 March,Mid-year moves,Total children,220,100
2025,Reporting year,Local authority,E92000001,England,E12000006,East of England,882,Southend-on-Sea,E06000033,CLA on 31 March,Mid-year moves,With one or more mid-year moves during the year,23,10
2025,Reporting year,Local authority,E92000001,England,E12000006,East of England,883,Thurrock,E06000034,CLA 2 years on 31 March,Any moves,Total children,143,100
2025,Reporting year,Local authority,E92000001,England,E12000006,East of England,883,Thurrock,E06000034,CLA 2 years on 31 March,Any moves,With one or more moves during the previous 2 years,42,29
2025,Reporting year,Local authority,E92000001,England,E12000006,East of England,883,Thurrock,E06000034,CLA 2 years on 31 March,Mid-year moves,Total children,143,100
2025,Reporting year,Local authority,E92000001,England,E12000006,East of England,883,Thurrock,E06000034,CLA 2 years on 31 March,Mid-year moves,With one or more mid-year moves during the previous 2 years,34,24
2025,Reporting year,Local authority,E92000001,England,E12000006,East of England,883,Thurrock,E06000034,CLA on 31 March,Any moves,Total children,162,100
2025,Reporting year,Local authority,E92000001,England,E12000006,East of England,883,Thurrock,E06000034,CLA on 31 March,Any moves,With one or more moves during the year,29,18
2025,Reporting year,Local authority,E92000001,England,E12000006,East of England,883,Thurrock,E06000034,CLA on 31 March,Mid-year moves,Total children,162,100
2025,Reporting year,Local authority,E92000001,England,E12000006,East of England,883,Thurrock,E06000034,CLA on 31 March,Mid-year moves,With one or more mid-year moves during the year,22,14
2025,Reporting year,Local authority,E92000001,England,E12000006,East of England,822,Bedford,E06000055,CLA 2 years on 31 March,Any moves,Total children,140,100
2025,Reporting year,Local authority,E92000001,England,E12000006,East of England,822,Bedford,E06000055,CLA 2 years on 31 March,Any moves,With one or more moves during the previous 2 years,34,24
2025,Reporting year,Local authority,E92000001,England,E12000006,East of England,822,Bedford,E06000055,CLA 2 years on 31 March,Mid-year moves,Total children,140,100
2025,Reporting year,Local authority,E92000001,England,E12000006,East of England,822,Bedford,E06000055,CLA 2 years on 31 March,Mid-year moves,With one or more mid-year moves during the previous 2 years,24,17
2025,Reporting year,Local authority,E92000001,England,E12000006,East of England,822,Bedford,E06000055,CLA on 31 March,Any moves,Total children,168,100
2025,Reporting year,Local authority,E92000001,England,E12000006,East of England,822,Bedford,E06000055,CLA on 31 March,Any moves,With one or more moves during the year,26,15
2025,Reporting year,Local authority,E92000001,England,E12000006,East of England,822,Bedford,E06000055,CLA on 31 March,Mid-year moves,Total children,168,100
2025,Reporting year,Local authority,E92000001,England,E12000006,East of England,822,Bedford,E06000055,CLA on 31 March,Mid-year moves,With one or more mid-year moves during the year,20,12
2025,Reporting year,Local authority,E92000001,England,E12000006,East of England,823,Central Bedfordshire,E06000056,CLA 2 years on 31 March,Any moves,Total children,198,100
2025,Reporting year,Local authority,E92000001,England,E12000006,East of England,823,Central Bedfordshire,E06000056,CLA 2 years on 31 March,Any moves,With one or more moves during the previous 2 years,33,17
2025,Reporting year,Local authority,E92000001,England,E12000006,East of England,823,Central Bedfordshire,E06000056,CLA 2 years on 31 March,Mid-year moves,Total children,198,100
2025,Reporting year,Local authority,E92000001,England,E12000006,East of England,823,Central Bedfordshire,E06000056,CLA 2 years on 31 March,Mid-year moves,With one or more mid-year moves during the previous 2 years,24,12
2025,Reporting year,Local authority,E92000001,England,E12000006,East of England,823,Central Bedfordshire,E06000056,CLA on 31 March,Any moves,Total children,221,100
2025,Reporting year,Local authority,E92000001,England,E12000006,East of England,823,Central Bedfordshire,E06000056,CLA on 31 March,Any moves,With one or more moves during the year,23,10
2025,Reporting year,Local authority,E92000001,England,E12000006,East of England,823,Central Bedfordshire,E06000056,CLA on 31 March,Mid-year moves,Total children,221,100
2025,Reporting year,Local authority,E92000001,England,E12000006,East of England,823,Central Bedfordshire,E06000056,CLA on 31 March,Mid-year moves,With one or more mid-year moves during the year,16,7
2025,Reporting year,Local authority,E92000001,England,E12000006,East of England,873,Cambridgeshire,E10000003,CLA 2 years on 31 March,Any moves,Total children,320,100
2025,Reporting year,Local authority,E92000001,England,E12000006,East of England,873,Cambridgeshire,E10000003,CLA 2 years on 31 March,Any moves,With one or more moves during the previous 2 years,85,27
2025,Reporting year,Local authority,E92000001,England,E12000006,East of England,873,Cambridgeshire,E10000003,CLA 2 years on 31 March,Mid-year moves,Total children,320,100
2025,Reporting year,Local authority,E92000001,England,E12000006,East of England,873,Cambridgeshire,E10000003,CLA 2 years on 31 March,Mid-year moves,With one or more mid-year moves during the previous 2 years,64,20
2025,Reporting year,Local authority,E92000001,England,E12000006,East of England,873,Cambridgeshire,E10000003,CLA on 31 March,Any moves,Total children,405,100
2025,Reporting year,Local authority,E92000001,England,E12000006,East of England,873,Cambridgeshire,E10000003,CLA on 31 March,Any moves,With one or more moves during the year,83,20
2025,Reporting year,Local authority,E92000001,England,E12000006,East of England,873,Cambridgeshire,E10000003,CLA on 31 March,Mid-year moves,Total children,405,100
2025,Reporting year,Local authority,E92000001,England,E12000006,East of England,873,Cambridgeshire,E10000003,CLA on 31 March,Mid-year moves,With one or more mid-year moves during the year,63,16
2025,Reporting year,Local authority,E92000001,England,E12000006,East of England,881,Essex,E10000012,CLA 2 years on 31 March,Any moves,Total children,607,100
2025,Reporting year,Local authority,E92000001,England,E12000006,East of England,881,Essex,E10000012,CLA 2 years on 31 March,Any moves,With one or more moves during the previous 2 years,153,25
2025,Reporting year,Local authority,E92000001,England,E12000006,East of England,881,Essex,E10000012,CLA 2 years on 31 March,Mid-year moves,Total children,607,100
2025,Reporting year,Local authority,E92000001,England,E12000006,East of England,881,Essex,E10000012,CLA 2 years on 31 March,Mid-year moves,With one or more mid-year moves during the previous 2 years,104,17
2025,Reporting year,Local authority,E92000001,England,E12000006,East of England,881,Essex,E10000012,CLA on 31 March,Any moves,Total children,678,100
2025,Reporting year,Local authority,E92000001,England,E12000006,East of England,881,Essex,E10000012,CLA on 31 March,Any moves,With one or more moves during the year,105,15
2025,Reporting year,Local authority,E92000001,England,E12000006,East of England,881,Essex,E10000012,CLA on 31 March,Mid-year moves,Total children,678,100
2025,Reporting year,Local authority,E92000001,England,E12000006,East of England,881,Essex,E10000012,CLA on 31 March,Mid-year moves,With one or more mid-year moves during the year,69,10
2025,Reporting year,Local authority,E92000001,England,E12000006,East of England,919,Hertfordshire,E10000015,CLA 2 years on 31 March,Any moves,Total children,529,100
2025,Reporting year,Local authority,E92000001,England,E12000006,East of England,919,Hertfordshire,E10000015,CLA 2 years on 31 March,Any moves,With one or more moves during the previous 2 years,107,20
2025,Reporting year,Local authority,E92000001,England,E12000006,East of England,919,Hertfordshire,E10000015,CLA 2 years on 31 March,Mid-year moves,Total children,529,100
2025,Reporting year,Local authority,E92000001,England,E12000006,East of England,919,Hertfordshire,E10000015,CLA 2 years on 31 March,Mid-year moves,With one or more mid-year moves during the previous 2 years,62,12
2025,Reporting year,Local authority,E92000001,England,E12000006,East of England,919,Hertfordshire,E10000015,CLA on 31 March,Any moves,Total children,653,100
2025,Reporting year,Local authority,E92000001,England,E12000006,East of England,919,Hertfordshire,E10000015,CLA on 31 March,Any moves,With one or more moves during the year,80,12
2025,Reporting year,Local authority,E92000001,England,E12000006,East of England,919,Hertfordshire,E10000015,CLA on 31 March,Mid-year moves,Total children,653,100
2025,Reporting year,Local authority,E92000001,England,E12000006,East of England,919,Hertfordshire,E10000015,CLA on 31 March,Mid-year moves,With one or more mid-year moves during the year,47,7
2025,Reporting year,Local authority,E92000001,England,E12000006,East of England,926,Norfolk,E10000020,CLA 2 years on 31 March,Any moves,Total children,586,100
2025,Reporting year,Local authority,E92000001,England,E12000006,East of England,926,Norfolk,E10000020,CLA 2 years on 31 March,Any moves,With one or more moves during the previous 2 years,125,21
2025,Reporting year,Local authority,E92000001,England,E12000006,East of England,926,Norfolk,E10000020,CLA 2 years on 31 March,Mid-year moves,Total children,586,100
2025,Reporting year,Local authority,E92000001,England,E12000006,East of England,926,Norfolk,E10000020,CLA 2 years on 31 March,Mid-year moves,With one or more mid-year moves during the previous 2 years,88,15
2025,Reporting year,Local authority,E92000001,England,E12000006,East of England,926,Norfolk,E10000020,CLA on 31 March,Any moves,Total children,612,100
2025,Reporting year,Local authority,E92000001,England,E12000006,East of England,926,Norfolk,E10000020,CLA on 31 March,Any moves,With one or more moves during the year,78,13
2025,Reporting year,Local authority,E92000001,England,E12000006,East of England,926,Norfolk,E10000020,CLA on 31 March,Mid-year moves,Total children,612,100
2025,Reporting year,Local authority,E92000001,England,E12000006,East of England,926,Norfolk,E10000020,CLA on 31 March,Mid-year moves,With one or more mid-year moves during the year,50,8
2025,Reporting year,Local authority,E92000001,England,E12000006,East of England,935,Suffolk,E10000029,CLA 2 years on 31 March,Any moves,Total children,529,100
2025,Reporting year,Local authority,E92000001,England,E12000006,East of England,935,Suffolk,E10000029,CLA 2 years on 31 March,Any moves,With one or more moves during the previous 2 years,130,25
2025,Reporting year,Local authority,E92000001,England,E12000006,East of England,935,Suffolk,E10000029,CLA 2 years on 31 March,Mid-year moves,Total children,529,100
2025,Reporting year,Local authority,E92000001,England,E12000006,East of England,935,Suffolk,E10000029,CLA 2 years on 31 March,Mid-year moves,With one or more mid-year moves during the previous 2 years,91,17
2025,Reporting year,Local authority,E92000001,England,E12000006,East of England,935,Suffolk,E10000029,CLA on 31 March,Any moves,Total children,569,100
2025,Reporting year,Local authority,E92000001,England,E12000006,East of England,935,Suffolk,E10000029,CLA on 31 March,Any moves,With one or more moves during the year,78,14
2025,Reporting year,Local authority,E92000001,England,E12000006,East of England,935,Suffolk,E10000029,CLA on 31 March,Mid-year moves,Total children,569,100
2025,Reporting year,Local authority,E92000001,England,E12000006,East of England,935,Suffolk,E10000029,CLA on 31 March,Mid-year moves,With one or more mid-year moves during the year,53,9
2025,Reporting year,Local authority,E92000001,England,E12000008,South East,887,Medway,E06000035,CLA 2 years on 31 March,Any moves,Total children,282,100
2025,Reporting year,Local authority,E92000001,England,E12000008,South East,887,Medway,E06000035,CLA 2 years on 31 March,Any moves,With one or more moves during the previous 2 years,65,23
2025,Reporting year,Local authority,E92000001,England,E12000008,South East,887,Medway,E06000035,CLA 2 years on 31 March,Mid-year moves,Total children,282,100
2025,Reporting year,Local authority,E92000001,England,E12000008,South East,887,Medway,E06000035,CLA 2 years on 31 March,Mid-year moves,With one or more mid-year moves during the previous 2 years,46,16
2025,Reporting year,Local authority,E92000001,England,E12000008,South East,887,Medway,E06000035,CLA on 31 March,Any moves,Total children,307,100
2025,Reporting year,Local authority,E92000001,England,E12000008,South East,887,Medway,E06000035,CLA on 31 March,Any moves,With one or more moves during the year,39,13
2025,Reporting year,Local authority,E92000001,England,E12000008,South East,887,Medway,E06000035,CLA on 31 March,Mid-year moves,Total children,307,100
2025,Reporting year,Local authority,E92000001,England,E12000008,South East,887,Medway,E06000035,CLA on 31 March,Mid-year moves,With one or more mid-year moves during the year,29,9
2025,Reporting year,Local authority,E92000001,England,E12000008,South East,867,Bracknell Forest,E06000036,CLA 2 years on 31 March,Any moves,Total children,55,100
2025,Reporting year,Local authority,E92000001,England,E12000008,South East,867,Bracknell Forest,E06000036,CLA 2 years on 31 March,Any moves,With one or more moves during the previous 2 years,10,18
2025,Reporting year,Local authority,E92000001,England,E12000008,South East,867,Bracknell Forest,E06000036,CLA 2 years on 31 March,Mid-year moves,Total children,55,100
2025,Reporting year,Local authority,E92000001,England,E12000008,South East,867,Bracknell Forest,E06000036,CLA 2 years on 31 March,Mid-year moves,With one or more mid-year moves during the previous 2 years,8,15
2025,Reporting year,Local authority,E92000001,England,E12000008,South East,867,Bracknell Forest,E06000036,CLA on 31 March,Any moves,Total children,65,100
2025,Reporting year,Local authority,E92000001,England,E12000008,South East,867,Bracknell Forest,E06000036,CLA on 31 March,Any moves,With one or more moves during the year,0,0
2025,Reporting year,Local authority,E92000001,England,E12000008,South East,867,Bracknell Forest,E06000036,CLA on 31 March,Mid-year moves,Total children,65,100
2025,Reporting year,Local authority,E92000001,England,E12000008,South East,867,Bracknell Forest,E06000036,CLA on 31 March,Mid-year moves,With one or more mid-year moves during the year,0,0
2025,Reporting year,Local authority,E92000001,England,E12000008,South East,869,West Berkshire,E06000037,CLA 2 years on 31 March,Any moves,Total children,94,100
2025,Reporting year,Local authority,E92000001,England,E12000008,South East,869,West Berkshire,E06000037,CLA 2 years on 31 March,Any moves,With one or more moves during the previous 2 years,29,31
2025,Reporting year,Local authority,E92000001,England,E12000008,South East,869,West Berkshire,E06000037,CLA 2 years on 31 March,Mid-year moves,Total children,94,100
2025,Reporting year,Local authority,E92000001,England,E12000008,South East,869,West Berkshire,E06000037,CLA 2 years on 31 March,Mid-year moves,With one or more mid-year moves during the previous 2 years,19,20
2025,Reporting year,Local authority,E92000001,England,E12000008,South East,869,West Berkshire,E06000037,CLA on 31 March,Any moves,Total children,116,100
2025,Reporting year,Local authority,E92000001,England,E12000008,South East,869,West Berkshire,E06000037,CLA on 31 March,Any moves,With one or more moves during the year,21,18
2025,Reporting year,Local authority,E92000001,England,E12000008,South East,869,West Berkshire,E06000037,CLA on 31 March,Mid-year moves,Total children,116,100
2025,Reporting year,Local authority,E92000001,England,E12000008,South East,869,West Berkshire,E06000037,CLA on 31 March,Mid-year moves,With one or more mid-year moves during the year,15,13
2025,Reporting year,Local authority,E92000001,England,E12000008,South East,870,Reading,E06000038,CLA 2 years on 31 March,Any moves,Total children,141,100
2025,Reporting year,Local authority,E92000001,England,E12000008,South East,870,Reading,E06000038,CLA 2 years on 31 March,Any moves,With one or more moves during the previous 2 years,32,23
2025,Reporting year,Local authority,E92000001,England,E12000008,South East,870,Reading,E06000038,CLA 2 years on 31 March,Mid-year moves,Total children,141,100
2025,Reporting year,Local authority,E92000001,England,E12000008,South East,870,Reading,E06000038,CLA 2 years on 31 March,Mid-year moves,With one or more mid-year moves during the previous 2 years,24,17
2025,Reporting year,Local authority,E92000001,England,E12000008,South East,870,Reading,E06000038,CLA on 31 March,Any moves,Total children,169,100
2025,Reporting year,Local authority,E92000001,England,E12000008,South East,870,Reading,E06000038,CLA on 31 March,Any moves,With one or more moves during the year,24,14
2025,Reporting year,Local authority,E92000001,England,E12000008,South East,870,Reading,E06000038,CLA on 31 March,Mid-year moves,Total children,169,100
2025,Reporting year,Local authority,E92000001,England,E12000008,South East,870,Reading,E06000038,CLA on 31 March,Mid-year moves,With one or more mid-year moves during the year,16,9
2025,Reporting year,Local authority,E92000001,England,E12000008,South East,871,Slough,E06000039,CLA 2 years on 31 March,Any moves,Total children,88,100
2025,Reporting year,Local authority,E92000001,England,E12000008,South East,871,Slough,E06000039,CLA 2 years on 31 March,Any moves,With one or more moves during the previous 2 years,17,19
2025,Reporting year,Local authority,E92000001,England,E12000008,South East,871,Slough,E06000039,CLA 2 years on 31 March,Mid-year moves,Total children,88,100
2025,Reporting year,Local authority,E92000001,England,E12000008,South East,871,Slough,E06000039,CLA 2 years on 31 March,Mid-year moves,With one or more mid-year moves during the previous 2 years,13,15
2025,Reporting year,Local authority,E92000001,England,E12000008,South East,871,Slough,E06000039,CLA on 31 March,Any moves,Total children,105,100
2025,Reporting year,Local authority,E92000001,England,E12000008,South East,871,Slough,E06000039,CLA on 31 March,Any moves,With one or more moves during the year,10,10
2025,Reporting year,Local authority,E92000001,England,E12000008,South East,871,Slough,E06000039,CLA on 31 March,Mid-year moves,Total children,105,100
2025,Reporting year,Local authority,E92000001,England,E12000008,South East,871,Slough,E06000039,CLA on 31 March,Mid-year moves,With one or more mid-year moves during the year,8,8
2025,Reporting year,Local authority,E92000001,England,E12000008,South East,868,Windsor and Maidenhead,E06000040,CLA 2 years on 31 March,Any moves,Total children,70,100
2025,Reporting year,Local authority,E92000001,England,E12000008,South East,868,Windsor and Maidenhead,E06000040,CLA 2 years on 31 March,Any moves,With one or more moves during the previous 2 years,20,29
2025,Reporting year,Local authority,E92000001,England,E12000008,South East,868,Windsor and Maidenhead,E06000040,CLA 2 years on 31 March,Mid-year moves,Total children,70,100
2025,Reporting year,Local authority,E92000001,England,E12000008,South East,868,Windsor and Maidenhead,E06000040,CLA 2 years on 31 March,Mid-year moves,With one or more mid-year moves during the previous 2 years,17,24
2025,Reporting year,Local authority,E92000001,England,E12000008,South East,868,Windsor and Maidenhead,E06000040,CLA on 31 March,Any moves,Total children,82,100
2025,Reporting year,Local authority,E92000001,England,E12000008,South East,868,Windsor and Maidenhead,E06000040,CLA on 31 March,Any moves,With one or more moves during the year,14,17
2025,Reporting year,Local authority,E92000001,England,E12000008,South East,868,Windsor and Maidenhead,E06000040,CLA on 31 March,Mid-year moves,Total children,82,100
2025,Reporting year,Local authority,E92000001,England,E12000008,South East,868,Windsor and Maidenhead,E06000040,CLA on 31 March,Mid-year moves,With one or more mid-year moves during the year,12,15
2025,Reporting year,Local authority,E92000001,England,E12000008,South East,872,Wokingham,E06000041,CLA 2 years on 31 March,Any moves,Total children,67,100
2025,Reporting year,Local authority,E92000001,England,E12000008,South East,872,Wokingham,E06000041,CLA 2 years on 31 March,Any moves,With one or more moves during the previous 2 years,13,19
2025,Reporting year,Local authority,E92000001,England,E12000008,South East,872,Wokingham,E06000041,CLA 2 years on 31 March,Mid-year moves,Total children,67,100
2025,Reporting year,Local authority,E92000001,England,E12000008,South East,872,Wokingham,E06000041,CLA 2 years on 31 March,Mid-year moves,With one or more mid-year moves during the previous 2 years,12,18
2025,Reporting year,Local authority,E92000001,England,E12000008,South East,872,Wokingham,E06000041,CLA on 31 March,Any moves,Total children,68,100
2025,Reporting year,Local authority,E92000001,England,E12000008,South East,872,Wokingham,E06000041,CLA on 31 March,Any moves,With one or more moves during the year,6,9
2025,Reporting year,Local authority,E92000001,England,E12000008,South East,872,Wokingham,E06000041,CLA on 31 March,Mid-year moves,Total children,68,100
2025,Reporting year,Local authority,E92000001,England,E12000008,South East,872,Wokingham,E06000041,CLA on 31 March,Mid-year moves,With one or more mid-year moves during the year,6,9
2025,Reporting year,Local authority,E92000001,England,E12000008,South East,826,Milton Keynes,E06000042,CLA 2 years on 31 March,Any moves,Total children,207,100
2025,Reporting year,Local authority,E92000001,England,E12000008,South East,826,Milton Keynes,E06000042,CLA 2 years on 31 March,Any moves,With one or more moves during the previous 2 years,61,29
2025,Reporting year,Local authority,E92000001,England,E12000008,South East,826,Milton Keynes,E06000042,CLA 2 years on 31 March,Mid-year moves,Total children,207,100
2025,Reporting year,Local authority,E92000001,England,E12000008,South East,826,Milton Keynes,E06000042,CLA 2 years on 31 March,Mid-year moves,With one or more mid-year moves during the previous 2 years,51,25
2025,Reporting year,Local authority,E92000001,England,E12000008,South East,826,Milton Keynes,E06000042,CLA on 31 March,Any moves,Total children,316,100
2025,Reporting year,Local authority,E92000001,England,E12000008,South East,826,Milton Keynes,E06000042,CLA on 31 March,Any moves,With one or more moves during the year,59,19
2025,Reporting year,Local authority,E92000001,England,E12000008,South East,826,Milton Keynes,E06000042,CLA on 31 March,Mid-year moves,Total children,316,100
2025,Reporting year,Local authority,E92000001,England,E12000008,South East,826,Milton Keynes,E06000042,CLA on 31 March,Mid-year moves,With one or more mid-year moves during the year,50,16
2025,Reporting year,Local authority,E92000001,England,E12000008,South East,846,Brighton and Hove,E06000043,CLA 2 years on 31 March,Any moves,Total children,178,100
2025,Reporting year,Local authority,E92000001,England,E12000008,South East,846,Brighton and Hove,E06000043,CLA 2 years on 31 March,Any moves,With one or more moves during the previous 2 years,45,25
2025,Reporting year,Local authority,E92000001,England,E12000008,South East,846,Brighton and Hove,E06000043,CLA 2 years on 31 March,Mid-year moves,Total children,178,100
2025,Reporting year,Local authority,E92000001,England,E12000008,South East,846,Brighton and Hove,E06000043,CLA 2 years on 31 March,Mid-year moves,With one or more mid-year moves during the previous 2 years,24,13
2025,Reporting year,Local authority,E92000001,England,E12000008,South East,846,Brighton and Hove,E06000043,CLA on 31 March,Any moves,Total children,208,100
2025,Reporting year,Local authority,E92000001,England,E12000008,South East,846,Brighton and Hove,E06000043,CLA on 31 March,Any moves,With one or more moves during the year,30,14
2025,Reporting year,Local authority,E92000001,England,E12000008,South East,846,Brighton and Hove,E06000043,CLA on 31 March,Mid-year moves,Total children,208,100
2025,Reporting year,Local authority,E92000001,England,E12000008,South East,846,Brighton and Hove,E06000043,CLA on 31 March,Mid-year moves,With one or more mid-year moves during the year,19,9
2025,Reporting year,Local authority,E92000001,England,E12000008,South East,851,Portsmouth,E06000044,CLA 2 years on 31 March,Any moves,Total children,220,100
2025,Reporting year,Local authority,E92000001,England,E12000008,South East,851,Portsmouth,E06000044,CLA 2 years on 31 March,Any moves,With one or more moves during the previous 2 years,38,17
2025,Reporting year,Local authority,E92000001,England,E12000008,South East,851,Portsmouth,E06000044,CLA 2 years on 31 March,Mid-year moves,Total children,220,100
2025,Reporting year,Local authority,E92000001,England,E12000008,South East,851,Portsmouth,E06000044,CLA 2 years on 31 March,Mid-year moves,With one or more mid-year moves during the previous 2 years,28,13
2025,Reporting year,Local authority,E92000001,England,E12000008,South East,851,Portsmouth,E06000044,CLA on 31 March,Any moves,Total children,258,100
2025,Reporting year,Local authority,E92000001,England,E12000008,South East,851,Portsmouth,E06000044,CLA on 31 March,Any moves,With one or more moves during the year,16,6
2025,Reporting year,Local authority,E92000001,England,E12000008,South East,851,Portsmouth,E06000044,CLA on 31 March,Mid-year moves,Total children,258,100
2025,Reporting year,Local authority,E92000001,England,E12000008,South East,851,Portsmouth,E06000044,CLA on 31 March,Mid-year moves,With one or more mid-year moves during the year,15,6
2025,Reporting year,Local authority,E92000001,England,E12000008,South East,852,Southampton,E06000045,CLA 2 years on 31 March,Any moves,Total children,290,100
2025,Reporting year,Local authority,E92000001,England,E12000008,South East,852,Southampton,E06000045,CLA 2 years on 31 March,Any moves,With one or more moves during the previous 2 years,83,29
2025,Reporting year,Local authority,E92000001,England,E12000008,South East,852,Southampton,E06000045,CLA 2 years on 31 March,Mid-year moves,Total children,290,100
2025,Reporting year,Local authority,E92000001,England,E12000008,South East,852,Southampton,E06000045,CLA 2 years on 31 March,Mid-year moves,With one or more mid-year moves during the previous 2 years,57,20
2025,Reporting year,Local authority,E92000001,England,E12000008,South East,852,Southampton,E06000045,CLA on 31 March,Any moves,Total children,325,100
2025,Reporting year,Local authority,E92000001,England,E12000008,South East,852,Southampton,E06000045,CLA on 31 March,Any moves,With one or more moves during the year,48,15
2025,Reporting year,Local authority,E92000001,England,E12000008,South East,852,Southampton,E06000045,CLA on 31 March,Mid-year moves,Total children,325,100
2025,Reporting year,Local authority,E92000001,England,E12000008,South East,852,Southampton,E06000045,CLA on 31 March,Mid-year moves,With one or more mid-year moves during the year,31,10
2025,Reporting year,Local authority,E92000001,England,E12000008,South East,921,Isle of Wight,E06000046,CLA 2 years on 31 March,Any moves,Total children,166,100
2025,Reporting year,Local authority,E92000001,England,E12000008,South East,921,Isle of Wight,E06000046,CLA 2 years on 31 March,Any moves,With one or more moves during the previous 2 years,20,12
2025,Reporting year,Local authority,E92000001,England,E12000008,South East,921,Isle of Wight,E06000046,CLA 2 years on 31 March,Mid-year moves,Total children,166,100
2025,Reporting year,Local authority,E92000001,England,E12000008,South East,921,Isle of Wight,E06000046,CLA 2 years on 31 March,Mid-year moves,With one or more mid-year moves during the previous 2 years,18,11
2025,Reporting year,Local authority,E92000001,England,E12000008,South East,921,Isle of Wight,E06000046,CLA on 31 March,Any moves,Total children,183,100
2025,Reporting year,Local authority,E92000001,England,E12000008,South East,921,Isle of Wight,E06000046,CLA on 31 March,Any moves,With one or more moves during the year,12,7
2025,Reporting year,Local authority,E92000001,England,E12000008,South East,921,Isle of Wight,E06000046,CLA on 31 March,Mid-year moves,Total children,183,100
2025,Reporting year,Local authority,E92000001,England,E12000008,South East,921,Isle of Wight,E06000046,CLA on 31 March,Mid-year moves,With one or more mid-year moves during the year,6,3
2025,Reporting year,Local authority,E92000001,England,E12000008,South East,825,Buckinghamshire,E06000060,CLA 2 years on 31 March,Any moves,Total children,262,100
2025,Reporting year,Local authority,E92000001,England,E12000008,South East,825,Buckinghamshire,E06000060,CLA 2 years on 31 March,Any moves,With one or more moves during the previous 2 years,68,26
2025,Reporting year,Local authority,E92000001,England,E12000008,South East,825,Buckinghamshire,E06000060,CLA 2 years on 31 March,Mid-year moves,Total children,262,100
2025,Reporting year,Local authority,E92000001,England,E12000008,South East,825,Buckinghamshire,E06000060,CLA 2 years on 31 March,Mid-year moves,With one or more mid-year moves during the previous 2 years,55,21
2025,Reporting year,Local authority,E92000001,England,E12000008,South East,825,Buckinghamshire,E06000060,CLA on 31 March,Any moves,Total children,303,100
2025,Reporting year,Local authority,E92000001,England,E12000008,South East,825,Buckinghamshire,E06000060,CLA on 31 March,Any moves,With one or more moves during the year,46,15
2025,Reporting year,Local authority,E92000001,England,E12000008,South East,825,Buckinghamshire,E06000060,CLA on 31 March,Mid-year moves,Total children,303,100
2025,Reporting year,Local authority,E92000001,England,E12000008,South East,825,Buckinghamshire,E06000060,CLA on 31 March,Mid-year moves,With one or more mid-year moves during the year,41,14
2025,Reporting year,Local authority,E92000001,England,E12000008,South East,845,East Sussex,E10000011,CLA 2 years on 31 March,Any moves,Total children,379,100
2025,Reporting year,Local authority,E92000001,England,E12000008,South East,845,East Sussex,E10000011,CLA 2 years on 31 March,Any moves,With one or more moves during the previous 2 years,77,20
2025,Reporting year,Local authority,E92000001,England,E12000008,South East,845,East Sussex,E10000011,CLA 2 years on 31 March,Mid-year moves,Total children,379,100
2025,Reporting year,Local authority,E92000001,England,E12000008,South East,845,East Sussex,E10000011,CLA 2 years on 31 March,Mid-year moves,With one or more mid-year moves during the previous 2 years,57,15
2025,Reporting year,Local authority,E92000001,England,E12000008,South East,845,East Sussex,E10000011,CLA on 31 March,Any moves,Total children,432,100
2025,Reporting year,Local authority,E92000001,England,E12000008,South East,845,East Sussex,E10000011,CLA on 31 March,Any moves,With one or more moves during the year,49,11
2025,Reporting year,Local authority,E92000001,England,E12000008,South East,845,East Sussex,E10000011,CLA on 31 March,Mid-year moves,Total children,432,100
2025,Reporting year,Local authority,E92000001,England,E12000008,South East,845,East Sussex,E10000011,CLA on 31 March,Mid-year moves,With one or more mid-year moves during the year,34,8
2025,Reporting year,Local authority,E92000001,England,E12000008,South East,850,Hampshire,E10000014,CLA 2 years on 31 March,Any moves,Total children,1044,100
2025,Reporting year,Local authority,E92000001,England,E12000008,South East,850,Hampshire,E10000014,CLA 2 years on 31 March,Any moves,With one or more moves during the previous 2 years,234,22
2025,Reporting year,Local authority,E92000001,England,E12000008,South East,850,Hampshire,E10000014,CLA 2 years on 31 March,Mid-year moves,Total children,1044,100
2025,Reporting year,Local authority,E92000001,England,E12000008,South East,850,Hampshire,E10000014,CLA 2 years on 31 March,Mid-year moves,With one or more mid-year moves during the previous 2 years,165,16
2025,Reporting year,Local authority,E92000001,England,E12000008,South East,850,Hampshire,E10000014,CLA on 31 March,Any moves,Total children,1133,100
2025,Reporting year,Local authority,E92000001,England,E12000008,South East,850,Hampshire,E10000014,CLA on 31 March,Any moves,With one or more moves during the year,162,14
2025,Reporting year,Local authority,E92000001,England,E12000008,South East,850,Hampshire,E10000014,CLA on 31 March,Mid-year moves,Total children,1133,100
2025,Reporting year,Local authority,E92000001,England,E12000008,South East,850,Hampshire,E10000014,CLA on 31 March,Mid-year moves,With one or more mid-year moves during the year,108,10
2025,Reporting year,Local authority,E92000001,England,E12000008,South East,886,Kent,E10000016,CLA 2 years on 31 March,Any moves,Total children,888,100
2025,Reporting year,Local authority,E92000001,England,E12000008,South East,886,Kent,E10000016,CLA 2 years on 31 March,Any moves,With one or more moves during the previous 2 years,162,18
2025,Reporting year,Local authority,E92000001,England,E12000008,South East,886,Kent,E10000016,CLA 2 years on 31 March,Mid-year moves,Total children,888,100
2025,Reporting year,Local authority,E92000001,England,E12000008,South East,886,Kent,E10000016,CLA 2 years on 31 March,Mid-year moves,With one or more mid-year moves during the previous 2 years,122,14
2025,Reporting year,Local authority,E92000001,England,E12000008,South East,886,Kent,E10000016,CLA on 31 March,Any moves,Total children,1004,100
2025,Reporting year,Local authority,E92000001,England,E12000008,South East,886,Kent,E10000016,CLA on 31 March,Any moves,With one or more moves during the year,113,11
2025,Reporting year,Local authority,E92000001,England,E12000008,South East,886,Kent,E10000016,CLA on 31 March,Mid-year moves,Total children,1004,100
2025,Reporting year,Local authority,E92000001,England,E12000008,South East,886,Kent,E10000016,CLA on 31 March,Mid-year moves,With one or more mid-year moves during the year,80,8
2025,Reporting year,Local authority,E92000001,England,E12000008,South East,931,Oxfordshire,E10000025,CLA 2 years on 31 March,Any moves,Total children,406,100
2025,Reporting year,Local authority,E92000001,England,E12000008,South East,931,Oxfordshire,E10000025,CLA 2 years on 31 March,Any moves,With one or more moves during the previous 2 years,103,25
2025,Reporting year,Local authority,E92000001,England,E12000008,South East,931,Oxfordshire,E10000025,CLA 2 years on 31 March,Mid-year moves,Total children,406,100
2025,Reporting year,Local authority,E92000001,England,E12000008,South East,931,Oxfordshire,E10000025,CLA 2 years on 31 March,Mid-year moves,With one or more mid-year moves during the previous 2 years,82,20
2025,Reporting year,Local authority,E92000001,England,E12000008,South East,931,Oxfordshire,E10000025,CLA on 31 March,Any moves,Total children,485,100
2025,Reporting year,Local authority,E92000001,England,E12000008,South East,931,Oxfordshire,E10000025,CLA on 31 March,Any moves,With one or more moves during the year,86,18
2025,Reporting year,Local authority,E92000001,England,E12000008,South East,931,Oxfordshire,E10000025,CLA on 31 March,Mid-year moves,Total children,485,100
2025,Reporting year,Local authority,E92000001,England,E12000008,South East,931,Oxfordshire,E10000025,CLA on 31 March,Mid-year moves,With one or more mid-year moves during the year,70,14
2025,Reporting year,Local authority,E92000001,England,E12000008,South East,936,Surrey,E10000030,CLA 2 years on 31 March,Any moves,Total children,499,100
2025,Reporting year,Local authority,E92000001,England,E12000008,South East,936,Surrey,E10000030,CLA 2 years on 31 March,Any moves,With one or more moves during the previous 2 years,119,24
2025,Reporting year,Local authority,E92000001,England,E12000008,South East,936,Surrey,E10000030,CLA 2 years on 31 March,Mid-year moves,Total children,499,100
2025,Reporting year,Local authority,E92000001,England,E12000008,South East,936,Surrey,E10000030,CLA 2 years on 31 March,Mid-year moves,With one or more mid-year moves during the previous 2 years,84,17
2025,Reporting year,Local authority,E92000001,England,E12000008,South East,936,Surrey,E10000030,CLA on 31 March,Any moves,Total children,573,100
2025,Reporting year,Local authority,E92000001,England,E12000008,South East,936,Surrey,E10000030,CLA on 31 March,Any moves,With one or more moves during the year,53,9
2025,Reporting year,Local authority,E92000001,England,E12000008,South East,936,Surrey,E10000030,CLA on 31 March,Mid-year moves,Total children,573,100
2025,Reporting year,Local authority,E92000001,England,E12000008,South East,936,Surrey,E10000030,CLA on 31 March,Mid-year moves,With one or more mid-year moves during the year,40,7
2025,Reporting year,Local authority,E92000001,England,E12000008,South East,938,West Sussex,E10000032,CLA 2 years on 31 March,Any moves,Total children,496,100
2025,Reporting year,Local authority,E92000001,England,E12000008,South East,938,West Sussex,E10000032,CLA 2 years on 31 March,Any moves,With one or more moves during the previous 2 years,126,25
2025,Reporting year,Local authority,E92000001,England,E12000008,South East,938,West Sussex,E10000032,CLA 2 years on 31 March,Mid-year moves,Total children,496,100
2025,Reporting year,Local authority,E92000001,England,E12000008,South East,938,West Sussex,E10000032,CLA 2 years on 31 March,Mid-year moves,With one or more mid-year moves during the previous 2 years,92,19
2025,Reporting year,Local authority,E92000001,England,E12000008,South East,938,West Sussex,E10000032,CLA on 31 March,Any moves,Total children,585,100
2025,Reporting year,Local authority,E92000001,England,E12000008,South East,938,West Sussex,E10000032,CLA on 31 March,Any moves,With one or more moves during the year,82,14
2025,Reporting year,Local authority,E92000001,England,E12000008,South East,938,West Sussex,E10000032,CLA on 31 March,Mid-year moves,Total children,585,100
2025,Reporting year,Local authority,E92000001,England,E12000008,South East,938,West Sussex,E10000032,CLA on 31 March,Mid-year moves,With one or more mid-year moves during the year,62,11
2025,Reporting year,Local authority,E92000001,England,E12000009,South West,800,Bath and North East Somerset,E06000022,CLA 2 years on 31 March,Any moves,Total children,120,100
2025,Reporting year,Local authority,E92000001,England,E12000009,South West,800,Bath and North East Somerset,E06000022,CLA 2 years on 31 March,Any moves,With one or more moves during the previous 2 years,21,18
2025,Reporting year,Local authority,E92000001,England,E12000009,South West,800,Bath and North East Somerset,E06000022,CLA 2 years on 31 March,Mid-year moves,Total children,120,100
2025,Reporting year,Local authority,E92000001,England,E12000009,South West,800,Bath and North East Somerset,E06000022,CLA 2 years on 31 March,Mid-year moves,With one or more mid-year moves during the previous 2 years,13,11
2025,Reporting year,Local authority,E92000001,England,E12000009,South West,800,Bath and North East Somerset,E06000022,CLA on 31 March,Any moves,Total children,142,100
2025,Reporting year,Local authority,E92000001,England,E12000009,South West,800,Bath and North East Somerset,E06000022,CLA on 31 March,Any moves,With one or more moves during the year,14,10
2025,Reporting year,Local authority,E92000001,England,E12000009,South West,800,Bath and North East Somerset,E06000022,CLA on 31 March,Mid-year moves,Total children,142,100
2025,Reporting year,Local authority,E92000001,England,E12000009,South West,800,Bath and North East Somerset,E06000022,CLA on 31 March,Mid-year moves,With one or more mid-year moves during the year,9,6
2025,Reporting year,Local authority,E92000001,England,E12000009,South West,801,"Bristol, City of",E06000023,CLA 2 years on 31 March,Any moves,Total children,416,100
2025,Reporting year,Local authority,E92000001,England,E12000009,South West,801,"Bristol, City of",E06000023,CLA 2 years on 31 March,Any moves,With one or more moves during the previous 2 years,103,25
2025,Reporting year,Local authority,E92000001,England,E12000009,South West,801,"Bristol, City of",E06000023,CLA 2 years on 31 March,Mid-year moves,Total children,416,100
2025,Reporting year,Local authority,E92000001,England,E12000009,South West,801,"Bristol, City of",E06000023,CLA 2 years on 31 March,Mid-year moves,With one or more mid-year moves during the previous 2 years,85,20
2025,Reporting year,Local authority,E92000001,England,E12000009,South West,801,"Bristol, City of",E06000023,CLA on 31 March,Any moves,Total children,477,100
2025,Reporting year,Local authority,E92000001,England,E12000009,South West,801,"Bristol, City of",E06000023,CLA on 31 March,Any moves,With one or more moves during the year,60,13
2025,Reporting year,Local authority,E92000001,England,E12000009,South West,801,"Bristol, City of",E06000023,CLA on 31 March,Mid-year moves,Total children,477,100
2025,Reporting year,Local authority,E92000001,England,E12000009,South West,801,"Bristol, City of",E06000023,CLA on 31 March,Mid-year moves,With one or more mid-year moves during the year,48,10
2025,Reporting year,Local authority,E92000001,England,E12000009,South West,802,North Somerset,E06000024,CLA 2 years on 31 March,Any moves,Total children,148,100
2025,Reporting year,Local authority,E92000001,England,E12000009,South West,802,North Somerset,E06000024,CLA 2 years on 31 March,Any moves,With one or more moves during the previous 2 years,46,31
2025,Reporting year,Local authority,E92000001,England,E12000009,South West,802,North Somerset,E06000024,CLA 2 years on 31 March,Mid-year moves,Total children,148,100
2025,Reporting year,Local authority,E92000001,England,E12000009,South West,802,North Somerset,E06000024,CLA 2 years on 31 March,Mid-year moves,With one or more mid-year moves during the previous 2 years,25,17
2025,Reporting year,Local authority,E92000001,England,E12000009,South West,802,North Somerset,E06000024,CLA on 31 March,Any moves,Total children,167,100
2025,Reporting year,Local authority,E92000001,England,E12000009,South West,802,North Somerset,E06000024,CLA on 31 March,Any moves,With one or more moves during the year,28,17
2025,Reporting year,Local authority,E92000001,England,E12000009,South West,802,North Somerset,E06000024,CLA on 31 March,Mid-year moves,Total children,167,100
2025,Reporting year,Local authority,E92000001,England,E12000009,South West,802,North Somerset,E06000024,CLA on 31 March,Mid-year moves,With one or more mid-year moves during the year,15,9
2025,Reporting year,Local authority,E92000001,England,E12000009,South West,803,South Gloucestershire,E06000025,CLA 2 years on 31 March,Any moves,Total children,87,100
2025,Reporting year,Local authority,E92000001,England,E12000009,South West,803,South Gloucestershire,E06000025,CLA 2 years on 31 March,Any moves,With one or more moves during the previous 2 years,20,23
2025,Reporting year,Local authority,E92000001,England,E12000009,South West,803,South Gloucestershire,E06000025,CLA 2 years on 31 March,Mid-year moves,Total children,87,100
2025,Reporting year,Local authority,E92000001,England,E12000009,South West,803,South Gloucestershire,E06000025,CLA 2 years on 31 March,Mid-year moves,With one or more mid-year moves during the previous 2 years,12,14
2025,Reporting year,Local authority,E92000001,England,E12000009,South West,803,South Gloucestershire,E06000025,CLA on 31 March,Any moves,Total children,117,100
2025,Reporting year,Local authority,E92000001,England,E12000009,South West,803,South Gloucestershire,E06000025,CLA on 31 March,Any moves,With one or more moves during the year,7,6
2025,Reporting year,Local authority,E92000001,England,E12000009,South West,803,South Gloucestershire,E06000025,CLA on 31 March,Mid-year moves,Total children,117,100
2025,Reporting year,Local authority,E92000001,England,E12000009,South West,803,South Gloucestershire,E06000025,CLA on 31 March,Mid-year moves,With one or more mid-year moves during the year,c,c
2025,Reporting year,Local authority,E92000001,England,E12000009,South West,879,Plymouth,E06000026,CLA 2 years on 31 March,Any moves,Total children,330,100
2025,Reporting year,Local authority,E92000001,England,E12000009,South West,879,Plymouth,E06000026,CLA 2 years on 31 March,Any moves,With one or more moves during the previous 2 years,64,19
2025,Reporting year,Local authority,E92000001,England,E12000009,South West,879,Plymouth,E06000026,CLA 2 years on 31 March,Mid-year moves,Total children,330,100
2025,Reporting year,Local authority,E92000001,England,E12000009,South West,879,Plymouth,E06000026,CLA 2 years on 31 March,Mid-year moves,With one or more mid-year moves during the previous 2 years,52,16
2025,Reporting year,Local authority,E92000001,England,E12000009,South West,879,Plymouth,E06000026,CLA on 31 March,Any moves,Total children,360,100
2025,Reporting year,Local authority,E92000001,England,E12000009,South West,879,Plymouth,E06000026,CLA on 31 March,Any moves,With one or more moves during the year,37,10
2025,Reporting year,Local authority,E92000001,England,E12000009,South West,879,Plymouth,E06000026,CLA on 31 March,Mid-year moves,Total children,360,100
2025,Reporting year,Local authority,E92000001,England,E12000009,South West,879,Plymouth,E06000026,CLA on 31 March,Mid-year moves,With one or more mid-year moves during the year,31,9
2025,Reporting year,Local authority,E92000001,England,E12000009,South West,880,Torbay,E06000027,CLA 2 years on 31 March,Any moves,Total children,162,100
2025,Reporting year,Local authority,E92000001,England,E12000009,South West,880,Torbay,E06000027,CLA 2 years on 31 March,Any moves,With one or more moves during the previous 2 years,37,23
2025,Reporting year,Local authority,E92000001,England,E12000009,South West,880,Torbay,E06000027,CLA 2 years on 31 March,Mid-year moves,Total children,162,100
2025,Reporting year,Local authority,E92000001,England,E12000009,South West,880,Torbay,E06000027,CLA 2 years on 31 March,Mid-year moves,With one or more mid-year moves during the previous 2 years,28,17
2025,Reporting year,Local authority,E92000001,England,E12000009,South West,880,Torbay,E06000027,CLA on 31 March,Any moves,Total children,186,100
2025,Reporting year,Local authority,E92000001,England,E12000009,South West,880,Torbay,E06000027,CLA on 31 March,Any moves,With one or more moves during the year,30,16
2025,Reporting year,Local authority,E92000001,England,E12000009,South West,880,Torbay,E06000027,CLA on 31 March,Mid-year moves,Total children,186,100
2025,Reporting year,Local authority,E92000001,England,E12000009,South West,880,Torbay,E06000027,CLA on 31 March,Mid-year moves,With one or more mid-year moves during the year,25,13
2025,Reporting year,Local authority,E92000001,England,E12000009,South West,866,Swindon,E06000030,CLA 2 years on 31 March,Any moves,Total children,184,100
2025,Reporting year,Local authority,E92000001,England,E12000009,South West,866,Swindon,E06000030,CLA 2 years on 31 March,Any moves,With one or more moves during the previous 2 years,49,27
2025,Reporting year,Local authority,E92000001,England,E12000009,South West,866,Swindon,E06000030,CLA 2 years on 31 March,Mid-year moves,Total children,184,100
2025,Reporting year,Local authority,E92000001,England,E12000009,South West,866,Swindon,E06000030,CLA 2 years on 31 March,Mid-year moves,With one or more mid-year moves during the previous 2 years,40,22
2025,Reporting year,Local authority,E92000001,England,E12000009,South West,866,Swindon,E06000030,CLA on 31 March,Any moves,Total children,196,100
2025,Reporting year,Local authority,E92000001,England,E12000009,South West,866,Swindon,E06000030,CLA on 31 March,Any moves,With one or more moves during the year,36,18
2025,Reporting year,Local authority,E92000001,England,E12000009,South West,866,Swindon,E06000030,CLA on 31 March,Mid-year moves,Total children,196,100
2025,Reporting year,Local authority,E92000001,England,E12000009,South West,866,Swindon,E06000030,CLA on 31 March,Mid-year moves,With one or more mid-year moves during the year,29,15
2025,Reporting year,Local authority,E92000001,England,E12000009,South West,908,Cornwall,E06000052,CLA 2 years on 31 March,Any moves,Total children,333,100
2025,Reporting year,Local authority,E92000001,England,E12000009,South West,908,Cornwall,E06000052,CLA 2 years on 31 March,Any moves,With one or more moves during the previous 2 years,73,22
2025,Reporting year,Local authority,E92000001,England,E12000009,South West,908,Cornwall,E06000052,CLA 2 years on 31 March,Mid-year moves,Total children,333,100
2025,Reporting year,Local authority,E92000001,England,E12000009,South West,908,Cornwall,E06000052,CLA 2 years on 31 March,Mid-year moves,With one or more mid-year moves during the previous 2 years,57,17
2025,Reporting year,Local authority,E92000001,England,E12000009,South West,908,Cornwall,E06000052,CLA on 31 March,Any moves,Total children,406,100
2025,Reporting year,Local authority,E92000001,England,E12000009,South West,908,Cornwall,E06000052,CLA on 31 March,Any moves,With one or more moves during the year,51,13
2025,Reporting year,Local authority,E92000001,England,E12000009,South West,908,Cornwall,E06000052,CLA on 31 March,Mid-year moves,Total children,406,100
2025,Reporting year,Local authority,E92000001,England,E12000009,South West,908,Cornwall,E06000052,CLA on 31 March,Mid-year moves,With one or more mid-year moves during the year,41,10
2025,Reporting year,Local authority,E92000001,England,E12000009,South West,420,Isles of Scilly,E06000053,CLA 2 years on 31 March,Any moves,Total children,0,z
2025,Reporting year,Local authority,E92000001,England,E12000009,South West,420,Isles of Scilly,E06000053,CLA 2 years on 31 March,Any moves,With one or more moves during the previous 2 years,z,z
2025,Reporting year,Local authority,E92000001,England,E12000009,South West,420,Isles of Scilly,E06000053,CLA 2 years on 31 March,Mid-year moves,Total children,0,z
2025,Reporting year,Local authority,E92000001,England,E12000009,South West,420,Isles of Scilly,E06000053,CLA 2 years on 31 March,Mid-year moves,With one or more mid-year moves during the previous 2 years,z,z
2025,Reporting year,Local authority,E92000001,England,E12000009,South West,420,Isles of Scilly,E06000053,CLA on 31 March,Any moves,Total children,0,z
2025,Reporting year,Local authority,E92000001,England,E12000009,South West,420,Isles of Scilly,E06000053,CLA on 31 March,Any moves,With one or more moves during the year,z,z
2025,Reporting year,Local authority,E92000001,England,E12000009,South West,420,Isles of Scilly,E06000053,CLA on 31 March,Mid-year moves,Total children,0,z
2025,Reporting year,Local authority,E92000001,England,E12000009,South West,420,Isles of Scilly,E06000053,CLA on 31 March,Mid-year moves,With one or more mid-year moves during the year,z,z
2025,Reporting year,Local authority,E92000001,England,E12000009,South West,865,Wiltshire,E06000054,CLA 2 years on 31 March,Any moves,Total children,269,100
2025,Reporting year,Local authority,E92000001,England,E12000009,South West,865,Wiltshire,E06000054,CLA 2 years on 31 March,Any moves,With one or more moves during the previous 2 years,57,21
2025,Reporting year,Local authority,E92000001,England,E12000009,South West,865,Wiltshire,E06000054,CLA 2 years on 31 March,Mid-year moves,Total children,269,100
2025,Reporting year,Local authority,E92000001,England,E12000009,South West,865,Wiltshire,E06000054,CLA 2 years on 31 March,Mid-year moves,With one or more mid-year moves during the previous 2 years,43,16
2025,Reporting year,Local authority,E92000001,England,E12000009,South West,865,Wiltshire,E06000054,CLA on 31 March,Any moves,Total children,290,100
2025,Reporting year,Local authority,E92000001,England,E12000009,South West,865,Wiltshire,E06000054,CLA on 31 March,Any moves,With one or more moves during the year,40,14
2025,Reporting year,Local authority,E92000001,England,E12000009,South West,865,Wiltshire,E06000054,CLA on 31 March,Mid-year moves,Total children,290,100
2025,Reporting year,Local authority,E92000001,England,E12000009,South West,865,Wiltshire,E06000054,CLA on 31 March,Mid-year moves,With one or more mid-year moves during the year,29,10
2025,Reporting year,Local authority,E92000001,England,E12000009,South West,839,"Bournemouth, Christchurch and Poole",E06000058,CLA 2 years on 31 March,Any moves,Total children,295,100
2025,Reporting year,Local authority,E92000001,England,E12000009,South West,839,"Bournemouth, Christchurch and Poole",E06000058,CLA 2 years on 31 March,Any moves,With one or more moves during the previous 2 years,69,23
2025,Reporting year,Local authority,E92000001,England,E12000009,South West,839,"Bournemouth, Christchurch and Poole",E06000058,CLA 2 years on 31 March,Mid-year moves,Total children,295,100
2025,Reporting year,Local authority,E92000001,England,E12000009,South West,839,"Bournemouth, Christchurch and Poole",E06000058,CLA 2 years on 31 March,Mid-year moves,With one or more mid-year moves during the previous 2 years,52,18
2025,Reporting year,Local authority,E92000001,England,E12000009,South West,839,"Bournemouth, Christchurch and Poole",E06000058,CLA on 31 March,Any moves,Total children,338,100
2025,Reporting year,Local authority,E92000001,England,E12000009,South West,839,"Bournemouth, Christchurch and Poole",E06000058,CLA on 31 March,Any moves,With one or more moves during the year,39,12
2025,Reporting year,Local authority,E92000001,England,E12000009,South West,839,"Bournemouth, Christchurch and Poole",E06000058,CLA on 31 March,Mid-year moves,Total children,338,100
2025,Reporting year,Local authority,E92000001,England,E12000009,South West,839,"Bournemouth, Christchurch and Poole",E06000058,CLA on 31 March,Mid-year moves,With one or more mid-year moves during the year,26,8
2025,Reporting year,Local authority,E92000001,England,E12000009,South West,838,Dorset,E06000059,CLA 2 years on 31 March,Any moves,Total children,242,100
2025,Reporting year,Local authority,E92000001,England,E12000009,South West,838,Dorset,E06000059,CLA 2 years on 31 March,Any moves,With one or more moves during the previous 2 years,56,23
2025,Reporting year,Local authority,E92000001,England,E12000009,South West,838,Dorset,E06000059,CLA 2 years on 31 March,Mid-year moves,Total children,242,100
2025,Reporting year,Local authority,E92000001,England,E12000009,South West,838,Dorset,E06000059,CLA 2 years on 31 March,Mid-year moves,With one or more mid-year moves during the previous 2 years,37,15
2025,Reporting year,Local authority,E92000001,England,E12000009,South West,838,Dorset,E06000059,CLA on 31 March,Any moves,Total children,256,100
2025,Reporting year,Local authority,E92000001,England,E12000009,South West,838,Dorset,E06000059,CLA on 31 March,Any moves,With one or more moves during the year,32,13
2025,Reporting year,Local authority,E92000001,England,E12000009,South West,838,Dorset,E06000059,CLA on 31 March,Mid-year moves,Total children,256,100
2025,Reporting year,Local authority,E92000001,England,E12000009,South West,838,Dorset,E06000059,CLA on 31 March,Mid-year moves,With one or more mid-year moves during the year,20,8
2025,Reporting year,Local authority,E92000001,England,E12000009,South West,933,Somerset,E06000066,CLA 2 years on 31 March,Any moves,Total children,284,100
2025,Reporting year,Local authority,E92000001,England,E12000009,South West,933,Somerset,E06000066,CLA 2 years on 31 March,Any moves,With one or more moves during the previous 2 years,82,29
2025,Reporting year,Local authority,E92000001,England,E12000009,South West,933,Somerset,E06000066,CLA 2 years on 31 March,Mid-year moves,Total children,284,100
2025,Reporting year,Local authority,E92000001,England,E12000009,South West,933,Somerset,E06000066,CLA 2 years on 31 March,Mid-year moves,With one or more mid-year moves during the previous 2 years,64,23
2025,Reporting year,Local authority,E92000001,England,E12000009,South West,933,Somerset,E06000066,CLA on 31 March,Any moves,Total children,371,100
2025,Reporting year,Local authority,E92000001,England,E12000009,South West,933,Somerset,E06000066,CLA on 31 March,Any moves,With one or more moves during the year,68,18
2025,Reporting year,Local authority,E92000001,England,E12000009,South West,933,Somerset,E06000066,CLA on 31 March,Mid-year moves,Total children,371,100
2025,Reporting year,Local authority,E92000001,England,E12000009,South West,933,Somerset,E06000066,CLA on 31 March,Mid-year moves,With one or more mid-year moves during the year,48,13
2025,Reporting year,Local authority,E92000001,England,E12000009,South West,878,Devon,E10000008,CLA 2 years on 31 March,Any moves,Total children,439,100
2025,Reporting year,Local authority,E92000001,England,E12000009,South West,878,Devon,E10000008,CLA 2 years on 31 March,Any moves,With one or more moves during the previous 2 years,113,26
2025,Reporting year,Local authority,E92000001,England,E12000009,South West,878,Devon,E10000008,CLA 2 years on 31 March,Mid-year moves,Total children,439,100
2025,Reporting year,Local authority,E92000001,England,E12000009,South West,878,Devon,E10000008,CLA 2 years on 31 March,Mid-year moves,With one or more mid-year moves during the previous 2 years,86,20
2025,Reporting year,Local authority,E92000001,England,E12000009,South West,878,Devon,E10000008,CLA on 31 March,Any moves,Total children,520,100
2025,Reporting year,Local authority,E92000001,England,E12000009,South West,878,Devon,E10000008,CLA on 31 March,Any moves,With one or more moves during the year,73,14
2025,Reporting year,Local authority,E92000001,England,E12000009,South West,878,Devon,E10000008,CLA on 31 March,Mid-year moves,Total children,520,100
2025,Reporting year,Local authority,E92000001,England,E12000009,South West,878,Devon,E10000008,CLA on 31 March,Mid-year moves,With one or more mid-year moves during the year,56,11
2025,Reporting year,Local authority,E92000001,England,E12000009,South West,916,Gloucestershire,E10000013,CLA 2 years on 31 March,Any moves,Total children,423,100
2025,Reporting year,Local authority,E92000001,England,E12000009,South West,916,Gloucestershire,E10000013,CLA 2 years on 31 March,Any moves,With one or more moves during the previous 2 years,102,24
2025,Reporting year,Local authority,E92000001,England,E12000009,South West,916,Gloucestershire,E10000013,CLA 2 years on 31 March,Mid-year moves,Total children,423,100
2025,Reporting year,Local authority,E92000001,England,E12000009,South West,916,Gloucestershire,E10000013,CLA 2 years on 31 March,Mid-year moves,With one or more mid-year moves during the previous 2 years,74,17
2025,Reporting year,Local authority,E92000001,England,E12000009,South West,916,Gloucestershire,E10000013,CLA on 31 March,Any moves,Total children,467,100
2025,Reporting year,Local authority,E92000001,England,E12000009,South West,916,Gloucestershire,E10000013,CLA on 31 March,Any moves,With one or more moves during the year,65,14
2025,Reporting year,Local authority,E92000001,England,E12000009,South West,916,Gloucestershire,E10000013,CLA on 31 March,Mid-year moves,Total children,467,100
2025,Reporting year,Local authority,E92000001,England,E12000009,South West,916,Gloucestershire,E10000013,CLA on 31 March,Mid-year moves,With one or more mid-year moves during the year,50,11
2025,Reporting year,Local authority,E92000001,England,E13000001,Inner London,201,City of London,E09000001,CLA 2 years on 31 March,Any moves,Total children,c,c
2025,Reporting year,Local authority,E92000001,England,E13000001,Inner London,201,City of London,E09000001,CLA 2 years on 31 March,Any moves,With one or more moves during the previous 2 years,0,0
2025,Reporting year,Local authority,E92000001,England,E13000001,Inner London,201,City of London,E09000001,CLA 2 years on 31 March,Mid-year moves,Total children,c,c
2025,Reporting year,Local authority,E92000001,England,E13000001,Inner London,201,City of London,E09000001,CLA 2 years on 31 March,Mid-year moves,With one or more mid-year moves during the previous 2 years,0,0
2025,Reporting year,Local authority,E92000001,England,E13000001,Inner London,201,City of London,E09000001,CLA on 31 March,Any moves,Total children,c,c
2025,Reporting year,Local authority,E92000001,England,E13000001,Inner London,201,City of London,E09000001,CLA on 31 March,Any moves,With one or more moves during the year,c,c
2025,Reporting year,Local authority,E92000001,England,E13000001,Inner London,201,City of London,E09000001,CLA on 31 March,Mid-year moves,Total children,c,c
2025,Reporting year,Local authority,E92000001,England,E13000001,Inner London,201,City of London,E09000001,CLA on 31 March,Mid-year moves,With one or more mid-year moves during the year,c,c
2025,Reporting year,Local authority,E92000001,England,E13000001,Inner London,202,Camden,E09000007,CLA 2 years on 31 March,Any moves,Total children,81,100
2025,Reporting year,Local authority,E92000001,England,E13000001,Inner London,202,Camden,E09000007,CLA 2 years on 31 March,Any moves,With one or more moves during the previous 2 years,16,20
2025,Reporting year,Local authority,E92000001,England,E13000001,Inner London,202,Camden,E09000007,CLA 2 years on 31 March,Mid-year moves,Total children,81,100
2025,Reporting year,Local authority,E92000001,England,E13000001,Inner London,202,Camden,E09000007,CLA 2 years on 31 March,Mid-year moves,With one or more mid-year moves during the previous 2 years,9,11
2025,Reporting year,Local authority,E92000001,England,E13000001,Inner London,202,Camden,E09000007,CLA on 31 March,Any moves,Total children,103,100
2025,Reporting year,Local authority,E92000001,England,E13000001,Inner London,202,Camden,E09000007,CLA on 31 March,Any moves,With one or more moves during the year,14,14
2025,Reporting year,Local authority,E92000001,England,E13000001,Inner London,202,Camden,E09000007,CLA on 31 March,Mid-year moves,Total children,103,100
2025,Reporting year,Local authority,E92000001,England,E13000001,Inner London,202,Camden,E09000007,CLA on 31 March,Mid-year moves,With one or more mid-year moves during the year,8,8
2025,Reporting year,Local authority,E92000001,England,E13000001,Inner London,204,Hackney,E09000012,CLA 2 years on 31 March,Any moves,Total children,194,100
2025,Reporting year,Local authority,E92000001,England,E13000001,Inner London,204,Hackney,E09000012,CLA 2 years on 31 March,Any moves,With one or more moves during the previous 2 years,39,20
2025,Reporting year,Local authority,E92000001,England,E13000001,Inner London,204,Hackney,E09000012,CLA 2 years on 31 March,Mid-year moves,Total children,194,100
2025,Reporting year,Local authority,E92000001,England,E13000001,Inner London,204,Hackney,E09000012,CLA 2 years on 31 March,Mid-year moves,With one or more mid-year moves during the previous 2 years,27,14
2025,Reporting year,Local authority,E92000001,England,E13000001,Inner London,204,Hackney,E09000012,CLA on 31 March,Any moves,Total children,194,100
2025,Reporting year,Local authority,E92000001,England,E13000001,Inner London,204,Hackney,E09000012,CLA on 31 March,Any moves,With one or more moves during the year,13,7
2025,Reporting year,Local authority,E92000001,England,E13000001,Inner London,204,Hackney,E09000012,CLA on 31 March,Mid-year moves,Total children,194,100
2025,Reporting year,Local authority,E92000001,England,E13000001,Inner London,204,Hackney,E09000012,CLA on 31 March,Mid-year moves,With one or more mid-year moves during the year,10,5
2025,Reporting year,Local authority,E92000001,England,E13000001,Inner London,205,Hammersmith and Fulham,E09000013,CLA 2 years on 31 March,Any moves,Total children,97,100
2025,Reporting year,Local authority,E92000001,England,E13000001,Inner London,205,Hammersmith and Fulham,E09000013,CLA 2 years on 31 March,Any moves,With one or more moves during the previous 2 years,24,25
2025,Reporting year,Local authority,E92000001,England,E13000001,Inner London,205,Hammersmith and Fulham,E09000013,CLA 2 years on 31 March,Mid-year moves,Total children,97,100
2025,Reporting year,Local authority,E92000001,England,E13000001,Inner London,205,Hammersmith and Fulham,E09000013,CLA 2 years on 31 March,Mid-year moves,With one or more mid-year moves during the previous 2 years,14,14
2025,Reporting year,Local authority,E92000001,England,E13000001,Inner London,205,Hammersmith and Fulham,E09000013,CLA on 31 March,Any moves,Total children,115,100
2025,Reporting year,Local authority,E92000001,England,E13000001,Inner London,205,Hammersmith and Fulham,E09000013,CLA on 31 March,Any moves,With one or more moves during the year,15,13
2025,Reporting year,Local authority,E92000001,England,E13000001,Inner London,205,Hammersmith and Fulham,E09000013,CLA on 31 March,Mid-year moves,Total children,115,100
2025,Reporting year,Local authority,E92000001,England,E13000001,Inner London,205,Hammersmith and Fulham,E09000013,CLA on 31 March,Mid-year moves,With one or more mid-year moves during the year,12,10
2025,Reporting year,Local authority,E92000001,England,E13000001,Inner London,309,Haringey,E09000014,CLA 2 years on 31 March,Any moves,Total children,175,100
2025,Reporting year,Local authority,E92000001,England,E13000001,Inner London,309,Haringey,E09000014,CLA 2 years on 31 March,Any moves,With one or more moves during the previous 2 years,22,13
2025,Reporting year,Local authority,E92000001,England,E13000001,Inner London,309,Haringey,E09000014,CLA 2 years on 31 March,Mid-year moves,Total children,175,100
2025,Reporting year,Local authority,E92000001,England,E13000001,Inner London,309,Haringey,E09000014,CLA 2 years on 31 March,Mid-year moves,With one or more mid-year moves during the previous 2 years,16,9
2025,Reporting year,Local authority,E92000001,England,E13000001,Inner London,309,Haringey,E09000014,CLA on 31 March,Any moves,Total children,194,100
2025,Reporting year,Local authority,E92000001,England,E13000001,Inner London,309,Haringey,E09000014,CLA on 31 March,Any moves,With one or more moves during the year,11,6
2025,Reporting year,Local authority,E92000001,England,E13000001,Inner London,309,Haringey,E09000014,CLA on 31 March,Mid-year moves,Total children,194,100
2025,Reporting year,Local authority,E92000001,England,E13000001,Inner London,309,Haringey,E09000014,CLA on 31 March,Mid-year moves,With one or more mid-year moves during the year,9,5
2025,Reporting year,Local authority,E92000001,England,E13000001,Inner London,206,Islington,E09000019,CLA 2 years on 31 March,Any moves,Total children,147,100
2025,Reporting year,Local authority,E92000001,England,E13000001,Inner London,206,Islington,E09000019,CLA 2 years on 31 March,Any moves,With one or more moves during the previous 2 years,39,27
2025,Reporting year,Local authority,E92000001,England,E13000001,Inner London,206,Islington,E09000019,CLA 2 years on 31 March,Mid-year moves,Total children,147,100
2025,Reporting year,Local authority,E92000001,England,E13000001,Inner London,206,Islington,E09000019,CLA 2 years on 31 March,Mid-year moves,With one or more mid-year moves during the previous 2 years,31,21
2025,Reporting year,Local authority,E92000001,England,E13000001,Inner London,206,Islington,E09000019,CLA on 31 March,Any moves,Total children,177,100
2025,Reporting year,Local authority,E92000001,England,E13000001,Inner London,206,Islington,E09000019,CLA on 31 March,Any moves,With one or more moves during the year,19,11
2025,Reporting year,Local authority,E92000001,England,E13000001,Inner London,206,Islington,E09000019,CLA on 31 March,Mid-year moves,Total children,177,100
2025,Reporting year,Local authority,E92000001,England,E13000001,Inner London,206,Islington,E09000019,CLA on 31 March,Mid-year moves,With one or more mid-year moves during the year,15,8
2025,Reporting year,Local authority,E92000001,England,E13000001,Inner London,207,Kensington and Chelsea,E09000020,CLA 2 years on 31 March,Any moves,Total children,35,100
2025,Reporting year,Local authority,E92000001,England,E13000001,Inner London,207,Kensington and Chelsea,E09000020,CLA 2 years on 31 March,Any moves,With one or more moves during the previous 2 years,10,29
2025,Reporting year,Local authority,E92000001,England,E13000001,Inner London,207,Kensington and Chelsea,E09000020,CLA 2 years on 31 March,Mid-year moves,Total children,35,100
2025,Reporting year,Local authority,E92000001,England,E13000001,Inner London,207,Kensington and Chelsea,E09000020,CLA 2 years on 31 March,Mid-year moves,With one or more mid-year moves during the previous 2 years,8,23
2025,Reporting year,Local authority,E92000001,England,E13000001,Inner London,207,Kensington and Chelsea,E09000020,CLA on 31 March,Any moves,Total children,c,c
2025,Reporting year,Local authority,E92000001,England,E13000001,Inner London,207,Kensington and Chelsea,E09000020,CLA on 31 March,Any moves,With one or more moves during the year,c,c
2025,Reporting year,Local authority,E92000001,England,E13000001,Inner London,207,Kensington and Chelsea,E09000020,CLA on 31 March,Mid-year moves,Total children,c,c
2025,Reporting year,Local authority,E92000001,England,E13000001,Inner London,207,Kensington and Chelsea,E09000020,CLA on 31 March,Mid-year moves,With one or more mid-year moves during the year,c,c
2025,Reporting year,Local authority,E92000001,England,E13000001,Inner London,208,Lambeth,E09000022,CLA 2 years on 31 March,Any moves,Total children,189,100
2025,Reporting year,Local authority,E92000001,England,E13000001,Inner London,208,Lambeth,E09000022,CLA 2 years on 31 March,Any moves,With one or more moves during the previous 2 years,42,22
2025,Reporting year,Local authority,E92000001,England,E13000001,Inner London,208,Lambeth,E09000022,CLA 2 years on 31 March,Mid-year moves,Total children,189,100
2025,Reporting year,Local authority,E92000001,England,E13000001,Inner London,208,Lambeth,E09000022,CLA 2 years on 31 March,Mid-year moves,With one or more mid-year moves during the previous 2 years,34,18
2025,Reporting year,Local authority,E92000001,England,E13000001,Inner London,208,Lambeth,E09000022,CLA on 31 March,Any moves,Total children,199,100
2025,Reporting year,Local authority,E92000001,England,E13000001,Inner London,208,Lambeth,E09000022,CLA on 31 March,Any moves,With one or more moves during the year,26,13
2025,Reporting year,Local authority,E92000001,England,E13000001,Inner London,208,Lambeth,E09000022,CLA on 31 March,Mid-year moves,Total children,199,100
2025,Reporting year,Local authority,E92000001,England,E13000001,Inner London,208,Lambeth,E09000022,CLA on 31 March,Mid-year moves,With one or more mid-year moves during the year,20,10
2025,Reporting year,Local authority,E92000001,England,E13000001,Inner London,209,Lewisham,E09000023,CLA 2 years on 31 March,Any moves,Total children,216,100
2025,Reporting year,Local authority,E92000001,England,E13000001,Inner London,209,Lewisham,E09000023,CLA 2 years on 31 March,Any moves,With one or more moves during the previous 2 years,44,20
2025,Reporting year,Local authority,E92000001,England,E13000001,Inner London,209,Lewisham,E09000023,CLA 2 years on 31 March,Mid-year moves,Total children,216,100
2025,Reporting year,Local authority,E92000001,England,E13000001,Inner London,209,Lewisham,E09000023,CLA 2 years on 31 March,Mid-year moves,With one or more mid-year moves during the previous 2 years,35,16
2025,Reporting year,Local authority,E92000001,England,E13000001,Inner London,209,Lewisham,E09000023,CLA on 31 March,Any moves,Total children,247,100
2025,Reporting year,Local authority,E92000001,England,E13000001,Inner London,209,Lewisham,E09000023,CLA on 31 March,Any moves,With one or more moves during the year,26,11
2025,Reporting year,Local authority,E92000001,England,E13000001,Inner London,209,Lewisham,E09000023,CLA on 31 March,Mid-year moves,Total children,247,100
2025,Reporting year,Local authority,E92000001,England,E13000001,Inner London,209,Lewisham,E09000023,CLA on 31 March,Mid-year moves,With one or more mid-year moves during the year,20,8
2025,Reporting year,Local authority,E92000001,England,E13000001,Inner London,316,Newham,E09000025,CLA 2 years on 31 March,Any moves,Total children,240,100
2025,Reporting year,Local authority,E92000001,England,E13000001,Inner London,316,Newham,E09000025,CLA 2 years on 31 March,Any moves,With one or more moves during the previous 2 years,41,17
2025,Reporting year,Local authority,E92000001,England,E13000001,Inner London,316,Newham,E09000025,CLA 2 years on 31 March,Mid-year moves,Total children,240,100
2025,Reporting year,Local authority,E92000001,England,E13000001,Inner London,316,Newham,E09000025,CLA 2 years on 31 March,Mid-year moves,With one or more mid-year moves during the previous 2 years,32,13
2025,Reporting year,Local authority,E92000001,England,E13000001,Inner London,316,Newham,E09000025,CLA on 31 March,Any moves,Total children,255,100
2025,Reporting year,Local authority,E92000001,England,E13000001,Inner London,316,Newham,E09000025,CLA on 31 March,Any moves,With one or more moves during the year,23,9
2025,Reporting year,Local authority,E92000001,England,E13000001,Inner London,316,Newham,E09000025,CLA on 31 March,Mid-year moves,Total children,255,100
2025,Reporting year,Local authority,E92000001,England,E13000001,Inner London,316,Newham,E09000025,CLA on 31 March,Mid-year moves,With one or more mid-year moves during the year,20,8
2025,Reporting year,Local authority,E92000001,England,E13000001,Inner London,210,Southwark,E09000028,CLA 2 years on 31 March,Any moves,Total children,208,100
2025,Reporting year,Local authority,E92000001,England,E13000001,Inner London,210,Southwark,E09000028,CLA 2 years on 31 March,Any moves,With one or more moves during the previous 2 years,33,16
2025,Reporting year,Local authority,E92000001,England,E13000001,Inner London,210,Southwark,E09000028,CLA 2 years on 31 March,Mid-year moves,Total children,208,100
2025,Reporting year,Local authority,E92000001,England,E13000001,Inner London,210,Southwark,E09000028,CLA 2 years on 31 March,Mid-year moves,With one or more mid-year moves during the previous 2 years,28,13
2025,Reporting year,Local authority,E92000001,England,E13000001,Inner London,210,Southwark,E09000028,CLA on 31 March,Any moves,Total children,241,100
2025,Reporting year,Local authority,E92000001,England,E13000001,Inner London,210,Southwark,E09000028,CLA on 31 March,Any moves,With one or more moves during the year,27,11
2025,Reporting year,Local authority,E92000001,England,E13000001,Inner London,210,Southwark,E09000028,CLA on 31 March,Mid-year moves,Total children,241,100
2025,Reporting year,Local authority,E92000001,England,E13000001,Inner London,210,Southwark,E09000028,CLA on 31 March,Mid-year moves,With one or more mid-year moves during the year,19,8
2025,Reporting year,Local authority,E92000001,England,E13000001,Inner London,211,Tower Hamlets,E09000030,CLA 2 years on 31 March,Any moves,Total children,136,100
2025,Reporting year,Local authority,E92000001,England,E13000001,Inner London,211,Tower Hamlets,E09000030,CLA 2 years on 31 March,Any moves,With one or more moves during the previous 2 years,30,22
2025,Reporting year,Local authority,E92000001,England,E13000001,Inner London,211,Tower Hamlets,E09000030,CLA 2 years on 31 March,Mid-year moves,Total children,136,100
2025,Reporting year,Local authority,E92000001,England,E13000001,Inner London,211,Tower Hamlets,E09000030,CLA 2 years on 31 March,Mid-year moves,With one or more mid-year moves during the previous 2 years,23,17
2025,Reporting year,Local authority,E92000001,England,E13000001,Inner London,211,Tower Hamlets,E09000030,CLA on 31 March,Any moves,Total children,163,100
2025,Reporting year,Local authority,E92000001,England,E13000001,Inner London,211,Tower Hamlets,E09000030,CLA on 31 March,Any moves,With one or more moves during the year,23,14
2025,Reporting year,Local authority,E92000001,England,E13000001,Inner London,211,Tower Hamlets,E09000030,CLA on 31 March,Mid-year moves,Total children,163,100
2025,Reporting year,Local authority,E92000001,England,E13000001,Inner London,211,Tower Hamlets,E09000030,CLA on 31 March,Mid-year moves,With one or more mid-year moves during the year,18,11
2025,Reporting year,Local authority,E92000001,England,E13000001,Inner London,212,Wandsworth,E09000032,CLA 2 years on 31 March,Any moves,Total children,110,100
2025,Reporting year,Local authority,E92000001,England,E13000001,Inner London,212,Wandsworth,E09000032,CLA 2 years on 31 March,Any moves,With one or more moves during the previous 2 years,26,24
2025,Reporting year,Local authority,E92000001,England,E13000001,Inner London,212,Wandsworth,E09000032,CLA 2 years on 31 March,Mid-year moves,Total children,110,100
2025,Reporting year,Local authority,E92000001,England,E13000001,Inner London,212,Wandsworth,E09000032,CLA 2 years on 31 March,Mid-year moves,With one or more mid-year moves during the previous 2 years,15,14
2025,Reporting year,Local authority,E92000001,England,E13000001,Inner London,212,Wandsworth,E09000032,CLA on 31 March,Any moves,Total children,147,100
2025,Reporting year,Local authority,E92000001,England,E13000001,Inner London,212,Wandsworth,E09000032,CLA on 31 March,Any moves,With one or more moves during the year,24,16
2025,Reporting year,Local authority,E92000001,England,E13000001,Inner London,212,Wandsworth,E09000032,CLA on 31 March,Mid-year moves,Total children,147,100
2025,Reporting year,Local authority,E92000001,England,E13000001,Inner London,212,Wandsworth,E09000032,CLA on 31 March,Mid-year moves,With one or more mid-year moves during the year,13,9
2025,Reporting year,Local authority,E92000001,England,E13000001,Inner London,213,Westminster,E09000033,CLA 2 years on 31 March,Any moves,Total children,79,100
2025,Reporting year,Local authority,E92000001,England,E13000001,Inner London,213,Westminster,E09000033,CLA 2 years on 31 March,Any moves,With one or more moves during the previous 2 years,27,34
2025,Reporting year,Local authority,E92000001,England,E13000001,Inner London,213,Westminster,E09000033,CLA 2 years on 31 March,Mid-year moves,Total children,79,100
2025,Reporting year,Local authority,E92000001,England,E13000001,Inner London,213,Westminster,E09000033,CLA 2 years on 31 March,Mid-year moves,With one or more mid-year moves during the previous 2 years,23,29
2025,Reporting year,Local authority,E92000001,England,E13000001,Inner London,213,Westminster,E09000033,CLA on 31 March,Any moves,Total children,101,100
2025,Reporting year,Local authority,E92000001,England,E13000001,Inner London,213,Westminster,E09000033,CLA on 31 March,Any moves,With one or more moves during the year,21,21
2025,Reporting year,Local authority,E92000001,England,E13000001,Inner London,213,Westminster,E09000033,CLA on 31 March,Mid-year moves,Total children,101,100
2025,Reporting year,Local authority,E92000001,England,E13000001,Inner London,213,Westminster,E09000033,CLA on 31 March,Mid-year moves,With one or more mid-year moves during the year,15,15
2025,Reporting year,Local authority,E92000001,England,E13000002,Outer London,301,Barking and Dagenham,E09000002,CLA 2 years on 31 March,Any moves,Total children,225,100
2025,Reporting year,Local authority,E92000001,England,E13000002,Outer London,301,Barking and Dagenham,E09000002,CLA 2 years on 31 March,Any moves,With one or more moves during the previous 2 years,50,22
2025,Reporting year,Local authority,E92000001,England,E13000002,Outer London,301,Barking and Dagenham,E09000002,CLA 2 years on 31 March,Mid-year moves,Total children,225,100
2025,Reporting year,Local authority,E92000001,England,E13000002,Outer London,301,Barking and Dagenham,E09000002,CLA 2 years on 31 March,Mid-year moves,With one or more mid-year moves during the previous 2 years,39,17
2025,Reporting year,Local authority,E92000001,England,E13000002,Outer London,301,Barking and Dagenham,E09000002,CLA on 31 March,Any moves,Total children,268,100
2025,Reporting year,Local authority,E92000001,England,E13000002,Outer London,301,Barking and Dagenham,E09000002,CLA on 31 March,Any moves,With one or more moves during the year,37,14
2025,Reporting year,Local authority,E92000001,England,E13000002,Outer London,301,Barking and Dagenham,E09000002,CLA on 31 March,Mid-year moves,Total children,268,100
2025,Reporting year,Local authority,E92000001,England,E13000002,Outer London,301,Barking and Dagenham,E09000002,CLA on 31 March,Mid-year moves,With one or more mid-year moves during the year,25,9
2025,Reporting year,Local authority,E92000001,England,E13000002,Outer London,302,Barnet,E09000003,CLA 2 years on 31 March,Any moves,Total children,144,100
2025,Reporting year,Local authority,E92000001,England,E13000002,Outer London,302,Barnet,E09000003,CLA 2 years on 31 March,Any moves,With one or more moves during the previous 2 years,29,20
2025,Reporting year,Local authority,E92000001,England,E13000002,Outer London,302,Barnet,E09000003,CLA 2 years on 31 March,Mid-year moves,Total children,144,100
2025,Reporting year,Local authority,E92000001,England,E13000002,Outer London,302,Barnet,E09000003,CLA 2 years on 31 March,Mid-year moves,With one or more mid-year moves during the previous 2 years,25,17
2025,Reporting year,Local authority,E92000001,England,E13000002,Outer London,302,Barnet,E09000003,CLA on 31 March,Any moves,Total children,180,100
2025,Reporting year,Local authority,E92000001,England,E13000002,Outer London,302,Barnet,E09000003,CLA on 31 March,Any moves,With one or more moves during the year,21,12
2025,Reporting year,Local authority,E92000001,England,E13000002,Outer London,302,Barnet,E09000003,CLA on 31 March,Mid-year moves,Total children,180,100
2025,Reporting year,Local authority,E92000001,England,E13000002,Outer London,302,Barnet,E09000003,CLA on 31 March,Mid-year moves,With one or more mid-year moves during the year,17,9
2025,Reporting year,Local authority,E92000001,England,E13000002,Outer London,303,Bexley,E09000004,CLA 2 years on 31 March,Any moves,Total children,165,100
2025,Reporting year,Local authority,E92000001,England,E13000002,Outer London,303,Bexley,E09000004,CLA 2 years on 31 March,Any moves,With one or more moves during the previous 2 years,27,16
2025,Reporting year,Local authority,E92000001,England,E13000002,Outer London,303,Bexley,E09000004,CLA 2 years on 31 March,Mid-year moves,Total children,165,100
2025,Reporting year,Local authority,E92000001,England,E13000002,Outer London,303,Bexley,E09000004,CLA 2 years on 31 March,Mid-year moves,With one or more mid-year moves during the previous 2 years,18,11
2025,Reporting year,Local authority,E92000001,England,E13000002,Outer London,303,Bexley,E09000004,CLA on 31 March,Any moves,Total children,198,100
2025,Reporting year,Local authority,E92000001,England,E13000002,Outer London,303,Bexley,E09000004,CLA on 31 March,Any moves,With one or more moves during the year,17,9
2025,Reporting year,Local authority,E92000001,England,E13000002,Outer London,303,Bexley,E09000004,CLA on 31 March,Mid-year moves,Total children,198,100
2025,Reporting year,Local authority,E92000001,England,E13000002,Outer London,303,Bexley,E09000004,CLA on 31 March,Mid-year moves,With one or more mid-year moves during the year,11,6
2025,Reporting year,Local authority,E92000001,England,E13000002,Outer London,304,Brent,E09000005,CLA 2 years on 31 March,Any moves,Total children,157,100
2025,Reporting year,Local authority,E92000001,England,E13000002,Outer London,304,Brent,E09000005,CLA 2 years on 31 March,Any moves,With one or more moves during the previous 2 years,32,20
2025,Reporting year,Local authority,E92000001,England,E13000002,Outer London,304,Brent,E09000005,CLA 2 years on 31 March,Mid-year moves,Total children,157,100
2025,Reporting year,Local authority,E92000001,England,E13000002,Outer London,304,Brent,E09000005,CLA 2 years on 31 March,Mid-year moves,With one or more mid-year moves during the previous 2 years,23,15
2025,Reporting year,Local authority,E92000001,England,E13000002,Outer London,304,Brent,E09000005,CLA on 31 March,Any moves,Total children,183,100
2025,Reporting year,Local authority,E92000001,England,E13000002,Outer London,304,Brent,E09000005,CLA on 31 March,Any moves,With one or more moves during the year,23,13
2025,Reporting year,Local authority,E92000001,England,E13000002,Outer London,304,Brent,E09000005,CLA on 31 March,Mid-year moves,Total children,183,100
2025,Reporting year,Local authority,E92000001,England,E13000002,Outer London,304,Brent,E09000005,CLA on 31 March,Mid-year moves,With one or more mid-year moves during the year,16,9
2025,Reporting year,Local authority,E92000001,England,E13000002,Outer London,305,Bromley,E09000006,CLA 2 years on 31 March,Any moves,Total children,185,100
2025,Reporting year,Local authority,E92000001,England,E13000002,Outer London,305,Bromley,E09000006,CLA 2 years on 31 March,Any moves,With one or more moves during the previous 2 years,29,16
2025,Reporting year,Local authority,E92000001,England,E13000002,Outer London,305,Bromley,E09000006,CLA 2 years on 31 March,Mid-year moves,Total children,185,100
2025,Reporting year,Local authority,E92000001,England,E13000002,Outer London,305,Bromley,E09000006,CLA 2 years on 31 March,Mid-year moves,With one or more mid-year moves during the previous 2 years,20,11
2025,Reporting year,Local authority,E92000001,England,E13000002,Outer London,305,Bromley,E09000006,CLA on 31 March,Any moves,Total children,221,100
2025,Reporting year,Local authority,E92000001,England,E13000002,Outer London,305,Bromley,E09000006,CLA on 31 March,Any moves,With one or more moves during the year,29,13
2025,Reporting year,Local authority,E92000001,England,E13000002,Outer London,305,Bromley,E09000006,CLA on 31 March,Mid-year moves,Total children,221,100
2025,Reporting year,Local authority,E92000001,England,E13000002,Outer London,305,Bromley,E09000006,CLA on 31 March,Mid-year moves,With one or more mid-year moves during the year,18,8
2025,Reporting year,Local authority,E92000001,England,E13000002,Outer London,306,Croydon,E09000008,CLA 2 years on 31 March,Any moves,Total children,235,100
2025,Reporting year,Local authority,E92000001,England,E13000002,Outer London,306,Croydon,E09000008,CLA 2 years on 31 March,Any moves,With one or more moves during the previous 2 years,55,23
2025,Reporting year,Local authority,E92000001,England,E13000002,Outer London,306,Croydon,E09000008,CLA 2 years on 31 March,Mid-year moves,Total children,235,100
2025,Reporting year,Local authority,E92000001,England,E13000002,Outer London,306,Croydon,E09000008,CLA 2 years on 31 March,Mid-year moves,With one or more mid-year moves during the previous 2 years,49,21
2025,Reporting year,Local authority,E92000001,England,E13000002,Outer London,306,Croydon,E09000008,CLA on 31 March,Any moves,Total children,293,100
2025,Reporting year,Local authority,E92000001,England,E13000002,Outer London,306,Croydon,E09000008,CLA on 31 March,Any moves,With one or more moves during the year,29,10
2025,Reporting year,Local authority,E92000001,England,E13000002,Outer London,306,Croydon,E09000008,CLA on 31 March,Mid-year moves,Total children,293,100
2025,Reporting year,Local authority,E92000001,England,E13000002,Outer London,306,Croydon,E09000008,CLA on 31 March,Mid-year moves,With one or more mid-year moves during the year,24,8
2025,Reporting year,Local authority,E92000001,England,E13000002,Outer London,307,Ealing,E09000009,CLA 2 years on 31 March,Any moves,Total children,131,100
2025,Reporting year,Local authority,E92000001,England,E13000002,Outer London,307,Ealing,E09000009,CLA 2 years on 31 March,Any moves,With one or more moves during the previous 2 years,27,21
2025,Reporting year,Local authority,E92000001,England,E13000002,Outer London,307,Ealing,E09000009,CLA 2 years on 31 March,Mid-year moves,Total children,131,100
2025,Reporting year,Local authority,E92000001,England,E13000002,Outer London,307,Ealing,E09000009,CLA 2 years on 31 March,Mid-year moves,With one or more mid-year moves during the previous 2 years,20,15
2025,Reporting year,Local authority,E92000001,England,E13000002,Outer London,307,Ealing,E09000009,CLA on 31 March,Any moves,Total children,146,100
2025,Reporting year,Local authority,E92000001,England,E13000002,Outer London,307,Ealing,E09000009,CLA on 31 March,Any moves,With one or more moves during the year,19,13
2025,Reporting year,Local authority,E92000001,England,E13000002,Outer London,307,Ealing,E09000009,CLA on 31 March,Mid-year moves,Total children,146,100
2025,Reporting year,Local authority,E92000001,England,E13000002,Outer London,307,Ealing,E09000009,CLA on 31 March,Mid-year moves,With one or more mid-year moves during the year,10,7
2025,Reporting year,Local authority,E92000001,England,E13000002,Outer London,308,Enfield,E09000010,CLA 2 years on 31 March,Any moves,Total children,208,100
2025,Reporting year,Local authority,E92000001,England,E13000002,Outer London,308,Enfield,E09000010,CLA 2 years on 31 March,Any moves,With one or more moves during the previous 2 years,38,18
2025,Reporting year,Local authority,E92000001,England,E13000002,Outer London,308,Enfield,E09000010,CLA 2 years on 31 March,Mid-year moves,Total children,208,100
2025,Reporting year,Local authority,E92000001,England,E13000002,Outer London,308,Enfield,E09000010,CLA 2 years on 31 March,Mid-year moves,With one or more mid-year moves during the previous 2 years,24,12
2025,Reporting year,Local authority,E92000001,England,E13000002,Outer London,308,Enfield,E09000010,CLA on 31 March,Any moves,Total children,232,100
2025,Reporting year,Local authority,E92000001,England,E13000002,Outer London,308,Enfield,E09000010,CLA on 31 March,Any moves,With one or more moves during the year,20,9
2025,Reporting year,Local authority,E92000001,England,E13000002,Outer London,308,Enfield,E09000010,CLA on 31 March,Mid-year moves,Total children,232,100
2025,Reporting year,Local authority,E92000001,England,E13000002,Outer London,308,Enfield,E09000010,CLA on 31 March,Mid-year moves,With one or more mid-year moves during the year,10,4
2025,Reporting year,Local authority,E92000001,England,E13000002,Outer London,203,Greenwich,E09000011,CLA 2 years on 31 March,Any moves,Total children,229,100
2025,Reporting year,Local authority,E92000001,England,E13000002,Outer London,203,Greenwich,E09000011,CLA 2 years on 31 March,Any moves,With one or more moves during the previous 2 years,47,21
2025,Reporting year,Local authority,E92000001,England,E13000002,Outer London,203,Greenwich,E09000011,CLA 2 years on 31 March,Mid-year moves,Total children,229,100
2025,Reporting year,Local authority,E92000001,England,E13000002,Outer London,203,Greenwich,E09000011,CLA 2 years on 31 March,Mid-year moves,With one or more mid-year moves during the previous 2 years,39,17
2025,Reporting year,Local authority,E92000001,England,E13000002,Outer London,203,Greenwich,E09000011,CLA on 31 March,Any moves,Total children,271,100
2025,Reporting year,Local authority,E92000001,England,E13000002,Outer London,203,Greenwich,E09000011,CLA on 31 March,Any moves,With one or more moves during the year,24,9
2025,Reporting year,Local authority,E92000001,England,E13000002,Outer London,203,Greenwich,E09000011,CLA on 31 March,Mid-year moves,Total children,271,100
2025,Reporting year,Local authority,E92000001,England,E13000002,Outer London,203,Greenwich,E09000011,CLA on 31 March,Mid-year moves,With one or more mid-year moves during the year,14,5
2025,Reporting year,Local authority,E92000001,England,E13000002,Outer London,310,Harrow,E09000015,CLA 2 years on 31 March,Any moves,Total children,66,100
2025,Reporting year,Local authority,E92000001,England,E13000002,Outer London,310,Harrow,E09000015,CLA 2 years on 31 March,Any moves,With one or more moves during the previous 2 years,12,18
2025,Reporting year,Local authority,E92000001,England,E13000002,Outer London,310,Harrow,E09000015,CLA 2 years on 31 March,Mid-year moves,Total children,66,100
2025,Reporting year,Local authority,E92000001,England,E13000002,Outer London,310,Harrow,E09000015,CLA 2 years on 31 March,Mid-year moves,With one or more mid-year moves during the previous 2 years,11,17
2025,Reporting year,Local authority,E92000001,England,E13000002,Outer London,310,Harrow,E09000015,CLA on 31 March,Any moves,Total children,93,100
2025,Reporting year,Local authority,E92000001,England,E13000002,Outer London,310,Harrow,E09000015,CLA on 31 March,Any moves,With one or more moves during the year,7,8
2025,Reporting year,Local authority,E92000001,England,E13000002,Outer London,310,Harrow,E09000015,CLA on 31 March,Mid-year moves,Total children,93,100
2025,Reporting year,Local authority,E92000001,England,E13000002,Outer London,310,Harrow,E09000015,CLA on 31 March,Mid-year moves,With one or more mid-year moves during the year,7,8
2025,Reporting year,Local authority,E92000001,England,E13000002,Outer London,311,Havering,E09000016,CLA 2 years on 31 March,Any moves,Total children,152,100
2025,Reporting year,Local authority,E92000001,England,E13000002,Outer London,311,Havering,E09000016,CLA 2 years on 31 March,Any moves,With one or more moves during the previous 2 years,35,23
2025,Reporting year,Local authority,E92000001,England,E13000002,Outer London,311,Havering,E09000016,CLA 2 years on 31 March,Mid-year moves,Total children,152,100
2025,Reporting year,Local authority,E92000001,England,E13000002,Outer London,311,Havering,E09000016,CLA 2 years on 31 March,Mid-year moves,With one or more mid-year moves during the previous 2 years,33,22
2025,Reporting year,Local authority,E92000001,England,E13000002,Outer London,311,Havering,E09000016,CLA on 31 March,Any moves,Total children,178,100
2025,Reporting year,Local authority,E92000001,England,E13000002,Outer London,311,Havering,E09000016,CLA on 31 March,Any moves,With one or more moves during the year,20,11
2025,Reporting year,Local authority,E92000001,England,E13000002,Outer London,311,Havering,E09000016,CLA on 31 March,Mid-year moves,Total children,178,100
2025,Reporting year,Local authority,E92000001,England,E13000002,Outer London,311,Havering,E09000016,CLA on 31 March,Mid-year moves,With one or more mid-year moves during the year,19,11
2025,Reporting year,Local authority,E92000001,England,E13000002,Outer London,312,Hillingdon,E09000017,CLA 2 years on 31 March,Any moves,Total children,129,100
2025,Reporting year,Local authority,E92000001,England,E13000002,Outer London,312,Hillingdon,E09000017,CLA 2 years on 31 March,Any moves,With one or more moves during the previous 2 years,29,22
2025,Reporting year,Local authority,E92000001,England,E13000002,Outer London,312,Hillingdon,E09000017,CLA 2 years on 31 March,Mid-year moves,Total children,129,100
2025,Reporting year,Local authority,E92000001,England,E13000002,Outer London,312,Hillingdon,E09000017,CLA 2 years on 31 March,Mid-year moves,With one or more mid-year moves during the previous 2 years,24,19
2025,Reporting year,Local authority,E92000001,England,E13000002,Outer London,312,Hillingdon,E09000017,CLA on 31 March,Any moves,Total children,142,100
2025,Reporting year,Local authority,E92000001,England,E13000002,Outer London,312,Hillingdon,E09000017,CLA on 31 March,Any moves,With one or more moves during the year,20,14
2025,Reporting year,Local authority,E92000001,England,E13000002,Outer London,312,Hillingdon,E09000017,CLA on 31 March,Mid-year moves,Total children,142,100
2025,Reporting year,Local authority,E92000001,England,E13000002,Outer London,312,Hillingdon,E09000017,CLA on 31 March,Mid-year moves,With one or more mid-year moves during the year,16,11
2025,Reporting year,Local authority,E92000001,England,E13000002,Outer London,313,Hounslow,E09000018,CLA 2 years on 31 March,Any moves,Total children,111,100
2025,Reporting year,Local authority,E92000001,England,E13000002,Outer London,313,Hounslow,E09000018,CLA 2 years on 31 March,Any moves,With one or more moves during the previous 2 years,27,24
2025,Reporting year,Local authority,E92000001,England,E13000002,Outer London,313,Hounslow,E09000018,CLA 2 years on 31 March,Mid-year moves,Total children,111,100
2025,Reporting year,Local authority,E92000001,England,E13000002,Outer London,313,Hounslow,E09000018,CLA 2 years on 31 March,Mid-year moves,With one or more mid-year moves during the previous 2 years,18,16
2025,Reporting year,Local authority,E92000001,England,E13000002,Outer London,313,Hounslow,E09000018,CLA on 31 March,Any moves,Total children,116,100
2025,Reporting year,Local authority,E92000001,England,E13000002,Outer London,313,Hounslow,E09000018,CLA on 31 March,Any moves,With one or more moves during the year,19,16
2025,Reporting year,Local authority,E92000001,England,E13000002,Outer London,313,Hounslow,E09000018,CLA on 31 March,Mid-year moves,Total children,116,100
2025,Reporting year,Local authority,E92000001,England,E13000002,Outer London,313,Hounslow,E09000018,CLA on 31 March,Mid-year moves,With one or more mid-year moves during the year,12,10
2025,Reporting year,Local authority,E92000001,England,E13000002,Outer London,314,Kingston upon Thames,E09000021,CLA 2 years on 31 March,Any moves,Total children,64,100
2025,Reporting year,Local authority,E92000001,England,E13000002,Outer London,314,Kingston upon Thames,E09000021,CLA 2 years on 31 March,Any moves,With one or more moves during the previous 2 years,15,23
2025,Reporting year,Local authority,E92000001,England,E13000002,Outer London,314,Kingston upon Thames,E09000021,CLA 2 years on 31 March,Mid-year moves,Total children,64,100
2025,Reporting year,Local authority,E92000001,England,E13000002,Outer London,314,Kingston upon Thames,E09000021,CLA 2 years on 31 March,Mid-year moves,With one or more mid-year moves during the previous 2 years,12,19
2025,Reporting year,Local authority,E92000001,England,E13000002,Outer London,314,Kingston upon Thames,E09000021,CLA on 31 March,Any moves,Total children,69,100
2025,Reporting year,Local authority,E92000001,England,E13000002,Outer London,314,Kingston upon Thames,E09000021,CLA on 31 March,Any moves,With one or more moves during the year,11,16
2025,Reporting year,Local authority,E92000001,England,E13000002,Outer London,314,Kingston upon Thames,E09000021,CLA on 31 March,Mid-year moves,Total children,69,100
2025,Reporting year,Local authority,E92000001,England,E13000002,Outer London,314,Kingston upon Thames,E09000021,CLA on 31 March,Mid-year moves,With one or more mid-year moves during the year,6,9
2025,Reporting year,Local authority,E92000001,England,E13000002,Outer London,315,Merton,E09000024,CLA 2 years on 31 March,Any moves,Total children,57,100
2025,Reporting year,Local authority,E92000001,England,E13000002,Outer London,315,Merton,E09000024,CLA 2 years on 31 March,Any moves,With one or more moves during the previous 2 years,6,11
2025,Reporting year,Local authority,E92000001,England,E13000002,Outer London,315,Merton,E09000024,CLA 2 years on 31 March,Mid-year moves,Total children,57,100
2025,Reporting year,Local authority,E92000001,England,E13000002,Outer London,315,Merton,E09000024,CLA 2 years on 31 March,Mid-year moves,With one or more mid-year moves during the previous 2 years,c,c
2025,Reporting year,Local authority,E92000001,England,E13000002,Outer London,315,Merton,E09000024,CLA on 31 March,Any moves,Total children,87,100
2025,Reporting year,Local authority,E92000001,England,E13000002,Outer London,315,Merton,E09000024,CLA on 31 March,Any moves,With one or more moves during the year,c,c
2025,Reporting year,Local authority,E92000001,England,E13000002,Outer London,315,Merton,E09000024,CLA on 31 March,Mid-year moves,Total children,87,100
2025,Reporting year,Local authority,E92000001,England,E13000002,Outer London,315,Merton,E09000024,CLA on 31 March,Mid-year moves,With one or more mid-year moves during the year,c,c
2025,Reporting year,Local authority,E92000001,England,E13000002,Outer London,317,Redbridge,E09000026,CLA 2 years on 31 March,Any moves,Total children,145,100
2025,Reporting year,Local authority,E92000001,England,E13000002,Outer London,317,Redbridge,E09000026,CLA 2 years on 31 March,Any moves,With one or more moves during the previous 2 years,26,18
2025,Reporting year,Local authority,E92000001,England,E13000002,Outer London,317,Redbridge,E09000026,CLA 2 years on 31 March,Mid-year moves,Total children,145,100
2025,Reporting year,Local authority,E92000001,England,E13000002,Outer London,317,Redbridge,E09000026,CLA 2 years on 31 March,Mid-year moves,With one or more mid-year moves during the previous 2 years,25,17
2025,Reporting year,Local authority,E92000001,England,E13000002,Outer London,317,Redbridge,E09000026,CLA on 31 March,Any moves,Total children,171,100
2025,Reporting year,Local authority,E92000001,England,E13000002,Outer London,317,Redbridge,E09000026,CLA on 31 March,Any moves,With one or more moves during the year,11,6
2025,Reporting year,Local authority,E92000001,England,E13000002,Outer London,317,Redbridge,E09000026,CLA on 31 March,Mid-year moves,Total children,171,100
2025,Reporting year,Local authority,E92000001,England,E13000002,Outer London,317,Redbridge,E09000026,CLA on 31 March,Mid-year moves,With one or more mid-year moves during the year,11,6
2025,Reporting year,Local authority,E92000001,England,E13000002,Outer London,318,Richmond upon Thames,E09000027,CLA 2 years on 31 March,Any moves,Total children,49,100
2025,Reporting year,Local authority,E92000001,England,E13000002,Outer London,318,Richmond upon Thames,E09000027,CLA 2 years on 31 March,Any moves,With one or more moves during the previous 2 years,9,18
2025,Reporting year,Local authority,E92000001,England,E13000002,Outer London,318,Richmond upon Thames,E09000027,CLA 2 years on 31 March,Mid-year moves,Total children,49,100
2025,Reporting year,Local authority,E92000001,England,E13000002,Outer London,318,Richmond upon Thames,E09000027,CLA 2 years on 31 March,Mid-year moves,With one or more mid-year moves during the previous 2 years,9,18
2025,Reporting year,Local authority,E92000001,England,E13000002,Outer London,318,Richmond upon Thames,E09000027,CLA on 31 March,Any moves,Total children,71,100
2025,Reporting year,Local authority,E92000001,England,E13000002,Outer London,318,Richmond upon Thames,E09000027,CLA on 31 March,Any moves,With one or more moves during the year,9,13
2025,Reporting year,Local authority,E92000001,England,E13000002,Outer London,318,Richmond upon Thames,E09000027,CLA on 31 March,Mid-year moves,Total children,71,100
2025,Reporting year,Local authority,E92000001,England,E13000002,Outer London,318,Richmond upon Thames,E09000027,CLA on 31 March,Mid-year moves,With one or more mid-year moves during the year,8,11
2025,Reporting year,Local authority,E92000001,England,E13000002,Outer London,319,Sutton,E09000029,CLA 2 years on 31 March,Any moves,Total children,119,100
2025,Reporting year,Local authority,E92000001,England,E13000002,Outer London,319,Sutton,E09000029,CLA 2 years on 31 March,Any moves,With one or more moves during the previous 2 years,28,24
2025,Reporting year,Local authority,E92000001,England,E13000002,Outer London,319,Sutton,E09000029,CLA 2 years on 31 March,Mid-year moves,Total children,119,100
2025,Reporting year,Local authority,E92000001,England,E13000002,Outer London,319,Sutton,E09000029,CLA 2 years on 31 March,Mid-year moves,With one or more mid-year moves during the previous 2 years,23,19
2025,Reporting year,Local authority,E92000001,England,E13000002,Outer London,319,Sutton,E09000029,CLA on 31 March,Any moves,Total children,143,100
2025,Reporting year,Local authority,E92000001,England,E13000002,Outer London,319,Sutton,E09000029,CLA on 31 March,Any moves,With one or more moves during the year,14,10
2025,Reporting year,Local authority,E92000001,England,E13000002,Outer London,319,Sutton,E09000029,CLA on 31 March,Mid-year moves,Total children,143,100
2025,Reporting year,Local authority,E92000001,England,E13000002,Outer London,319,Sutton,E09000029,CLA on 31 March,Mid-year moves,With one or more mid-year moves during the year,9,6
2025,Reporting year,Local authority,E92000001,England,E13000002,Outer London,320,Waltham Forest,E09000031,CLA 2 years on 31 March,Any moves,Total children,154,100
2025,Reporting year,Local authority,E92000001,England,E13000002,Outer London,320,Waltham Forest,E09000031,CLA 2 years on 31 March,Any moves,With one or more moves during the previous 2 years,37,24
2025,Reporting year,Local authority,E92000001,England,E13000002,Outer London,320,Waltham Forest,E09000031,CLA 2 years on 31 March,Mid-year moves,Total children,154,100
2025,Reporting year,Local authority,E92000001,England,E13000002,Outer London,320,Waltham Forest,E09000031,CLA 2 years on 31 March,Mid-year moves,With one or more mid-year moves during the previous 2 years,30,19
2025,Reporting year,Local authority,E92000001,England,E13000002,Outer London,320,Waltham Forest,E09000031,CLA on 31 March,Any moves,Total children,181,100
2025,Reporting year,Local authority,E92000001,England,E13000002,Outer London,320,Waltham Forest,E09000031,CLA on 31 March,Any moves,With one or more moves during the year,18,10
2025,Reporting year,Local authority,E92000001,England,E13000002,Outer London,320,Waltham Forest,E09000031,CLA on 31 March,Mid-year moves,Total children,181,100
2025,Reporting year,Local authority,E92000001,England,E13000002,Outer London,320,Waltham Forest,E09000031,CLA on 31 March,Mid-year moves,With one or more mid-year moves during the year,14,8
2024,Reporting year,National,E92000001,England,,,,,,CLA 2 years on 31 March,Any moves,Total children,46350,100
2024,Reporting year,National,E92000001,England,,,,,,CLA 2 years on 31 March,Any moves,With one or more moves during the previous 2 years,9350,20
2024,Reporting year,National,E92000001,England,,,,,,CLA 2 years on 31 March,Mid-year moves,Total children,46350,100
2024,Reporting year,National,E92000001,England,,,,,,CLA 2 years on 31 March,Mid-year moves,With one or more mid-year moves during the previous 2 years,6780,15
2024,Reporting year,National,E92000001,England,,,,,,CLA on 31 March,Any moves,Total children,53120,100
2024,Reporting year,National,E92000001,England,,,,,,CLA on 31 March,Any moves,With one or more moves during the year,6060,11
2024,Reporting year,National,E92000001,England,,,,,,CLA on 31 March,Mid-year moves,Total children,53120,100
2024,Reporting year,National,E92000001,England,,,,,,CLA on 31 March,Mid-year moves,With one or more mid-year moves during the year,4300,8
2024,Reporting year,Regional,E92000001,England,E12000001,North East,,,,CLA 2 years on 31 March,Any moves,Total children,3520,100
2024,Reporting year,Regional,E92000001,England,E12000001,North East,,,,CLA 2 years on 31 March,Any moves,With one or more moves during the previous 2 years,600,17
2024,Reporting year,Regional,E92000001,England,E12000001,North East,,,,CLA 2 years on 31 March,Mid-year moves,Total children,3520,100
2024,Reporting year,Regional,E92000001,England,E12000001,North East,,,,CLA 2 years on 31 March,Mid-year moves,With one or more mid-year moves during the previous 2 years,400,11
2024,Reporting year,Regional,E92000001,England,E12000001,North East,,,,CLA on 31 March,Any moves,Total children,4180,100
2024,Reporting year,Regional,E92000001,England,E12000001,North East,,,,CLA on 31 March,Any moves,With one or more moves during the year,370,9
2024,Reporting year,Regional,E92000001,England,E12000001,North East,,,,CLA on 31 March,Mid-year moves,Total children,4180,100
2024,Reporting year,Regional,E92000001,England,E12000001,North East,,,,CLA on 31 March,Mid-year moves,With one or more mid-year moves during the year,260,6
2024,Reporting year,Regional,E92000001,England,E12000002,North West,,,,CLA 2 years on 31 March,Any moves,Total children,8960,100
2024,Reporting year,Regional,E92000001,England,E12000002,North West,,,,CLA 2 years on 31 March,Any moves,With one or more moves during the previous 2 years,1480,16
2024,Reporting year,Regional,E92000001,England,E12000002,North West,,,,CLA 2 years on 31 March,Mid-year moves,Total children,8960,100
2024,Reporting year,Regional,E92000001,England,E12000002,North West,,,,CLA 2 years on 31 March,Mid-year moves,With one or more mid-year moves during the previous 2 years,1030,11
2024,Reporting year,Regional,E92000001,England,E12000002,North West,,,,CLA on 31 March,Any moves,Total children,10030,100
2024,Reporting year,Regional,E92000001,England,E12000002,North West,,,,CLA on 31 March,Any moves,With one or more moves during the year,840,8
2024,Reporting year,Regional,E92000001,England,E12000002,North West,,,,CLA on 31 March,Mid-year moves,Total children,10030,100
2024,Reporting year,Regional,E92000001,England,E12000002,North West,,,,CLA on 31 March,Mid-year moves,With one or more mid-year moves during the year,550,5
2024,Reporting year,Regional,E92000001,England,E12000003,Yorkshire and The Humber,,,,CLA 2 years on 31 March,Any moves,Total children,5270,100
2024,Reporting year,Regional,E92000001,England,E12000003,Yorkshire and The Humber,,,,CLA 2 years on 31 March,Any moves,With one or more moves during the previous 2 years,1100,21
2024,Reporting year,Regional,E92000001,England,E12000003,Yorkshire and The Humber,,,,CLA 2 years on 31 March,Mid-year moves,Total children,5270,100
2024,Reporting year,Regional,E92000001,England,E12000003,Yorkshire and The Humber,,,,CLA 2 years on 31 March,Mid-year moves,With one or more mid-year moves during the previous 2 years,790,15
2024,Reporting year,Regional,E92000001,England,E12000003,Yorkshire and The Humber,,,,CLA on 31 March,Any moves,Total children,6060,100
2024,Reporting year,Regional,E92000001,England,E12000003,Yorkshire and The Humber,,,,CLA on 31 March,Any moves,With one or more moves during the year,710,12
2024,Reporting year,Regional,E92000001,England,E12000003,Yorkshire and The Humber,,,,CLA on 31 March,Mid-year moves,Total children,6060,100
2024,Reporting year,Regional,E92000001,England,E12000003,Yorkshire and The Humber,,,,CLA on 31 March,Mid-year moves,With one or more mid-year moves during the year,500,8
2024,Reporting year,Regional,E92000001,England,E12000004,East Midlands,,,,CLA 2 years on 31 March,Any moves,Total children,3610,100
2024,Reporting year,Regional,E92000001,England,E12000004,East Midlands,,,,CLA 2 years on 31 March,Any moves,With one or more moves during the previous 2 years,860,24
2024,Reporting year,Regional,E92000001,England,E12000004,East Midlands,,,,CLA 2 years on 31 March,Mid-year moves,Total children,3610,100
2024,Reporting year,Regional,E92000001,England,E12000004,East Midlands,,,,CLA 2 years on 31 March,Mid-year moves,With one or more mid-year moves during the previous 2 years,650,18
2024,Reporting year,Regional,E92000001,England,E12000004,East Midlands,,,,CLA on 31 March,Any moves,Total children,4140,100
2024,Reporting year,Regional,E92000001,England,E12000004,East Midlands,,,,CLA on 31 March,Any moves,With one or more moves during the year,580,14
2024,Reporting year,Regional,E92000001,England,E12000004,East Midlands,,,,CLA on 31 March,Mid-year moves,Total children,4140,100
2024,Reporting year,Regional,E92000001,England,E12000004,East Midlands,,,,CLA on 31 March,Mid-year moves,With one or more mid-year moves during the year,410,10
2024,Reporting year,Regional,E92000001,England,E12000005,West Midlands,,,,CLA 2 years on 31 March,Any moves,Total children,6880,100
2024,Reporting year,Regional,E92000001,England,E12000005,West Midlands,,,,CLA 2 years on 31 March,Any moves,With one or more moves during the previous 2 years,1350,20
2024,Reporting year,Regional,E92000001,England,E12000005,West Midlands,,,,CLA 2 years on 31 March,Mid-year moves,Total children,6880,100
2024,Reporting year,Regional,E92000001,England,E12000005,West Midlands,,,,CLA 2 years on 31 March,Mid-year moves,With one or more mid-year moves during the previous 2 years,1000,14
2024,Reporting year,Regional,E92000001,England,E12000005,West Midlands,,,,CLA on 31 March,Any moves,Total children,7670,100
2024,Reporting year,Regional,E92000001,England,E12000005,West Midlands,,,,CLA on 31 March,Any moves,With one or more moves during the year,850,11
2024,Reporting year,Regional,E92000001,England,E12000005,West Midlands,,,,CLA on 31 March,Mid-year moves,Total children,7670,100
2024,Reporting year,Regional,E92000001,England,E12000005,West Midlands,,,,CLA on 31 March,Mid-year moves,With one or more mid-year moves during the year,620,8
2024,Reporting year,Regional,E92000001,England,E12000006,East of England,,,,CLA 2 years on 31 March,Any moves,Total children,3770,100
2024,Reporting year,Regional,E92000001,England,E12000006,East of England,,,,CLA 2 years on 31 March,Any moves,With one or more moves during the previous 2 years,820,22
2024,Reporting year,Regional,E92000001,England,E12000006,East of England,,,,CLA 2 years on 31 March,Mid-year moves,Total children,3770,100
2024,Reporting year,Regional,E92000001,England,E12000006,East of England,,,,CLA 2 years on 31 March,Mid-year moves,With one or more mid-year moves during the previous 2 years,580,15
2024,Reporting year,Regional,E92000001,England,E12000006,East of England,,,,CLA on 31 March,Any moves,Total children,4110,100
2024,Reporting year,Regional,E92000001,England,E12000006,East of England,,,,CLA on 31 March,Any moves,With one or more moves during the year,530,13
2024,Reporting year,Regional,E92000001,England,E12000006,East of England,,,,CLA on 31 March,Mid-year moves,Total children,4110,100
2024,Reporting year,Regional,E92000001,England,E12000006,East of England,,,,CLA on 31 March,Mid-year moves,With one or more mid-year moves during the year,360,9
2024,Reporting year,Regional,E92000001,England,E12000007,London,,,,CLA 2 years on 31 March,Any moves,Total children,4670,100
2024,Reporting year,Regional,E92000001,England,E12000007,London,,,,CLA 2 years on 31 March,Any moves,With one or more moves during the previous 2 years,970,21
2024,Reporting year,Regional,E92000001,England,E12000007,London,,,,CLA 2 years on 31 March,Mid-year moves,Total children,4670,100
2024,Reporting year,Regional,E92000001,England,E12000007,London,,,,CLA 2 years on 31 March,Mid-year moves,With one or more mid-year moves during the previous 2 years,740,16
2024,Reporting year,Regional,E92000001,England,E12000007,London,,,,CLA on 31 March,Any moves,Total children,5720,100
2024,Reporting year,Regional,E92000001,England,E12000007,London,,,,CLA on 31 March,Any moves,With one or more moves during the year,650,11
2024,Reporting year,Regional,E92000001,England,E12000007,London,,,,CLA on 31 March,Mid-year moves,Total children,5720,100
2024,Reporting year,Regional,E92000001,England,E12000007,London,,,,CLA on 31 March,Mid-year moves,With one or more mid-year moves during the year,510,9
2024,Reporting year,Regional,E92000001,England,E12000008,South East,,,,CLA 2 years on 31 March,Any moves,Total children,5890,100
2024,Reporting year,Regional,E92000001,England,E12000008,South East,,,,CLA 2 years on 31 March,Any moves,With one or more moves during the previous 2 years,1260,21
2024,Reporting year,Regional,E92000001,England,E12000008,South East,,,,CLA 2 years on 31 March,Mid-year moves,Total children,5890,100
2024,Reporting year,Regional,E92000001,England,E12000008,South East,,,,CLA 2 years on 31 March,Mid-year moves,With one or more mid-year moves during the previous 2 years,940,16
2024,Reporting year,Regional,E92000001,England,E12000008,South East,,,,CLA on 31 March,Any moves,Total children,6830,100
2024,Reporting year,Regional,E92000001,England,E12000008,South East,,,,CLA on 31 March,Any moves,With one or more moves during the year,920,13
2024,Reporting year,Regional,E92000001,England,E12000008,South East,,,,CLA on 31 March,Mid-year moves,Total children,6830,100
2024,Reporting year,Regional,E92000001,England,E12000008,South East,,,,CLA on 31 March,Mid-year moves,With one or more mid-year moves during the year,650,10
2024,Reporting year,Regional,E92000001,England,E12000009,South West,,,,CLA 2 years on 31 March,Any moves,Total children,3780,100
2024,Reporting year,Regional,E92000001,England,E12000009,South West,,,,CLA 2 years on 31 March,Any moves,With one or more moves during the previous 2 years,920,24
2024,Reporting year,Regional,E92000001,England,E12000009,South West,,,,CLA 2 years on 31 March,Mid-year moves,Total children,3780,100
2024,Reporting year,Regional,E92000001,England,E12000009,South West,,,,CLA 2 years on 31 March,Mid-year moves,With one or more mid-year moves during the previous 2 years,670,18
2024,Reporting year,Regional,E92000001,England,E12000009,South West,,,,CLA on 31 March,Any moves,Total children,4380,100
2024,Reporting year,Regional,E92000001,England,E12000009,South West,,,,CLA on 31 March,Any moves,With one or more moves during the year,620,14
2024,Reporting year,Regional,E92000001,England,E12000009,South West,,,,CLA on 31 March,Mid-year moves,Total children,4380,100
2024,Reporting year,Regional,E92000001,England,E12000009,South West,,,,CLA on 31 March,Mid-year moves,With one or more mid-year moves during the year,440,10
2024,Reporting year,Regional,E92000001,England,E13000001,Inner London,,,,CLA 2 years on 31 March,Any moves,Total children,1960,100
2024,Reporting year,Regional,E92000001,England,E13000001,Inner London,,,,CLA 2 years on 31 March,Any moves,With one or more moves during the previous 2 years,410,21
2024,Reporting year,Regional,E92000001,England,E13000001,Inner London,,,,CLA 2 years on 31 March,Mid-year moves,Total children,1960,100
2024,Reporting year,Regional,E92000001,England,E13000001,Inner London,,,,CLA 2 years on 31 March,Mid-year moves,With one or more mid-year moves during the previous 2 years,310,16
2024,Reporting year,Regional,E92000001,England,E13000001,Inner London,,,,CLA on 31 March,Any moves,Total children,2360,100
2024,Reporting year,Regional,E92000001,England,E13000001,Inner London,,,,CLA on 31 March,Any moves,With one or more moves during the year,250,11
2024,Reporting year,Regional,E92000001,England,E13000001,Inner London,,,,CLA on 31 March,Mid-year moves,Total children,2360,100
2024,Reporting year,Regional,E92000001,England,E13000001,Inner London,,,,CLA on 31 March,Mid-year moves,With one or more mid-year moves during the year,180,8
2024,Reporting year,Regional,E92000001,England,E13000002,Outer London,,,,CLA 2 years on 31 March,Any moves,Total children,2710,100
2024,Reporting year,Regional,E92000001,England,E13000002,Outer London,,,,CLA 2 years on 31 March,Any moves,With one or more moves during the previous 2 years,550,20
2024,Reporting year,Regional,E92000001,England,E13000002,Outer London,,,,CLA 2 years on 31 March,Mid-year moves,Total children,2710,100
2024,Reporting year,Regional,E92000001,England,E13000002,Outer London,,,,CLA 2 years on 31 March,Mid-year moves,With one or more mid-year moves during the previous 2 years,430,16
2024,Reporting year,Regional,E92000001,England,E13000002,Outer London,,,,CLA on 31 March,Any moves,Total children,3360,100
2024,Reporting year,Regional,E92000001,England,E13000002,Outer London,,,,CLA on 31 March,Any moves,With one or more moves during the year,400,12
2024,Reporting year,Regional,E92000001,England,E13000002,Outer London,,,,CLA on 31 March,Mid-year moves,Total children,3360,100
2024,Reporting year,Regional,E92000001,England,E13000002,Outer London,,,,CLA on 31 March,Mid-year moves,With one or more mid-year moves during the year,330,10
2024,Reporting year,Local authority,E92000001,England,E12000001,North East,805,Hartlepool,E06000001,CLA 2 years on 31 March,Any moves,Total children,204,100
2024,Reporting year,Local authority,E92000001,England,E12000001,North East,805,Hartlepool,E06000001,CLA 2 years on 31 March,Any moves,With one or more moves during the previous 2 years,35,17
2024,Reporting year,Local authority,E92000001,England,E12000001,North East,805,Hartlepool,E06000001,CLA 2 years on 31 March,Mid-year moves,Total children,204,100
2024,Reporting year,Local authority,E92000001,England,E12000001,North East,805,Hartlepool,E06000001,CLA 2 years on 31 March,Mid-year moves,With one or more mid-year moves during the previous 2 years,23,11
2024,Reporting year,Local authority,E92000001,England,E12000001,North East,805,Hartlepool,E06000001,CLA on 31 March,Any moves,Total children,236,100
2024,Reporting year,Local authority,E92000001,England,E12000001,North East,805,Hartlepool,E06000001,CLA on 31 March,Any moves,With one or more moves during the year,20,8
2024,Reporting year,Local authority,E92000001,England,E12000001,North East,805,Hartlepool,E06000001,CLA on 31 March,Mid-year moves,Total children,236,100
2024,Reporting year,Local authority,E92000001,England,E12000001,North East,805,Hartlepool,E06000001,CLA on 31 March,Mid-year moves,With one or more mid-year moves during the year,17,7
2024,Reporting year,Local authority,E92000001,England,E12000001,North East,806,Middlesbrough,E06000002,CLA 2 years on 31 March,Any moves,Total children,294,100
2024,Reporting year,Local authority,E92000001,England,E12000001,North East,806,Middlesbrough,E06000002,CLA 2 years on 31 March,Any moves,With one or more moves during the previous 2 years,42,14
2024,Reporting year,Local authority,E92000001,England,E12000001,North East,806,Middlesbrough,E06000002,CLA 2 years on 31 March,Mid-year moves,Total children,294,100
2024,Reporting year,Local authority,E92000001,England,E12000001,North East,806,Middlesbrough,E06000002,CLA 2 years on 31 March,Mid-year moves,With one or more mid-year moves during the previous 2 years,25,9
2024,Reporting year,Local authority,E92000001,England,E12000001,North East,806,Middlesbrough,E06000002,CLA on 31 March,Any moves,Total children,352,100
2024,Reporting year,Local authority,E92000001,England,E12000001,North East,806,Middlesbrough,E06000002,CLA on 31 March,Any moves,With one or more moves during the year,24,7
2024,Reporting year,Local authority,E92000001,England,E12000001,North East,806,Middlesbrough,E06000002,CLA on 31 March,Mid-year moves,Total children,352,100
2024,Reporting year,Local authority,E92000001,England,E12000001,North East,806,Middlesbrough,E06000002,CLA on 31 March,Mid-year moves,With one or more mid-year moves during the year,15,4
2024,Reporting year,Local authority,E92000001,England,E12000001,North East,807,Redcar and Cleveland,E06000003,CLA 2 years on 31 March,Any moves,Total children,229,100
2024,Reporting year,Local authority,E92000001,England,E12000001,North East,807,Redcar and Cleveland,E06000003,CLA 2 years on 31 March,Any moves,With one or more moves during the previous 2 years,24,10
2024,Reporting year,Local authority,E92000001,England,E12000001,North East,807,Redcar and Cleveland,E06000003,CLA 2 years on 31 March,Mid-year moves,Total children,229,100
2024,Reporting year,Local authority,E92000001,England,E12000001,North East,807,Redcar and Cleveland,E06000003,CLA 2 years on 31 March,Mid-year moves,With one or more mid-year moves during the previous 2 years,17,7
2024,Reporting year,Local authority,E92000001,England,E12000001,North East,807,Redcar and Cleveland,E06000003,CLA on 31 March,Any moves,Total children,284,100
2024,Reporting year,Local authority,E92000001,England,E12000001,North East,807,Redcar and Cleveland,E06000003,CLA on 31 March,Any moves,With one or more moves during the year,20,7
2024,Reporting year,Local authority,E92000001,England,E12000001,North East,807,Redcar and Cleveland,E06000003,CLA on 31 March,Mid-year moves,Total children,284,100
2024,Reporting year,Local authority,E92000001,England,E12000001,North East,807,Redcar and Cleveland,E06000003,CLA on 31 March,Mid-year moves,With one or more mid-year moves during the year,13,5
2024,Reporting year,Local authority,E92000001,England,E12000001,North East,808,Stockton-on-Tees,E06000004,CLA 2 years on 31 March,Any moves,Total children,369,100
2024,Reporting year,Local authority,E92000001,England,E12000001,North East,808,Stockton-on-Tees,E06000004,CLA 2 years on 31 March,Any moves,With one or more moves during the previous 2 years,60,16
2024,Reporting year,Local authority,E92000001,England,E12000001,North East,808,Stockton-on-Tees,E06000004,CLA 2 years on 31 March,Mid-year moves,Total children,369,100
2024,Reporting year,Local authority,E92000001,England,E12000001,North East,808,Stockton-on-Tees,E06000004,CLA 2 years on 31 March,Mid-year moves,With one or more mid-year moves during the previous 2 years,41,11
2024,Reporting year,Local authority,E92000001,England,E12000001,North East,808,Stockton-on-Tees,E06000004,CLA on 31 March,Any moves,Total children,418,100
2024,Reporting year,Local authority,E92000001,England,E12000001,North East,808,Stockton-on-Tees,E06000004,CLA on 31 March,Any moves,With one or more moves during the year,36,9
2024,Reporting year,Local authority,E92000001,England,E12000001,North East,808,Stockton-on-Tees,E06000004,CLA on 31 March,Mid-year moves,Total children,418,100
2024,Reporting year,Local authority,E92000001,England,E12000001,North East,808,Stockton-on-Tees,E06000004,CLA on 31 March,Mid-year moves,With one or more mid-year moves during the year,28,7
2024,Reporting year,Local authority,E92000001,England,E12000001,North East,841,Darlington,E06000005,CLA 2 years on 31 March,Any moves,Total children,187,100
2024,Reporting year,Local authority,E92000001,England,E12000001,North East,841,Darlington,E06000005,CLA 2 years on 31 March,Any moves,With one or more moves during the previous 2 years,36,19
2024,Reporting year,Local authority,E92000001,England,E12000001,North East,841,Darlington,E06000005,CLA 2 years on 31 March,Mid-year moves,Total children,187,100
2024,Reporting year,Local authority,E92000001,England,E12000001,North East,841,Darlington,E06000005,CLA 2 years on 31 March,Mid-year moves,With one or more mid-year moves during the previous 2 years,24,13
2024,Reporting year,Local authority,E92000001,England,E12000001,North East,841,Darlington,E06000005,CLA on 31 March,Any moves,Total children,200,100
2024,Reporting year,Local authority,E92000001,England,E12000001,North East,841,Darlington,E06000005,CLA on 31 March,Any moves,With one or more moves during the year,25,13
2024,Reporting year,Local authority,E92000001,England,E12000001,North East,841,Darlington,E06000005,CLA on 31 March,Mid-year moves,Total children,200,100
2024,Reporting year,Local authority,E92000001,England,E12000001,North East,841,Darlington,E06000005,CLA on 31 March,Mid-year moves,With one or more mid-year moves during the year,17,9
2024,Reporting year,Local authority,E92000001,England,E12000001,North East,840,County Durham,E06000047,CLA 2 years on 31 March,Any moves,Total children,641,100
2024,Reporting year,Local authority,E92000001,England,E12000001,North East,840,County Durham,E06000047,CLA 2 years on 31 March,Any moves,With one or more moves during the previous 2 years,109,17
2024,Reporting year,Local authority,E92000001,England,E12000001,North East,840,County Durham,E06000047,CLA 2 years on 31 March,Mid-year moves,Total children,641,100
2024,Reporting year,Local authority,E92000001,England,E12000001,North East,840,County Durham,E06000047,CLA 2 years on 31 March,Mid-year moves,With one or more mid-year moves during the previous 2 years,68,11
2024,Reporting year,Local authority,E92000001,England,E12000001,North East,840,County Durham,E06000047,CLA on 31 March,Any moves,Total children,775,100
2024,Reporting year,Local authority,E92000001,England,E12000001,North East,840,County Durham,E06000047,CLA on 31 March,Any moves,With one or more moves during the year,67,9
2024,Reporting year,Local authority,E92000001,England,E12000001,North East,840,County Durham,E06000047,CLA on 31 March,Mid-year moves,Total children,775,100
2024,Reporting year,Local authority,E92000001,England,E12000001,North East,840,County Durham,E06000047,CLA on 31 March,Mid-year moves,With one or more mid-year moves during the year,44,6
2024,Reporting year,Local authority,E92000001,England,E12000001,North East,929,Northumberland,E06000057,CLA 2 years on 31 March,Any moves,Total children,217,100
2024,Reporting year,Local authority,E92000001,England,E12000001,North East,929,Northumberland,E06000057,CLA 2 years on 31 March,Any moves,With one or more moves during the previous 2 years,42,19
2024,Reporting year,Local authority,E92000001,England,E12000001,North East,929,Northumberland,E06000057,CLA 2 years on 31 March,Mid-year moves,Total children,217,100
2024,Reporting year,Local authority,E92000001,England,E12000001,North East,929,Northumberland,E06000057,CLA 2 years on 31 March,Mid-year moves,With one or more mid-year moves during the previous 2 years,29,13
2024,Reporting year,Local authority,E92000001,England,E12000001,North East,929,Northumberland,E06000057,CLA on 31 March,Any moves,Total children,287,100
2024,Reporting year,Local authority,E92000001,England,E12000001,North East,929,Northumberland,E06000057,CLA on 31 March,Any moves,With one or more moves during the year,36,13
2024,Reporting year,Local authority,E92000001,England,E12000001,North East,929,Northumberland,E06000057,CLA on 31 March,Mid-year moves,Total children,287,100
2024,Reporting year,Local authority,E92000001,England,E12000001,North East,929,Northumberland,E06000057,CLA on 31 March,Mid-year moves,With one or more mid-year moves during the year,27,9
2024,Reporting year,Local authority,E92000001,England,E12000001,North East,391,Newcastle upon Tyne,E08000021,CLA 2 years on 31 March,Any moves,Total children,400,100
2024,Reporting year,Local authority,E92000001,England,E12000001,North East,391,Newcastle upon Tyne,E08000021,CLA 2 years on 31 March,Any moves,With one or more moves during the previous 2 years,80,20
2024,Reporting year,Local authority,E92000001,England,E12000001,North East,391,Newcastle upon Tyne,E08000021,CLA 2 years on 31 March,Mid-year moves,Total children,400,100
2024,Reporting year,Local authority,E92000001,England,E12000001,North East,391,Newcastle upon Tyne,E08000021,CLA 2 years on 31 March,Mid-year moves,With one or more mid-year moves during the previous 2 years,47,12
2024,Reporting year,Local authority,E92000001,England,E12000001,North East,391,Newcastle upon Tyne,E08000021,CLA on 31 March,Any moves,Total children,438,100
2024,Reporting year,Local authority,E92000001,England,E12000001,North East,391,Newcastle upon Tyne,E08000021,CLA on 31 March,Any moves,With one or more moves during the year,34,8
2024,Reporting year,Local authority,E92000001,England,E12000001,North East,391,Newcastle upon Tyne,E08000021,CLA on 31 March,Mid-year moves,Total children,438,100
2024,Reporting year,Local authority,E92000001,England,E12000001,North East,391,Newcastle upon Tyne,E08000021,CLA on 31 March,Mid-year moves,With one or more mid-year moves during the year,24,5
2024,Reporting year,Local authority,E92000001,England,E12000001,North East,392,North Tyneside,E08000022,CLA 2 years on 31 March,Any moves,Total children,189,100
2024,Reporting year,Local authority,E92000001,England,E12000001,North East,392,North Tyneside,E08000022,CLA 2 years on 31 March,Any moves,With one or more moves during the previous 2 years,28,15
2024,Reporting year,Local authority,E92000001,England,E12000001,North East,392,North Tyneside,E08000022,CLA 2 years on 31 March,Mid-year moves,Total children,189,100
2024,Reporting year,Local authority,E92000001,England,E12000001,North East,392,North Tyneside,E08000022,CLA 2 years on 31 March,Mid-year moves,With one or more mid-year moves during the previous 2 years,21,11
2024,Reporting year,Local authority,E92000001,England,E12000001,North East,392,North Tyneside,E08000022,CLA on 31 March,Any moves,Total children,244,100
2024,Reporting year,Local authority,E92000001,England,E12000001,North East,392,North Tyneside,E08000022,CLA on 31 March,Any moves,With one or more moves during the year,16,7
2024,Reporting year,Local authority,E92000001,England,E12000001,North East,392,North Tyneside,E08000022,CLA on 31 March,Mid-year moves,Total children,244,100
2024,Reporting year,Local authority,E92000001,England,E12000001,North East,392,North Tyneside,E08000022,CLA on 31 March,Mid-year moves,With one or more mid-year moves during the year,11,5
2024,Reporting year,Local authority,E92000001,England,E12000001,North East,393,South Tyneside,E08000023,CLA 2 years on 31 March,Any moves,Total children,168,100
2024,Reporting year,Local authority,E92000001,England,E12000001,North East,393,South Tyneside,E08000023,CLA 2 years on 31 March,Any moves,With one or more moves during the previous 2 years,18,11
2024,Reporting year,Local authority,E92000001,England,E12000001,North East,393,South Tyneside,E08000023,CLA 2 years on 31 March,Mid-year moves,Total children,168,100
2024,Reporting year,Local authority,E92000001,England,E12000001,North East,393,South Tyneside,E08000023,CLA 2 years on 31 March,Mid-year moves,With one or more mid-year moves during the previous 2 years,13,8
2024,Reporting year,Local authority,E92000001,England,E12000001,North East,393,South Tyneside,E08000023,CLA on 31 March,Any moves,Total children,204,100
2024,Reporting year,Local authority,E92000001,England,E12000001,North East,393,South Tyneside,E08000023,CLA on 31 March,Any moves,With one or more moves during the year,14,7
2024,Reporting year,Local authority,E92000001,England,E12000001,North East,393,South Tyneside,E08000023,CLA on 31 March,Mid-year moves,Total children,204,100
2024,Reporting year,Local authority,E92000001,England,E12000001,North East,393,South Tyneside,E08000023,CLA on 31 March,Mid-year moves,With one or more mid-year moves during the year,11,5
2024,Reporting year,Local authority,E92000001,England,E12000001,North East,394,Sunderland,E08000024,CLA 2 years on 31 March,Any moves,Total children,304,100
2024,Reporting year,Local authority,E92000001,England,E12000001,North East,394,Sunderland,E08000024,CLA 2 years on 31 March,Any moves,With one or more moves during the previous 2 years,69,23
2024,Reporting year,Local authority,E92000001,England,E12000001,North East,394,Sunderland,E08000024,CLA 2 years on 31 March,Mid-year moves,Total children,304,100
2024,Reporting year,Local authority,E92000001,England,E12000001,North East,394,Sunderland,E08000024,CLA 2 years on 31 March,Mid-year moves,With one or more mid-year moves during the previous 2 years,47,15
2024,Reporting year,Local authority,E92000001,England,E12000001,North East,394,Sunderland,E08000024,CLA on 31 March,Any moves,Total children,358,100
2024,Reporting year,Local authority,E92000001,England,E12000001,North East,394,Sunderland,E08000024,CLA on 31 March,Any moves,With one or more moves during the year,38,11
2024,Reporting year,Local authority,E92000001,England,E12000001,North East,394,Sunderland,E08000024,CLA on 31 March,Mid-year moves,Total children,358,100
2024,Reporting year,Local authority,E92000001,England,E12000001,North East,394,Sunderland,E08000024,CLA on 31 March,Mid-year moves,With one or more mid-year moves during the year,25,7
2024,Reporting year,Local authority,E92000001,England,E12000001,North East,390,Gateshead,E08000037,CLA 2 years on 31 March,Any moves,Total children,318,100
2024,Reporting year,Local authority,E92000001,England,E12000001,North East,390,Gateshead,E08000037,CLA 2 years on 31 March,Any moves,With one or more moves during the previous 2 years,57,18
2024,Reporting year,Local authority,E92000001,England,E12000001,North East,390,Gateshead,E08000037,CLA 2 years on 31 March,Mid-year moves,Total children,318,100
2024,Reporting year,Local authority,E92000001,England,E12000001,North East,390,Gateshead,E08000037,CLA 2 years on 31 March,Mid-year moves,With one or more mid-year moves during the previous 2 years,41,13
2024,Reporting year,Local authority,E92000001,England,E12000001,North East,390,Gateshead,E08000037,CLA on 31 March,Any moves,Total children,380,100
2024,Reporting year,Local authority,E92000001,England,E12000001,North East,390,Gateshead,E08000037,CLA on 31 March,Any moves,With one or more moves during the year,35,9
2024,Reporting year,Local authority,E92000001,England,E12000001,North East,390,Gateshead,E08000037,CLA on 31 March,Mid-year moves,Total children,380,100
2024,Reporting year,Local authority,E92000001,England,E12000001,North East,390,Gateshead,E08000037,CLA on 31 March,Mid-year moves,With one or more mid-year moves during the year,25,7
2024,Reporting year,Local authority,E92000001,England,E12000002,North West,876,Halton,E06000006,CLA 2 years on 31 March,Any moves,Total children,214,100
2024,Reporting year,Local authority,E92000001,England,E12000002,North West,876,Halton,E06000006,CLA 2 years on 31 March,Any moves,With one or more moves during the previous 2 years,41,19
2024,Reporting year,Local authority,E92000001,England,E12000002,North West,876,Halton,E06000006,CLA 2 years on 31 March,Mid-year moves,Total children,214,100
2024,Reporting year,Local authority,E92000001,England,E12000002,North West,876,Halton,E06000006,CLA 2 years on 31 March,Mid-year moves,With one or more mid-year moves during the previous 2 years,24,11
2024,Reporting year,Local authority,E92000001,England,E12000002,North West,876,Halton,E06000006,CLA on 31 March,Any moves,Total children,235,100
2024,Reporting year,Local authority,E92000001,England,E12000002,North West,876,Halton,E06000006,CLA on 31 March,Any moves,With one or more moves during the year,27,11
2024,Reporting year,Local authority,E92000001,England,E12000002,North West,876,Halton,E06000006,CLA on 31 March,Mid-year moves,Total children,235,100
2024,Reporting year,Local authority,E92000001,England,E12000002,North West,876,Halton,E06000006,CLA on 31 March,Mid-year moves,With one or more mid-year moves during the year,15,6
2024,Reporting year,Local authority,E92000001,England,E12000002,North West,877,Warrington,E06000007,CLA 2 years on 31 March,Any moves,Total children,195,100
2024,Reporting year,Local authority,E92000001,England,E12000002,North West,877,Warrington,E06000007,CLA 2 years on 31 March,Any moves,With one or more moves during the previous 2 years,35,18
2024,Reporting year,Local authority,E92000001,England,E12000002,North West,877,Warrington,E06000007,CLA 2 years on 31 March,Mid-year moves,Total children,195,100
2024,Reporting year,Local authority,E92000001,England,E12000002,North West,877,Warrington,E06000007,CLA 2 years on 31 March,Mid-year moves,With one or more mid-year moves during the previous 2 years,23,12
2024,Reporting year,Local authority,E92000001,England,E12000002,North West,877,Warrington,E06000007,CLA on 31 March,Any moves,Total children,230,100
2024,Reporting year,Local authority,E92000001,England,E12000002,North West,877,Warrington,E06000007,CLA on 31 March,Any moves,With one or more moves during the year,25,11
2024,Reporting year,Local authority,E92000001,England,E12000002,North West,877,Warrington,E06000007,CLA on 31 March,Mid-year moves,Total children,230,100
2024,Reporting year,Local authority,E92000001,England,E12000002,North West,877,Warrington,E06000007,CLA on 31 March,Mid-year moves,With one or more mid-year moves during the year,16,7
2024,Reporting year,Local authority,E92000001,England,E12000002,North West,889,Blackburn with Darwen,E06000008,CLA 2 years on 31 March,Any moves,Total children,193,100
2024,Reporting year,Local authority,E92000001,England,E12000002,North West,889,Blackburn with Darwen,E06000008,CLA 2 years on 31 March,Any moves,With one or more moves during the previous 2 years,34,18
2024,Reporting year,Local authority,E92000001,England,E12000002,North West,889,Blackburn with Darwen,E06000008,CLA 2 years on 31 March,Mid-year moves,Total children,193,100
2024,Reporting year,Local authority,E92000001,England,E12000002,North West,889,Blackburn with Darwen,E06000008,CLA 2 years on 31 March,Mid-year moves,With one or more mid-year moves during the previous 2 years,20,10
2024,Reporting year,Local authority,E92000001,England,E12000002,North West,889,Blackburn with Darwen,E06000008,CLA on 31 March,Any moves,Total children,233,100
2024,Reporting year,Local authority,E92000001,England,E12000002,North West,889,Blackburn with Darwen,E06000008,CLA on 31 March,Any moves,With one or more moves during the year,14,6
2024,Reporting year,Local authority,E92000001,England,E12000002,North West,889,Blackburn with Darwen,E06000008,CLA on 31 March,Mid-year moves,Total children,233,100
2024,Reporting year,Local authority,E92000001,England,E12000002,North West,889,Blackburn with Darwen,E06000008,CLA on 31 March,Mid-year moves,With one or more mid-year moves during the year,7,3
2024,Reporting year,Local authority,E92000001,England,E12000002,North West,890,Blackpool,E06000009,CLA 2 years on 31 March,Any moves,Total children,314,100
2024,Reporting year,Local authority,E92000001,England,E12000002,North West,890,Blackpool,E06000009,CLA 2 years on 31 March,Any moves,With one or more moves during the previous 2 years,62,20
2024,Reporting year,Local authority,E92000001,England,E12000002,North West,890,Blackpool,E06000009,CLA 2 years on 31 March,Mid-year moves,Total children,314,100
2024,Reporting year,Local authority,E92000001,England,E12000002,North West,890,Blackpool,E06000009,CLA 2 years on 31 March,Mid-year moves,With one or more mid-year moves during the previous 2 years,49,16
2024,Reporting year,Local authority,E92000001,England,E12000002,North West,890,Blackpool,E06000009,CLA on 31 March,Any moves,Total children,330,100
2024,Reporting year,Local authority,E92000001,England,E12000002,North West,890,Blackpool,E06000009,CLA on 31 March,Any moves,With one or more moves during the year,32,10
2024,Reporting year,Local authority,E92000001,England,E12000002,North West,890,Blackpool,E06000009,CLA on 31 March,Mid-year moves,Total children,330,100
2024,Reporting year,Local authority,E92000001,England,E12000002,North West,890,Blackpool,E06000009,CLA on 31 March,Mid-year moves,With one or more mid-year moves during the year,25,8
2024,Reporting year,Local authority,E92000001,England,E12000002,North West,895,Cheshire East,E06000049,CLA 2 years on 31 March,Any moves,Total children,272,100
2024,Reporting year,Local authority,E92000001,England,E12000002,North West,895,Cheshire East,E06000049,CLA 2 years on 31 March,Any moves,With one or more moves during the previous 2 years,43,16
2024,Reporting year,Local authority,E92000001,England,E12000002,North West,895,Cheshire East,E06000049,CLA 2 years on 31 March,Mid-year moves,Total children,272,100
2024,Reporting year,Local authority,E92000001,England,E12000002,North West,895,Cheshire East,E06000049,CLA 2 years on 31 March,Mid-year moves,With one or more mid-year moves during the previous 2 years,32,12
2024,Reporting year,Local authority,E92000001,England,E12000002,North West,895,Cheshire East,E06000049,CLA on 31 March,Any moves,Total children,299,100
2024,Reporting year,Local authority,E92000001,England,E12000002,North West,895,Cheshire East,E06000049,CLA on 31 March,Any moves,With one or more moves during the year,29,10
2024,Reporting year,Local authority,E92000001,England,E12000002,North West,895,Cheshire East,E06000049,CLA on 31 March,Mid-year moves,Total children,299,100
2024,Reporting year,Local authority,E92000001,England,E12000002,North West,895,Cheshire East,E06000049,CLA on 31 March,Mid-year moves,With one or more mid-year moves during the year,23,8
2024,Reporting year,Local authority,E92000001,England,E12000002,North West,896,Cheshire West and Chester,E06000050,CLA 2 years on 31 March,Any moves,Total children,340,100
2024,Reporting year,Local authority,E92000001,England,E12000002,North West,896,Cheshire West and Chester,E06000050,CLA 2 years on 31 March,Any moves,With one or more moves during the previous 2 years,47,14
2024,Reporting year,Local authority,E92000001,England,E12000002,North West,896,Cheshire West and Chester,E06000050,CLA 2 years on 31 March,Mid-year moves,Total children,340,100
2024,Reporting year,Local authority,E92000001,England,E12000002,North West,896,Cheshire West and Chester,E06000050,CLA 2 years on 31 March,Mid-year moves,With one or more mid-year moves during the previous 2 years,36,11
2024,Reporting year,Local authority,E92000001,England,E12000002,North West,896,Cheshire West and Chester,E06000050,CLA on 31 March,Any moves,Total children,370,100
2024,Reporting year,Local authority,E92000001,England,E12000002,North West,896,Cheshire West and Chester,E06000050,CLA on 31 March,Any moves,With one or more moves during the year,26,7
2024,Reporting year,Local authority,E92000001,England,E12000002,North West,896,Cheshire West and Chester,E06000050,CLA on 31 March,Mid-year moves,Total children,370,100
2024,Reporting year,Local authority,E92000001,England,E12000002,North West,896,Cheshire West and Chester,E06000050,CLA on 31 March,Mid-year moves,With one or more mid-year moves during the year,22,6
2024,Reporting year,Local authority,E92000001,England,E12000002,North West,942,Cumberland,E06000063,CLA 2 years on 31 March,Any moves,Total children,256,100
2024,Reporting year,Local authority,E92000001,England,E12000002,North West,942,Cumberland,E06000063,CLA 2 years on 31 March,Any moves,With one or more moves during the previous 2 years,73,29
2024,Reporting year,Local authority,E92000001,England,E12000002,North West,942,Cumberland,E06000063,CLA 2 years on 31 March,Mid-year moves,Total children,256,100
2024,Reporting year,Local authority,E92000001,England,E12000002,North West,942,Cumberland,E06000063,CLA 2 years on 31 March,Mid-year moves,With one or more mid-year moves during the previous 2 years,54,21
2024,Reporting year,Local authority,E92000001,England,E12000002,North West,942,Cumberland,E06000063,CLA on 31 March,Any moves,Total children,278,100
2024,Reporting year,Local authority,E92000001,England,E12000002,North West,942,Cumberland,E06000063,CLA on 31 March,Any moves,With one or more moves during the year,54,19
2024,Reporting year,Local authority,E92000001,England,E12000002,North West,942,Cumberland,E06000063,CLA on 31 March,Mid-year moves,Total children,278,100
2024,Reporting year,Local authority,E92000001,England,E12000002,North West,942,Cumberland,E06000063,CLA on 31 March,Mid-year moves,With one or more mid-year moves during the year,40,14
2024,Reporting year,Local authority,E92000001,England,E12000002,North West,943,Westmorland and Furness,E06000064,CLA 2 years on 31 March,Any moves,Total children,137,100
2024,Reporting year,Local authority,E92000001,England,E12000002,North West,943,Westmorland and Furness,E06000064,CLA 2 years on 31 March,Any moves,With one or more moves during the previous 2 years,27,20
2024,Reporting year,Local authority,E92000001,England,E12000002,North West,943,Westmorland and Furness,E06000064,CLA 2 years on 31 March,Mid-year moves,Total children,137,100
2024,Reporting year,Local authority,E92000001,England,E12000002,North West,943,Westmorland and Furness,E06000064,CLA 2 years on 31 March,Mid-year moves,With one or more mid-year moves during the previous 2 years,15,11
2024,Reporting year,Local authority,E92000001,England,E12000002,North West,943,Westmorland and Furness,E06000064,CLA on 31 March,Any moves,Total children,142,100
2024,Reporting year,Local authority,E92000001,England,E12000002,North West,943,Westmorland and Furness,E06000064,CLA on 31 March,Any moves,With one or more moves during the year,20,14
2024,Reporting year,Local authority,E92000001,England,E12000002,North West,943,Westmorland and Furness,E06000064,CLA on 31 March,Mid-year moves,Total children,142,100
2024,Reporting year,Local authority,E92000001,England,E12000002,North West,943,Westmorland and Furness,E06000064,CLA on 31 March,Mid-year moves,With one or more mid-year moves during the year,12,8
2024,Reporting year,Local authority,E92000001,England,E12000002,North West,350,Bolton,E08000001,CLA 2 years on 31 March,Any moves,Total children,323,100
2024,Reporting year,Local authority,E92000001,England,E12000002,North West,350,Bolton,E08000001,CLA 2 years on 31 March,Any moves,With one or more moves during the previous 2 years,60,19
2024,Reporting year,Local authority,E92000001,England,E12000002,North West,350,Bolton,E08000001,CLA 2 years on 31 March,Mid-year moves,Total children,323,100
2024,Reporting year,Local authority,E92000001,England,E12000002,North West,350,Bolton,E08000001,CLA 2 years on 31 March,Mid-year moves,With one or more mid-year moves during the previous 2 years,47,15
2024,Reporting year,Local authority,E92000001,England,E12000002,North West,350,Bolton,E08000001,CLA on 31 March,Any moves,Total children,386,100
2024,Reporting year,Local authority,E92000001,England,E12000002,North West,350,Bolton,E08000001,CLA on 31 March,Any moves,With one or more moves during the year,35,9
2024,Reporting year,Local authority,E92000001,England,E12000002,North West,350,Bolton,E08000001,CLA on 31 March,Mid-year moves,Total children,386,100
2024,Reporting year,Local authority,E92000001,England,E12000002,North West,350,Bolton,E08000001,CLA on 31 March,Mid-year moves,With one or more mid-year moves during the year,27,7
2024,Reporting year,Local authority,E92000001,England,E12000002,North West,351,Bury,E08000002,CLA 2 years on 31 March,Any moves,Total children,206,100
2024,Reporting year,Local authority,E92000001,England,E12000002,North West,351,Bury,E08000002,CLA 2 years on 31 March,Any moves,With one or more moves during the previous 2 years,33,16
2024,Reporting year,Local authority,E92000001,England,E12000002,North West,351,Bury,E08000002,CLA 2 years on 31 March,Mid-year moves,Total children,206,100
2024,Reporting year,Local authority,E92000001,England,E12000002,North West,351,Bury,E08000002,CLA 2 years on 31 March,Mid-year moves,With one or more mid-year moves during the previous 2 years,27,13
2024,Reporting year,Local authority,E92000001,England,E12000002,North West,351,Bury,E08000002,CLA on 31 March,Any moves,Total children,226,100
2024,Reporting year,Local authority,E92000001,England,E12000002,North West,351,Bury,E08000002,CLA on 31 March,Any moves,With one or more moves during the year,12,5
2024,Reporting year,Local authority,E92000001,England,E12000002,North West,351,Bury,E08000002,CLA on 31 March,Mid-year moves,Total children,226,100
2024,Reporting year,Local authority,E92000001,England,E12000002,North West,351,Bury,E08000002,CLA on 31 March,Mid-year moves,With one or more mid-year moves during the year,8,4
2024,Reporting year,Local authority,E92000001,England,E12000002,North West,352,Manchester,E08000003,CLA 2 years on 31 March,Any moves,Total children,737,100
2024,Reporting year,Local authority,E92000001,England,E12000002,North West,352,Manchester,E08000003,CLA 2 years on 31 March,Any moves,With one or more moves during the previous 2 years,119,16
2024,Reporting year,Local authority,E92000001,England,E12000002,North West,352,Manchester,E08000003,CLA 2 years on 31 March,Mid-year moves,Total children,737,100
2024,Reporting year,Local authority,E92000001,England,E12000002,North West,352,Manchester,E08000003,CLA 2 years on 31 March,Mid-year moves,With one or more mid-year moves during the previous 2 years,80,11
2024,Reporting year,Local authority,E92000001,England,E12000002,North West,352,Manchester,E08000003,CLA on 31 March,Any moves,Total children,794,100
2024,Reporting year,Local authority,E92000001,England,E12000002,North West,352,Manchester,E08000003,CLA on 31 March,Any moves,With one or more moves during the year,71,9
2024,Reporting year,Local authority,E92000001,England,E12000002,North West,352,Manchester,E08000003,CLA on 31 March,Mid-year moves,Total children,794,100
2024,Reporting year,Local authority,E92000001,England,E12000002,North West,352,Manchester,E08000003,CLA on 31 March,Mid-year moves,With one or more mid-year moves during the year,47,6
2024,Reporting year,Local authority,E92000001,England,E12000002,North West,353,Oldham,E08000004,CLA 2 years on 31 March,Any moves,Total children,310,100
2024,Reporting year,Local authority,E92000001,England,E12000002,North West,353,Oldham,E08000004,CLA 2 years on 31 March,Any moves,With one or more moves during the previous 2 years,52,17
2024,Reporting year,Local authority,E92000001,England,E12000002,North West,353,Oldham,E08000004,CLA 2 years on 31 March,Mid-year moves,Total children,310,100
2024,Reporting year,Local authority,E92000001,England,E12000002,North West,353,Oldham,E08000004,CLA 2 years on 31 March,Mid-year moves,With one or more mid-year moves during the previous 2 years,35,11
2024,Reporting year,Local authority,E92000001,England,E12000002,North West,353,Oldham,E08000004,CLA on 31 March,Any moves,Total children,376,100
2024,Reporting year,Local authority,E92000001,England,E12000002,North West,353,Oldham,E08000004,CLA on 31 March,Any moves,With one or more moves during the year,24,6
2024,Reporting year,Local authority,E92000001,England,E12000002,North West,353,Oldham,E08000004,CLA on 31 March,Mid-year moves,Total children,376,100
2024,Reporting year,Local authority,E92000001,England,E12000002,North West,353,Oldham,E08000004,CLA on 31 March,Mid-year moves,With one or more mid-year moves during the year,14,4
2024,Reporting year,Local authority,E92000001,England,E12000002,North West,354,Rochdale,E08000005,CLA 2 years on 31 March,Any moves,Total children,372,100
2024,Reporting year,Local authority,E92000001,England,E12000002,North West,354,Rochdale,E08000005,CLA 2 years on 31 March,Any moves,With one or more moves during the previous 2 years,63,17
2024,Reporting year,Local authority,E92000001,England,E12000002,North West,354,Rochdale,E08000005,CLA 2 years on 31 March,Mid-year moves,Total children,372,100
2024,Reporting year,Local authority,E92000001,England,E12000002,North West,354,Rochdale,E08000005,CLA 2 years on 31 March,Mid-year moves,With one or more mid-year moves during the previous 2 years,44,12
2024,Reporting year,Local authority,E92000001,England,E12000002,North West,354,Rochdale,E08000005,CLA on 31 March,Any moves,Total children,412,100
2024,Reporting year,Local authority,E92000001,England,E12000002,North West,354,Rochdale,E08000005,CLA on 31 March,Any moves,With one or more moves during the year,35,8
2024,Reporting year,Local authority,E92000001,England,E12000002,North West,354,Rochdale,E08000005,CLA on 31 March,Mid-year moves,Total children,412,100
2024,Reporting year,Local authority,E92000001,England,E12000002,North West,354,Rochdale,E08000005,CLA on 31 March,Mid-year moves,With one or more mid-year moves during the year,22,5
2024,Reporting year,Local authority,E92000001,England,E12000002,North West,355,Salford,E08000006,CLA 2 years on 31 March,Any moves,Total children,345,100
2024,Reporting year,Local authority,E92000001,England,E12000002,North West,355,Salford,E08000006,CLA 2 years on 31 March,Any moves,With one or more moves during the previous 2 years,72,21
2024,Reporting year,Local authority,E92000001,England,E12000002,North West,355,Salford,E08000006,CLA 2 years on 31 March,Mid-year moves,Total children,345,100
2024,Reporting year,Local authority,E92000001,England,E12000002,North West,355,Salford,E08000006,CLA 2 years on 31 March,Mid-year moves,With one or more mid-year moves during the previous 2 years,48,14
2024,Reporting year,Local authority,E92000001,England,E12000002,North West,355,Salford,E08000006,CLA on 31 March,Any moves,Total children,391,100
2024,Reporting year,Local authority,E92000001,England,E12000002,North West,355,Salford,E08000006,CLA on 31 March,Any moves,With one or more moves during the year,34,9
2024,Reporting year,Local authority,E92000001,England,E12000002,North West,355,Salford,E08000006,CLA on 31 March,Mid-year moves,Total children,391,100
2024,Reporting year,Local authority,E92000001,England,E12000002,North West,355,Salford,E08000006,CLA on 31 March,Mid-year moves,With one or more mid-year moves during the year,23,6
2024,Reporting year,Local authority,E92000001,England,E12000002,North West,356,Stockport,E08000007,CLA 2 years on 31 March,Any moves,Total children,289,100
2024,Reporting year,Local authority,E92000001,England,E12000002,North West,356,Stockport,E08000007,CLA 2 years on 31 March,Any moves,With one or more moves during the previous 2 years,49,17
2024,Reporting year,Local authority,E92000001,England,E12000002,North West,356,Stockport,E08000007,CLA 2 years on 31 March,Mid-year moves,Total children,289,100
2024,Reporting year,Local authority,E92000001,England,E12000002,North West,356,Stockport,E08000007,CLA 2 years on 31 March,Mid-year moves,With one or more mid-year moves during the previous 2 years,38,13
2024,Reporting year,Local authority,E92000001,England,E12000002,North West,356,Stockport,E08000007,CLA on 31 March,Any moves,Total children,330,100
2024,Reporting year,Local authority,E92000001,England,E12000002,North West,356,Stockport,E08000007,CLA on 31 March,Any moves,With one or more moves during the year,33,10
2024,Reporting year,Local authority,E92000001,England,E12000002,North West,356,Stockport,E08000007,CLA on 31 March,Mid-year moves,Total children,330,100
2024,Reporting year,Local authority,E92000001,England,E12000002,North West,356,Stockport,E08000007,CLA on 31 March,Mid-year moves,With one or more mid-year moves during the year,23,7
2024,Reporting year,Local authority,E92000001,England,E12000002,North West,357,Tameside,E08000008,CLA 2 years on 31 March,Any moves,Total children,390,100
2024,Reporting year,Local authority,E92000001,England,E12000002,North West,357,Tameside,E08000008,CLA 2 years on 31 March,Any moves,With one or more moves during the previous 2 years,66,17
2024,Reporting year,Local authority,E92000001,England,E12000002,North West,357,Tameside,E08000008,CLA 2 years on 31 March,Mid-year moves,Total children,390,100
2024,Reporting year,Local authority,E92000001,England,E12000002,North West,357,Tameside,E08000008,CLA 2 years on 31 March,Mid-year moves,With one or more mid-year moves during the previous 2 years,41,11
2024,Reporting year,Local authority,E92000001,England,E12000002,North West,357,Tameside,E08000008,CLA on 31 March,Any moves,Total children,457,100
2024,Reporting year,Local authority,E92000001,England,E12000002,North West,357,Tameside,E08000008,CLA on 31 March,Any moves,With one or more moves during the year,43,9
2024,Reporting year,Local authority,E92000001,England,E12000002,North West,357,Tameside,E08000008,CLA on 31 March,Mid-year moves,Total children,457,100
2024,Reporting year,Local authority,E92000001,England,E12000002,North West,357,Tameside,E08000008,CLA on 31 March,Mid-year moves,With one or more mid-year moves during the year,28,6
2024,Reporting year,Local authority,E92000001,England,E12000002,North West,358,Trafford,E08000009,CLA 2 years on 31 March,Any moves,Total children,217,100
2024,Reporting year,Local authority,E92000001,England,E12000002,North West,358,Trafford,E08000009,CLA 2 years on 31 March,Any moves,With one or more moves during the previous 2 years,19,9
2024,Reporting year,Local authority,E92000001,England,E12000002,North West,358,Trafford,E08000009,CLA 2 years on 31 March,Mid-year moves,Total children,217,100
2024,Reporting year,Local authority,E92000001,England,E12000002,North West,358,Trafford,E08000009,CLA 2 years on 31 March,Mid-year moves,With one or more mid-year moves during the previous 2 years,14,6
2024,Reporting year,Local authority,E92000001,England,E12000002,North West,358,Trafford,E08000009,CLA on 31 March,Any moves,Total children,246,100
2024,Reporting year,Local authority,E92000001,England,E12000002,North West,358,Trafford,E08000009,CLA on 31 March,Any moves,With one or more moves during the year,8,3
2024,Reporting year,Local authority,E92000001,England,E12000002,North West,358,Trafford,E08000009,CLA on 31 March,Mid-year moves,Total children,246,100
2024,Reporting year,Local authority,E92000001,England,E12000002,North West,358,Trafford,E08000009,CLA on 31 March,Mid-year moves,With one or more mid-year moves during the year,6,2
2024,Reporting year,Local authority,E92000001,England,E12000002,North West,359,Wigan,E08000010,CLA 2 years on 31 March,Any moves,Total children,416,100
2024,Reporting year,Local authority,E92000001,England,E12000002,North West,359,Wigan,E08000010,CLA 2 years on 31 March,Any moves,With one or more moves during the previous 2 years,76,18
2024,Reporting year,Local authority,E92000001,England,E12000002,North West,359,Wigan,E08000010,CLA 2 years on 31 March,Mid-year moves,Total children,416,100
2024,Reporting year,Local authority,E92000001,England,E12000002,North West,359,Wigan,E08000010,CLA 2 years on 31 March,Mid-year moves,With one or more mid-year moves during the previous 2 years,55,13
2024,Reporting year,Local authority,E92000001,England,E12000002,North West,359,Wigan,E08000010,CLA on 31 March,Any moves,Total children,467,100
2024,Reporting year,Local authority,E92000001,England,E12000002,North West,359,Wigan,E08000010,CLA on 31 March,Any moves,With one or more moves during the year,38,8
2024,Reporting year,Local authority,E92000001,England,E12000002,North West,359,Wigan,E08000010,CLA on 31 March,Mid-year moves,Total children,467,100
2024,Reporting year,Local authority,E92000001,England,E12000002,North West,359,Wigan,E08000010,CLA on 31 March,Mid-year moves,With one or more mid-year moves during the year,23,5
2024,Reporting year,Local authority,E92000001,England,E12000002,North West,340,Knowsley,E08000011,CLA 2 years on 31 March,Any moves,Total children,206,100
2024,Reporting year,Local authority,E92000001,England,E12000002,North West,340,Knowsley,E08000011,CLA 2 years on 31 March,Any moves,With one or more moves during the previous 2 years,29,14
2024,Reporting year,Local authority,E92000001,England,E12000002,North West,340,Knowsley,E08000011,CLA 2 years on 31 March,Mid-year moves,Total children,206,100
2024,Reporting year,Local authority,E92000001,England,E12000002,North West,340,Knowsley,E08000011,CLA 2 years on 31 March,Mid-year moves,With one or more mid-year moves during the previous 2 years,22,11
2024,Reporting year,Local authority,E92000001,England,E12000002,North West,340,Knowsley,E08000011,CLA on 31 March,Any moves,Total children,228,100
2024,Reporting year,Local authority,E92000001,England,E12000002,North West,340,Knowsley,E08000011,CLA on 31 March,Any moves,With one or more moves during the year,10,4
2024,Reporting year,Local authority,E92000001,England,E12000002,North West,340,Knowsley,E08000011,CLA on 31 March,Mid-year moves,Total children,228,100
2024,Reporting year,Local authority,E92000001,England,E12000002,North West,340,Knowsley,E08000011,CLA on 31 March,Mid-year moves,With one or more mid-year moves during the year,8,4
2024,Reporting year,Local authority,E92000001,England,E12000002,North West,341,Liverpool,E08000012,CLA 2 years on 31 March,Any moves,Total children,944,100
2024,Reporting year,Local authority,E92000001,England,E12000002,North West,341,Liverpool,E08000012,CLA 2 years on 31 March,Any moves,With one or more moves during the previous 2 years,151,16
2024,Reporting year,Local authority,E92000001,England,E12000002,North West,341,Liverpool,E08000012,CLA 2 years on 31 March,Mid-year moves,Total children,944,100
2024,Reporting year,Local authority,E92000001,England,E12000002,North West,341,Liverpool,E08000012,CLA 2 years on 31 March,Mid-year moves,With one or more mid-year moves during the previous 2 years,99,10
2024,Reporting year,Local authority,E92000001,England,E12000002,North West,341,Liverpool,E08000012,CLA on 31 March,Any moves,Total children,1052,100
2024,Reporting year,Local authority,E92000001,England,E12000002,North West,341,Liverpool,E08000012,CLA on 31 March,Any moves,With one or more moves during the year,94,9
2024,Reporting year,Local authority,E92000001,England,E12000002,North West,341,Liverpool,E08000012,CLA on 31 March,Mid-year moves,Total children,1052,100
2024,Reporting year,Local authority,E92000001,England,E12000002,North West,341,Liverpool,E08000012,CLA on 31 March,Mid-year moves,With one or more mid-year moves during the year,50,5
2024,Reporting year,Local authority,E92000001,England,E12000002,North West,342,St. Helens,E08000013,CLA 2 years on 31 March,Any moves,Total children,275,100
2024,Reporting year,Local authority,E92000001,England,E12000002,North West,342,St. Helens,E08000013,CLA 2 years on 31 March,Any moves,With one or more moves during the previous 2 years,62,23
2024,Reporting year,Local authority,E92000001,England,E12000002,North West,342,St. Helens,E08000013,CLA 2 years on 31 March,Mid-year moves,Total children,275,100
2024,Reporting year,Local authority,E92000001,England,E12000002,North West,342,St. Helens,E08000013,CLA 2 years on 31 March,Mid-year moves,With one or more mid-year moves during the previous 2 years,52,19
2024,Reporting year,Local authority,E92000001,England,E12000002,North West,342,St. Helens,E08000013,CLA on 31 March,Any moves,Total children,344,100
2024,Reporting year,Local authority,E92000001,England,E12000002,North West,342,St. Helens,E08000013,CLA on 31 March,Any moves,With one or more moves during the year,33,10
2024,Reporting year,Local authority,E92000001,England,E12000002,North West,342,St. Helens,E08000013,CLA on 31 March,Mid-year moves,Total children,344,100
2024,Reporting year,Local authority,E92000001,England,E12000002,North West,342,St. Helens,E08000013,CLA on 31 March,Mid-year moves,With one or more mid-year moves during the year,24,7
2024,Reporting year,Local authority,E92000001,England,E12000002,North West,343,Sefton,E08000014,CLA 2 years on 31 March,Any moves,Total children,369,100
2024,Reporting year,Local authority,E92000001,England,E12000002,North West,343,Sefton,E08000014,CLA 2 years on 31 March,Any moves,With one or more moves during the previous 2 years,54,15
2024,Reporting year,Local authority,E92000001,England,E12000002,North West,343,Sefton,E08000014,CLA 2 years on 31 March,Mid-year moves,Total children,369,100
2024,Reporting year,Local authority,E92000001,England,E12000002,North West,343,Sefton,E08000014,CLA 2 years on 31 March,Mid-year moves,With one or more mid-year moves during the previous 2 years,33,9
2024,Reporting year,Local authority,E92000001,England,E12000002,North West,343,Sefton,E08000014,CLA on 31 March,Any moves,Total children,407,100
2024,Reporting year,Local authority,E92000001,England,E12000002,North West,343,Sefton,E08000014,CLA on 31 March,Any moves,With one or more moves during the year,26,6
2024,Reporting year,Local authority,E92000001,England,E12000002,North West,343,Sefton,E08000014,CLA on 31 March,Mid-year moves,Total children,407,100
2024,Reporting year,Local authority,E92000001,England,E12000002,North West,343,Sefton,E08000014,CLA on 31 March,Mid-year moves,With one or more mid-year moves during the year,13,3
2024,Reporting year,Local authority,E92000001,England,E12000002,North West,344,Wirral,E08000015,CLA 2 years on 31 March,Any moves,Total children,509,100
2024,Reporting year,Local authority,E92000001,England,E12000002,North West,344,Wirral,E08000015,CLA 2 years on 31 March,Any moves,With one or more moves during the previous 2 years,47,9
2024,Reporting year,Local authority,E92000001,England,E12000002,North West,344,Wirral,E08000015,CLA 2 years on 31 March,Mid-year moves,Total children,509,100
2024,Reporting year,Local authority,E92000001,England,E12000002,North West,344,Wirral,E08000015,CLA 2 years on 31 March,Mid-year moves,With one or more mid-year moves during the previous 2 years,27,5
2024,Reporting year,Local authority,E92000001,England,E12000002,North West,344,Wirral,E08000015,CLA on 31 March,Any moves,Total children,558,100
2024,Reporting year,Local authority,E92000001,England,E12000002,North West,344,Wirral,E08000015,CLA on 31 March,Any moves,With one or more moves during the year,14,3
2024,Reporting year,Local authority,E92000001,England,E12000002,North West,344,Wirral,E08000015,CLA on 31 March,Mid-year moves,Total children,558,100
2024,Reporting year,Local authority,E92000001,England,E12000002,North West,344,Wirral,E08000015,CLA on 31 March,Mid-year moves,With one or more mid-year moves during the year,9,2
2024,Reporting year,Local authority,E92000001,England,E12000002,North West,909,Cumbria,E10000006,CLA 2 years on 31 March,Any moves,Total children,z,z
2024,Reporting year,Local authority,E92000001,England,E12000002,North West,909,Cumbria,E10000006,CLA 2 years on 31 March,Any moves,With one or more moves during the previous 2 years,z,z
2024,Reporting year,Local authority,E92000001,England,E12000002,North West,909,Cumbria,E10000006,CLA 2 years on 31 March,Mid-year moves,Total children,z,z
2024,Reporting year,Local authority,E92000001,England,E12000002,North West,909,Cumbria,E10000006,CLA 2 years on 31 March,Mid-year moves,With one or more mid-year moves during the previous 2 years,z,z
2024,Reporting year,Local authority,E92000001,England,E12000002,North West,909,Cumbria,E10000006,CLA on 31 March,Any moves,Total children,z,z
2024,Reporting year,Local authority,E92000001,England,E12000002,North West,909,Cumbria,E10000006,CLA on 31 March,Any moves,With one or more moves during the year,z,z
2024,Reporting year,Local authority,E92000001,England,E12000002,North West,909,Cumbria,E10000006,CLA on 31 March,Mid-year moves,Total children,z,z
2024,Reporting year,Local authority,E92000001,England,E12000002,North West,909,Cumbria,E10000006,CLA on 31 March,Mid-year moves,With one or more mid-year moves during the year,z,z
2024,Reporting year,Local authority,E92000001,England,E12000002,North West,888,Lancashire,E10000017,CLA 2 years on 31 March,Any moves,Total children,1132,100
2024,Reporting year,Local authority,E92000001,England,E12000002,North West,888,Lancashire,E10000017,CLA 2 years on 31 March,Any moves,With one or more moves during the previous 2 years,164,14
2024,Reporting year,Local authority,E92000001,England,E12000002,North West,888,Lancashire,E10000017,CLA 2 years on 31 March,Mid-year moves,Total children,1132,100
2024,Reporting year,Local authority,E92000001,England,E12000002,North West,888,Lancashire,E10000017,CLA 2 years on 31 March,Mid-year moves,With one or more mid-year moves during the previous 2 years,114,10
2024,Reporting year,Local authority,E92000001,England,E12000002,North West,888,Lancashire,E10000017,CLA on 31 March,Any moves,Total children,1240,100
2024,Reporting year,Local authority,E92000001,England,E12000002,North West,888,Lancashire,E10000017,CLA on 31 March,Any moves,With one or more moves during the year,100,8
2024,Reporting year,Local authority,E92000001,England,E12000002,North West,888,Lancashire,E10000017,CLA on 31 March,Mid-year moves,Total children,1240,100
2024,Reporting year,Local authority,E92000001,England,E12000002,North West,888,Lancashire,E10000017,CLA on 31 March,Mid-year moves,With one or more mid-year moves during the year,66,5
2024,Reporting year,Local authority,E92000001,England,E12000003,Yorkshire and The Humber,810,"Kingston upon Hull, City of",E06000010,CLA 2 years on 31 March,Any moves,Total children,462,100
2024,Reporting year,Local authority,E92000001,England,E12000003,Yorkshire and The Humber,810,"Kingston upon Hull, City of",E06000010,CLA 2 years on 31 March,Any moves,With one or more moves during the previous 2 years,102,22
2024,Reporting year,Local authority,E92000001,England,E12000003,Yorkshire and The Humber,810,"Kingston upon Hull, City of",E06000010,CLA 2 years on 31 March,Mid-year moves,Total children,462,100
2024,Reporting year,Local authority,E92000001,England,E12000003,Yorkshire and The Humber,810,"Kingston upon Hull, City of",E06000010,CLA 2 years on 31 March,Mid-year moves,With one or more mid-year moves during the previous 2 years,73,16
2024,Reporting year,Local authority,E92000001,England,E12000003,Yorkshire and The Humber,810,"Kingston upon Hull, City of",E06000010,CLA on 31 March,Any moves,Total children,518,100
2024,Reporting year,Local authority,E92000001,England,E12000003,Yorkshire and The Humber,810,"Kingston upon Hull, City of",E06000010,CLA on 31 March,Any moves,With one or more moves during the year,53,10
2024,Reporting year,Local authority,E92000001,England,E12000003,Yorkshire and The Humber,810,"Kingston upon Hull, City of",E06000010,CLA on 31 March,Mid-year moves,Total children,518,100
2024,Reporting year,Local authority,E92000001,England,E12000003,Yorkshire and The Humber,810,"Kingston upon Hull, City of",E06000010,CLA on 31 March,Mid-year moves,With one or more mid-year moves during the year,33,6
2024,Reporting year,Local authority,E92000001,England,E12000003,Yorkshire and The Humber,811,East Riding of Yorkshire,E06000011,CLA 2 years on 31 March,Any moves,Total children,184,100
2024,Reporting year,Local authority,E92000001,England,E12000003,Yorkshire and The Humber,811,East Riding of Yorkshire,E06000011,CLA 2 years on 31 March,Any moves,With one or more moves during the previous 2 years,33,18
2024,Reporting year,Local authority,E92000001,England,E12000003,Yorkshire and The Humber,811,East Riding of Yorkshire,E06000011,CLA 2 years on 31 March,Mid-year moves,Total children,184,100
2024,Reporting year,Local authority,E92000001,England,E12000003,Yorkshire and The Humber,811,East Riding of Yorkshire,E06000011,CLA 2 years on 31 March,Mid-year moves,With one or more mid-year moves during the previous 2 years,23,13
2024,Reporting year,Local authority,E92000001,England,E12000003,Yorkshire and The Humber,811,East Riding of Yorkshire,E06000011,CLA on 31 March,Any moves,Total children,214,100
2024,Reporting year,Local authority,E92000001,England,E12000003,Yorkshire and The Humber,811,East Riding of Yorkshire,E06000011,CLA on 31 March,Any moves,With one or more moves during the year,24,11
2024,Reporting year,Local authority,E92000001,England,E12000003,Yorkshire and The Humber,811,East Riding of Yorkshire,E06000011,CLA on 31 March,Mid-year moves,Total children,214,100
2024,Reporting year,Local authority,E92000001,England,E12000003,Yorkshire and The Humber,811,East Riding of Yorkshire,E06000011,CLA on 31 March,Mid-year moves,With one or more mid-year moves during the year,16,7
2024,Reporting year,Local authority,E92000001,England,E12000003,Yorkshire and The Humber,812,North East Lincolnshire,E06000012,CLA 2 years on 31 March,Any moves,Total children,323,100
2024,Reporting year,Local authority,E92000001,England,E12000003,Yorkshire and The Humber,812,North East Lincolnshire,E06000012,CLA 2 years on 31 March,Any moves,With one or more moves during the previous 2 years,79,24
2024,Reporting year,Local authority,E92000001,England,E12000003,Yorkshire and The Humber,812,North East Lincolnshire,E06000012,CLA 2 years on 31 March,Mid-year moves,Total children,323,100
2024,Reporting year,Local authority,E92000001,England,E12000003,Yorkshire and The Humber,812,North East Lincolnshire,E06000012,CLA 2 years on 31 March,Mid-year moves,With one or more mid-year moves during the previous 2 years,73,23
2024,Reporting year,Local authority,E92000001,England,E12000003,Yorkshire and The Humber,812,North East Lincolnshire,E06000012,CLA on 31 March,Any moves,Total children,326,100
2024,Reporting year,Local authority,E92000001,England,E12000003,Yorkshire and The Humber,812,North East Lincolnshire,E06000012,CLA on 31 March,Any moves,With one or more moves during the year,45,14
2024,Reporting year,Local authority,E92000001,England,E12000003,Yorkshire and The Humber,812,North East Lincolnshire,E06000012,CLA on 31 March,Mid-year moves,Total children,326,100
2024,Reporting year,Local authority,E92000001,England,E12000003,Yorkshire and The Humber,812,North East Lincolnshire,E06000012,CLA on 31 March,Mid-year moves,With one or more mid-year moves during the year,35,11
2024,Reporting year,Local authority,E92000001,England,E12000003,Yorkshire and The Humber,813,North Lincolnshire,E06000013,CLA 2 years on 31 March,Any moves,Total children,107,100
2024,Reporting year,Local authority,E92000001,England,E12000003,Yorkshire and The Humber,813,North Lincolnshire,E06000013,CLA 2 years on 31 March,Any moves,With one or more moves during the previous 2 years,9,8
2024,Reporting year,Local authority,E92000001,England,E12000003,Yorkshire and The Humber,813,North Lincolnshire,E06000013,CLA 2 years on 31 March,Mid-year moves,Total children,107,100
2024,Reporting year,Local authority,E92000001,England,E12000003,Yorkshire and The Humber,813,North Lincolnshire,E06000013,CLA 2 years on 31 March,Mid-year moves,With one or more mid-year moves during the previous 2 years,7,7
2024,Reporting year,Local authority,E92000001,England,E12000003,Yorkshire and The Humber,813,North Lincolnshire,E06000013,CLA on 31 March,Any moves,Total children,123,100
2024,Reporting year,Local authority,E92000001,England,E12000003,Yorkshire and The Humber,813,North Lincolnshire,E06000013,CLA on 31 March,Any moves,With one or more moves during the year,7,6
2024,Reporting year,Local authority,E92000001,England,E12000003,Yorkshire and The Humber,813,North Lincolnshire,E06000013,CLA on 31 March,Mid-year moves,Total children,123,100
2024,Reporting year,Local authority,E92000001,England,E12000003,Yorkshire and The Humber,813,North Lincolnshire,E06000013,CLA on 31 March,Mid-year moves,With one or more mid-year moves during the year,6,5
2024,Reporting year,Local authority,E92000001,England,E12000003,Yorkshire and The Humber,816,York,E06000014,CLA 2 years on 31 March,Any moves,Total children,149,100
2024,Reporting year,Local authority,E92000001,England,E12000003,Yorkshire and The Humber,816,York,E06000014,CLA 2 years on 31 March,Any moves,With one or more moves during the previous 2 years,30,20
2024,Reporting year,Local authority,E92000001,England,E12000003,Yorkshire and The Humber,816,York,E06000014,CLA 2 years on 31 March,Mid-year moves,Total children,149,100
2024,Reporting year,Local authority,E92000001,England,E12000003,Yorkshire and The Humber,816,York,E06000014,CLA 2 years on 31 March,Mid-year moves,With one or more mid-year moves during the previous 2 years,26,17
2024,Reporting year,Local authority,E92000001,England,E12000003,Yorkshire and The Humber,816,York,E06000014,CLA on 31 March,Any moves,Total children,161,100
2024,Reporting year,Local authority,E92000001,England,E12000003,Yorkshire and The Humber,816,York,E06000014,CLA on 31 March,Any moves,With one or more moves during the year,13,8
2024,Reporting year,Local authority,E92000001,England,E12000003,Yorkshire and The Humber,816,York,E06000014,CLA on 31 March,Mid-year moves,Total children,161,100
2024,Reporting year,Local authority,E92000001,England,E12000003,Yorkshire and The Humber,816,York,E06000014,CLA on 31 March,Mid-year moves,With one or more mid-year moves during the year,10,6
2024,Reporting year,Local authority,E92000001,England,E12000003,Yorkshire and The Humber,815,North Yorkshire,E06000065,CLA 2 years on 31 March,Any moves,Total children,248,100
2024,Reporting year,Local authority,E92000001,England,E12000003,Yorkshire and The Humber,815,North Yorkshire,E06000065,CLA 2 years on 31 March,Any moves,With one or more moves during the previous 2 years,55,22
2024,Reporting year,Local authority,E92000001,England,E12000003,Yorkshire and The Humber,815,North Yorkshire,E06000065,CLA 2 years on 31 March,Mid-year moves,Total children,248,100
2024,Reporting year,Local authority,E92000001,England,E12000003,Yorkshire and The Humber,815,North Yorkshire,E06000065,CLA 2 years on 31 March,Mid-year moves,With one or more mid-year moves during the previous 2 years,39,16
2024,Reporting year,Local authority,E92000001,England,E12000003,Yorkshire and The Humber,815,North Yorkshire,E06000065,CLA on 31 March,Any moves,Total children,302,100
2024,Reporting year,Local authority,E92000001,England,E12000003,Yorkshire and The Humber,815,North Yorkshire,E06000065,CLA on 31 March,Any moves,With one or more moves during the year,53,18
2024,Reporting year,Local authority,E92000001,England,E12000003,Yorkshire and The Humber,815,North Yorkshire,E06000065,CLA on 31 March,Mid-year moves,Total children,302,100
2024,Reporting year,Local authority,E92000001,England,E12000003,Yorkshire and The Humber,815,North Yorkshire,E06000065,CLA on 31 March,Mid-year moves,With one or more mid-year moves during the year,40,13
2024,Reporting year,Local authority,E92000001,England,E12000003,Yorkshire and The Humber,370,Barnsley,E08000016,CLA 2 years on 31 March,Any moves,Total children,184,100
2024,Reporting year,Local authority,E92000001,England,E12000003,Yorkshire and The Humber,370,Barnsley,E08000016,CLA 2 years on 31 March,Any moves,With one or more moves during the previous 2 years,34,18
2024,Reporting year,Local authority,E92000001,England,E12000003,Yorkshire and The Humber,370,Barnsley,E08000016,CLA 2 years on 31 March,Mid-year moves,Total children,184,100
2024,Reporting year,Local authority,E92000001,England,E12000003,Yorkshire and The Humber,370,Barnsley,E08000016,CLA 2 years on 31 March,Mid-year moves,With one or more mid-year moves during the previous 2 years,20,11
2024,Reporting year,Local authority,E92000001,England,E12000003,Yorkshire and The Humber,370,Barnsley,E08000016,CLA on 31 March,Any moves,Total children,246,100
2024,Reporting year,Local authority,E92000001,England,E12000003,Yorkshire and The Humber,370,Barnsley,E08000016,CLA on 31 March,Any moves,With one or more moves during the year,32,13
2024,Reporting year,Local authority,E92000001,England,E12000003,Yorkshire and The Humber,370,Barnsley,E08000016,CLA on 31 March,Mid-year moves,Total children,246,100
2024,Reporting year,Local authority,E92000001,England,E12000003,Yorkshire and The Humber,370,Barnsley,E08000016,CLA on 31 March,Mid-year moves,With one or more mid-year moves during the year,24,10
2024,Reporting year,Local authority,E92000001,England,E12000003,Yorkshire and The Humber,371,Doncaster,E08000017,CLA 2 years on 31 March,Any moves,Total children,259,100
2024,Reporting year,Local authority,E92000001,England,E12000003,Yorkshire and The Humber,371,Doncaster,E08000017,CLA 2 years on 31 March,Any moves,With one or more moves during the previous 2 years,47,18
2024,Reporting year,Local authority,E92000001,England,E12000003,Yorkshire and The Humber,371,Doncaster,E08000017,CLA 2 years on 31 March,Mid-year moves,Total children,259,100
2024,Reporting year,Local authority,E92000001,England,E12000003,Yorkshire and The Humber,371,Doncaster,E08000017,CLA 2 years on 31 March,Mid-year moves,With one or more mid-year moves during the previous 2 years,32,12
2024,Reporting year,Local authority,E92000001,England,E12000003,Yorkshire and The Humber,371,Doncaster,E08000017,CLA on 31 March,Any moves,Total children,286,100
2024,Reporting year,Local authority,E92000001,England,E12000003,Yorkshire and The Humber,371,Doncaster,E08000017,CLA on 31 March,Any moves,With one or more moves during the year,28,10
2024,Reporting year,Local authority,E92000001,England,E12000003,Yorkshire and The Humber,371,Doncaster,E08000017,CLA on 31 March,Mid-year moves,Total children,286,100
2024,Reporting year,Local authority,E92000001,England,E12000003,Yorkshire and The Humber,371,Doncaster,E08000017,CLA on 31 March,Mid-year moves,With one or more mid-year moves during the year,19,7
2024,Reporting year,Local authority,E92000001,England,E12000003,Yorkshire and The Humber,372,Rotherham,E08000018,CLA 2 years on 31 March,Any moves,Total children,314,100
2024,Reporting year,Local authority,E92000001,England,E12000003,Yorkshire and The Humber,372,Rotherham,E08000018,CLA 2 years on 31 March,Any moves,With one or more moves during the previous 2 years,54,17
2024,Reporting year,Local authority,E92000001,England,E12000003,Yorkshire and The Humber,372,Rotherham,E08000018,CLA 2 years on 31 March,Mid-year moves,Total children,314,100
2024,Reporting year,Local authority,E92000001,England,E12000003,Yorkshire and The Humber,372,Rotherham,E08000018,CLA 2 years on 31 March,Mid-year moves,With one or more mid-year moves during the previous 2 years,40,13
2024,Reporting year,Local authority,E92000001,England,E12000003,Yorkshire and The Humber,372,Rotherham,E08000018,CLA on 31 March,Any moves,Total children,335,100
2024,Reporting year,Local authority,E92000001,England,E12000003,Yorkshire and The Humber,372,Rotherham,E08000018,CLA on 31 March,Any moves,With one or more moves during the year,37,11
2024,Reporting year,Local authority,E92000001,England,E12000003,Yorkshire and The Humber,372,Rotherham,E08000018,CLA on 31 March,Mid-year moves,Total children,335,100
2024,Reporting year,Local authority,E92000001,England,E12000003,Yorkshire and The Humber,372,Rotherham,E08000018,CLA on 31 March,Mid-year moves,With one or more mid-year moves during the year,27,8
2024,Reporting year,Local authority,E92000001,England,E12000003,Yorkshire and The Humber,373,Sheffield,E08000019,CLA 2 years on 31 March,Any moves,Total children,332,100
2024,Reporting year,Local authority,E92000001,England,E12000003,Yorkshire and The Humber,373,Sheffield,E08000019,CLA 2 years on 31 March,Any moves,With one or more moves during the previous 2 years,72,22
2024,Reporting year,Local authority,E92000001,England,E12000003,Yorkshire and The Humber,373,Sheffield,E08000019,CLA 2 years on 31 March,Mid-year moves,Total children,332,100
2024,Reporting year,Local authority,E92000001,England,E12000003,Yorkshire and The Humber,373,Sheffield,E08000019,CLA 2 years on 31 March,Mid-year moves,With one or more mid-year moves during the previous 2 years,55,17
2024,Reporting year,Local authority,E92000001,England,E12000003,Yorkshire and The Humber,373,Sheffield,E08000019,CLA on 31 March,Any moves,Total children,410,100
2024,Reporting year,Local authority,E92000001,England,E12000003,Yorkshire and The Humber,373,Sheffield,E08000019,CLA on 31 March,Any moves,With one or more moves during the year,44,11
2024,Reporting year,Local authority,E92000001,England,E12000003,Yorkshire and The Humber,373,Sheffield,E08000019,CLA on 31 March,Mid-year moves,Total children,410,100
2024,Reporting year,Local authority,E92000001,England,E12000003,Yorkshire and The Humber,373,Sheffield,E08000019,CLA on 31 March,Mid-year moves,With one or more mid-year moves during the year,29,7
2024,Reporting year,Local authority,E92000001,England,E12000003,Yorkshire and The Humber,380,Bradford,E08000032,CLA 2 years on 31 March,Any moves,Total children,884,100
2024,Reporting year,Local authority,E92000001,England,E12000003,Yorkshire and The Humber,380,Bradford,E08000032,CLA 2 years on 31 March,Any moves,With one or more moves during the previous 2 years,202,23
2024,Reporting year,Local authority,E92000001,England,E12000003,Yorkshire and The Humber,380,Bradford,E08000032,CLA 2 years on 31 March,Mid-year moves,Total children,884,100
2024,Reporting year,Local authority,E92000001,England,E12000003,Yorkshire and The Humber,380,Bradford,E08000032,CLA 2 years on 31 March,Mid-year moves,With one or more mid-year moves during the previous 2 years,145,16
2024,Reporting year,Local authority,E92000001,England,E12000003,Yorkshire and The Humber,380,Bradford,E08000032,CLA on 31 March,Any moves,Total children,1006,100
2024,Reporting year,Local authority,E92000001,England,E12000003,Yorkshire and The Humber,380,Bradford,E08000032,CLA on 31 March,Any moves,With one or more moves during the year,118,12
2024,Reporting year,Local authority,E92000001,England,E12000003,Yorkshire and The Humber,380,Bradford,E08000032,CLA on 31 March,Mid-year moves,Total children,1006,100
2024,Reporting year,Local authority,E92000001,England,E12000003,Yorkshire and The Humber,380,Bradford,E08000032,CLA on 31 March,Mid-year moves,With one or more mid-year moves during the year,79,8
2024,Reporting year,Local authority,E92000001,England,E12000003,Yorkshire and The Humber,381,Calderdale,E08000033,CLA 2 years on 31 March,Any moves,Total children,193,100
2024,Reporting year,Local authority,E92000001,England,E12000003,Yorkshire and The Humber,381,Calderdale,E08000033,CLA 2 years on 31 March,Any moves,With one or more moves during the previous 2 years,31,16
2024,Reporting year,Local authority,E92000001,England,E12000003,Yorkshire and The Humber,381,Calderdale,E08000033,CLA 2 years on 31 March,Mid-year moves,Total children,193,100
2024,Reporting year,Local authority,E92000001,England,E12000003,Yorkshire and The Humber,381,Calderdale,E08000033,CLA 2 years on 31 March,Mid-year moves,With one or more mid-year moves during the previous 2 years,21,11
2024,Reporting year,Local authority,E92000001,England,E12000003,Yorkshire and The Humber,381,Calderdale,E08000033,CLA on 31 March,Any moves,Total children,221,100
2024,Reporting year,Local authority,E92000001,England,E12000003,Yorkshire and The Humber,381,Calderdale,E08000033,CLA on 31 March,Any moves,With one or more moves during the year,21,10
2024,Reporting year,Local authority,E92000001,England,E12000003,Yorkshire and The Humber,381,Calderdale,E08000033,CLA on 31 March,Mid-year moves,Total children,221,100
2024,Reporting year,Local authority,E92000001,England,E12000003,Yorkshire and The Humber,381,Calderdale,E08000033,CLA on 31 March,Mid-year moves,With one or more mid-year moves during the year,17,8
2024,Reporting year,Local authority,E92000001,England,E12000003,Yorkshire and The Humber,382,Kirklees,E08000034,CLA 2 years on 31 March,Any moves,Total children,333,100
2024,Reporting year,Local authority,E92000001,England,E12000003,Yorkshire and The Humber,382,Kirklees,E08000034,CLA 2 years on 31 March,Any moves,With one or more moves during the previous 2 years,57,17
2024,Reporting year,Local authority,E92000001,England,E12000003,Yorkshire and The Humber,382,Kirklees,E08000034,CLA 2 years on 31 March,Mid-year moves,Total children,333,100
2024,Reporting year,Local authority,E92000001,England,E12000003,Yorkshire and The Humber,382,Kirklees,E08000034,CLA 2 years on 31 March,Mid-year moves,With one or more mid-year moves during the previous 2 years,39,12
2024,Reporting year,Local authority,E92000001,England,E12000003,Yorkshire and The Humber,382,Kirklees,E08000034,CLA on 31 March,Any moves,Total children,398,100
2024,Reporting year,Local authority,E92000001,England,E12000003,Yorkshire and The Humber,382,Kirklees,E08000034,CLA on 31 March,Any moves,With one or more moves during the year,42,11
2024,Reporting year,Local authority,E92000001,England,E12000003,Yorkshire and The Humber,382,Kirklees,E08000034,CLA on 31 March,Mid-year moves,Total children,398,100
2024,Reporting year,Local authority,E92000001,England,E12000003,Yorkshire and The Humber,382,Kirklees,E08000034,CLA on 31 March,Mid-year moves,With one or more mid-year moves during the year,30,8
2024,Reporting year,Local authority,E92000001,England,E12000003,Yorkshire and The Humber,383,Leeds,E08000035,CLA 2 years on 31 March,Any moves,Total children,924,100
2024,Reporting year,Local authority,E92000001,England,E12000003,Yorkshire and The Humber,383,Leeds,E08000035,CLA 2 years on 31 March,Any moves,With one or more moves during the previous 2 years,182,20
2024,Reporting year,Local authority,E92000001,England,E12000003,Yorkshire and The Humber,383,Leeds,E08000035,CLA 2 years on 31 March,Mid-year moves,Total children,924,100
2024,Reporting year,Local authority,E92000001,England,E12000003,Yorkshire and The Humber,383,Leeds,E08000035,CLA 2 years on 31 March,Mid-year moves,With one or more mid-year moves during the previous 2 years,117,13
2024,Reporting year,Local authority,E92000001,England,E12000003,Yorkshire and The Humber,383,Leeds,E08000035,CLA on 31 March,Any moves,Total children,1053,100
2024,Reporting year,Local authority,E92000001,England,E12000003,Yorkshire and The Humber,383,Leeds,E08000035,CLA on 31 March,Any moves,With one or more moves during the year,116,11
2024,Reporting year,Local authority,E92000001,England,E12000003,Yorkshire and The Humber,383,Leeds,E08000035,CLA on 31 March,Mid-year moves,Total children,1053,100
2024,Reporting year,Local authority,E92000001,England,E12000003,Yorkshire and The Humber,383,Leeds,E08000035,CLA on 31 March,Mid-year moves,With one or more mid-year moves during the year,79,8
2024,Reporting year,Local authority,E92000001,England,E12000003,Yorkshire and The Humber,384,Wakefield,E08000036,CLA 2 years on 31 March,Any moves,Total children,375,100
2024,Reporting year,Local authority,E92000001,England,E12000003,Yorkshire and The Humber,384,Wakefield,E08000036,CLA 2 years on 31 March,Any moves,With one or more moves during the previous 2 years,112,30
2024,Reporting year,Local authority,E92000001,England,E12000003,Yorkshire and The Humber,384,Wakefield,E08000036,CLA 2 years on 31 March,Mid-year moves,Total children,375,100
2024,Reporting year,Local authority,E92000001,England,E12000003,Yorkshire and The Humber,384,Wakefield,E08000036,CLA 2 years on 31 March,Mid-year moves,With one or more mid-year moves during the previous 2 years,83,22
2024,Reporting year,Local authority,E92000001,England,E12000003,Yorkshire and The Humber,384,Wakefield,E08000036,CLA on 31 March,Any moves,Total children,456,100
2024,Reporting year,Local authority,E92000001,England,E12000003,Yorkshire and The Humber,384,Wakefield,E08000036,CLA on 31 March,Any moves,With one or more moves during the year,80,18
2024,Reporting year,Local authority,E92000001,England,E12000003,Yorkshire and The Humber,384,Wakefield,E08000036,CLA on 31 March,Mid-year moves,Total children,456,100
2024,Reporting year,Local authority,E92000001,England,E12000003,Yorkshire and The Humber,384,Wakefield,E08000036,CLA on 31 March,Mid-year moves,With one or more mid-year moves during the year,57,13
2024,Reporting year,Local authority,E92000001,England,E12000004,East Midlands,831,Derby,E06000015,CLA 2 years on 31 March,Any moves,Total children,340,100
2024,Reporting year,Local authority,E92000001,England,E12000004,East Midlands,831,Derby,E06000015,CLA 2 years on 31 March,Any moves,With one or more moves during the previous 2 years,95,28
2024,Reporting year,Local authority,E92000001,England,E12000004,East Midlands,831,Derby,E06000015,CLA 2 years on 31 March,Mid-year moves,Total children,340,100
2024,Reporting year,Local authority,E92000001,England,E12000004,East Midlands,831,Derby,E06000015,CLA 2 years on 31 March,Mid-year moves,With one or more mid-year moves during the previous 2 years,70,21
2024,Reporting year,Local authority,E92000001,England,E12000004,East Midlands,831,Derby,E06000015,CLA on 31 March,Any moves,Total children,379,100
2024,Reporting year,Local authority,E92000001,England,E12000004,East Midlands,831,Derby,E06000015,CLA on 31 March,Any moves,With one or more moves during the year,60,16
2024,Reporting year,Local authority,E92000001,England,E12000004,East Midlands,831,Derby,E06000015,CLA on 31 March,Mid-year moves,Total children,379,100
2024,Reporting year,Local authority,E92000001,England,E12000004,East Midlands,831,Derby,E06000015,CLA on 31 March,Mid-year moves,With one or more mid-year moves during the year,36,9
2024,Reporting year,Local authority,E92000001,England,E12000004,East Midlands,856,Leicester,E06000016,CLA 2 years on 31 March,Any moves,Total children,349,100
2024,Reporting year,Local authority,E92000001,England,E12000004,East Midlands,856,Leicester,E06000016,CLA 2 years on 31 March,Any moves,With one or more moves during the previous 2 years,76,22
2024,Reporting year,Local authority,E92000001,England,E12000004,East Midlands,856,Leicester,E06000016,CLA 2 years on 31 March,Mid-year moves,Total children,349,100
2024,Reporting year,Local authority,E92000001,England,E12000004,East Midlands,856,Leicester,E06000016,CLA 2 years on 31 March,Mid-year moves,With one or more mid-year moves during the previous 2 years,42,12
2024,Reporting year,Local authority,E92000001,England,E12000004,East Midlands,856,Leicester,E06000016,CLA on 31 March,Any moves,Total children,383,100
2024,Reporting year,Local authority,E92000001,England,E12000004,East Midlands,856,Leicester,E06000016,CLA on 31 March,Any moves,With one or more moves during the year,43,11
2024,Reporting year,Local authority,E92000001,England,E12000004,East Midlands,856,Leicester,E06000016,CLA on 31 March,Mid-year moves,Total children,383,100
2024,Reporting year,Local authority,E92000001,England,E12000004,East Midlands,856,Leicester,E06000016,CLA on 31 March,Mid-year moves,With one or more mid-year moves during the year,22,6
2024,Reporting year,Local authority,E92000001,England,E12000004,East Midlands,857,Rutland,E06000017,CLA 2 years on 31 March,Any moves,Total children,13,100
2024,Reporting year,Local authority,E92000001,England,E12000004,East Midlands,857,Rutland,E06000017,CLA 2 years on 31 March,Any moves,With one or more moves during the previous 2 years,c,c
2024,Reporting year,Local authority,E92000001,England,E12000004,East Midlands,857,Rutland,E06000017,CLA 2 years on 31 March,Mid-year moves,Total children,13,100
2024,Reporting year,Local authority,E92000001,England,E12000004,East Midlands,857,Rutland,E06000017,CLA 2 years on 31 March,Mid-year moves,With one or more mid-year moves during the previous 2 years,c,c
2024,Reporting year,Local authority,E92000001,England,E12000004,East Midlands,857,Rutland,E06000017,CLA on 31 March,Any moves,Total children,15,100
2024,Reporting year,Local authority,E92000001,England,E12000004,East Midlands,857,Rutland,E06000017,CLA on 31 March,Any moves,With one or more moves during the year,c,c
2024,Reporting year,Local authority,E92000001,England,E12000004,East Midlands,857,Rutland,E06000017,CLA on 31 March,Mid-year moves,Total children,15,100
2024,Reporting year,Local authority,E92000001,England,E12000004,East Midlands,857,Rutland,E06000017,CLA on 31 March,Mid-year moves,With one or more mid-year moves during the year,c,c
2024,Reporting year,Local authority,E92000001,England,E12000004,East Midlands,892,Nottingham,E06000018,CLA 2 years on 31 March,Any moves,Total children,403,100
2024,Reporting year,Local authority,E92000001,England,E12000004,East Midlands,892,Nottingham,E06000018,CLA 2 years on 31 March,Any moves,With one or more moves during the previous 2 years,101,25
2024,Reporting year,Local authority,E92000001,England,E12000004,East Midlands,892,Nottingham,E06000018,CLA 2 years on 31 March,Mid-year moves,Total children,403,100
2024,Reporting year,Local authority,E92000001,England,E12000004,East Midlands,892,Nottingham,E06000018,CLA 2 years on 31 March,Mid-year moves,With one or more mid-year moves during the previous 2 years,82,20
2024,Reporting year,Local authority,E92000001,England,E12000004,East Midlands,892,Nottingham,E06000018,CLA on 31 March,Any moves,Total children,429,100
2024,Reporting year,Local authority,E92000001,England,E12000004,East Midlands,892,Nottingham,E06000018,CLA on 31 March,Any moves,With one or more moves during the year,59,14
2024,Reporting year,Local authority,E92000001,England,E12000004,East Midlands,892,Nottingham,E06000018,CLA on 31 March,Mid-year moves,Total children,429,100
2024,Reporting year,Local authority,E92000001,England,E12000004,East Midlands,892,Nottingham,E06000018,CLA on 31 March,Mid-year moves,With one or more mid-year moves during the year,48,11
2024,Reporting year,Local authority,E92000001,England,E12000004,East Midlands,940,North Northamptonshire,E06000061,CLA 2 years on 31 March,Any moves,Total children,305,100
2024,Reporting year,Local authority,E92000001,England,E12000004,East Midlands,940,North Northamptonshire,E06000061,CLA 2 years on 31 March,Any moves,With one or more moves during the previous 2 years,64,21
2024,Reporting year,Local authority,E92000001,England,E12000004,East Midlands,940,North Northamptonshire,E06000061,CLA 2 years on 31 March,Mid-year moves,Total children,305,100
2024,Reporting year,Local authority,E92000001,England,E12000004,East Midlands,940,North Northamptonshire,E06000061,CLA 2 years on 31 March,Mid-year moves,With one or more mid-year moves during the previous 2 years,40,13
2024,Reporting year,Local authority,E92000001,England,E12000004,East Midlands,940,North Northamptonshire,E06000061,CLA on 31 March,Any moves,Total children,351,100
2024,Reporting year,Local authority,E92000001,England,E12000004,East Midlands,940,North Northamptonshire,E06000061,CLA on 31 March,Any moves,With one or more moves during the year,47,13
2024,Reporting year,Local authority,E92000001,England,E12000004,East Midlands,940,North Northamptonshire,E06000061,CLA on 31 March,Mid-year moves,Total children,351,100
2024,Reporting year,Local authority,E92000001,England,E12000004,East Midlands,940,North Northamptonshire,E06000061,CLA on 31 March,Mid-year moves,With one or more mid-year moves during the year,29,8
2024,Reporting year,Local authority,E92000001,England,E12000004,East Midlands,941,West Northamptonshire,E06000062,CLA 2 years on 31 March,Any moves,Total children,377,100
2024,Reporting year,Local authority,E92000001,England,E12000004,East Midlands,941,West Northamptonshire,E06000062,CLA 2 years on 31 March,Any moves,With one or more moves during the previous 2 years,73,19
2024,Reporting year,Local authority,E92000001,England,E12000004,East Midlands,941,West Northamptonshire,E06000062,CLA 2 years on 31 March,Mid-year moves,Total children,377,100
2024,Reporting year,Local authority,E92000001,England,E12000004,East Midlands,941,West Northamptonshire,E06000062,CLA 2 years on 31 March,Mid-year moves,With one or more mid-year moves during the previous 2 years,47,12
2024,Reporting year,Local authority,E92000001,England,E12000004,East Midlands,941,West Northamptonshire,E06000062,CLA on 31 March,Any moves,Total children,406,100
2024,Reporting year,Local authority,E92000001,England,E12000004,East Midlands,941,West Northamptonshire,E06000062,CLA on 31 March,Any moves,With one or more moves during the year,41,10
2024,Reporting year,Local authority,E92000001,England,E12000004,East Midlands,941,West Northamptonshire,E06000062,CLA on 31 March,Mid-year moves,Total children,406,100
2024,Reporting year,Local authority,E92000001,England,E12000004,East Midlands,941,West Northamptonshire,E06000062,CLA on 31 March,Mid-year moves,With one or more mid-year moves during the year,29,7
2024,Reporting year,Local authority,E92000001,England,E12000004,East Midlands,830,Derbyshire,E10000007,CLA 2 years on 31 March,Any moves,Total children,541,100
2024,Reporting year,Local authority,E92000001,England,E12000004,East Midlands,830,Derbyshire,E10000007,CLA 2 years on 31 March,Any moves,With one or more moves during the previous 2 years,160,30
2024,Reporting year,Local authority,E92000001,England,E12000004,East Midlands,830,Derbyshire,E10000007,CLA 2 years on 31 March,Mid-year moves,Total children,541,100
2024,Reporting year,Local authority,E92000001,England,E12000004,East Midlands,830,Derbyshire,E10000007,CLA 2 years on 31 March,Mid-year moves,With one or more mid-year moves during the previous 2 years,131,24
2024,Reporting year,Local authority,E92000001,England,E12000004,East Midlands,830,Derbyshire,E10000007,CLA on 31 March,Any moves,Total children,686,100
2024,Reporting year,Local authority,E92000001,England,E12000004,East Midlands,830,Derbyshire,E10000007,CLA on 31 March,Any moves,With one or more moves during the year,122,18
2024,Reporting year,Local authority,E92000001,England,E12000004,East Midlands,830,Derbyshire,E10000007,CLA on 31 March,Mid-year moves,Total children,686,100
2024,Reporting year,Local authority,E92000001,England,E12000004,East Midlands,830,Derbyshire,E10000007,CLA on 31 March,Mid-year moves,With one or more mid-year moves during the year,89,13
2024,Reporting year,Local authority,E92000001,England,E12000004,East Midlands,855,Leicestershire,E10000018,CLA 2 years on 31 March,Any moves,Total children,372,100
2024,Reporting year,Local authority,E92000001,England,E12000004,East Midlands,855,Leicestershire,E10000018,CLA 2 years on 31 March,Any moves,With one or more moves during the previous 2 years,77,21
2024,Reporting year,Local authority,E92000001,England,E12000004,East Midlands,855,Leicestershire,E10000018,CLA 2 years on 31 March,Mid-year moves,Total children,372,100
2024,Reporting year,Local authority,E92000001,England,E12000004,East Midlands,855,Leicestershire,E10000018,CLA 2 years on 31 March,Mid-year moves,With one or more mid-year moves during the previous 2 years,58,16
2024,Reporting year,Local authority,E92000001,England,E12000004,East Midlands,855,Leicestershire,E10000018,CLA on 31 March,Any moves,Total children,427,100
2024,Reporting year,Local authority,E92000001,England,E12000004,East Midlands,855,Leicestershire,E10000018,CLA on 31 March,Any moves,With one or more moves during the year,52,12
2024,Reporting year,Local authority,E92000001,England,E12000004,East Midlands,855,Leicestershire,E10000018,CLA on 31 March,Mid-year moves,Total children,427,100
2024,Reporting year,Local authority,E92000001,England,E12000004,East Midlands,855,Leicestershire,E10000018,CLA on 31 March,Mid-year moves,With one or more mid-year moves during the year,33,8
2024,Reporting year,Local authority,E92000001,England,E12000004,East Midlands,925,Lincolnshire,E10000019,CLA 2 years on 31 March,Any moves,Total children,380,100
2024,Reporting year,Local authority,E92000001,England,E12000004,East Midlands,925,Lincolnshire,E10000019,CLA 2 years on 31 March,Any moves,With one or more moves during the previous 2 years,87,23
2024,Reporting year,Local authority,E92000001,England,E12000004,East Midlands,925,Lincolnshire,E10000019,CLA 2 years on 31 March,Mid-year moves,Total children,380,100
2024,Reporting year,Local authority,E92000001,England,E12000004,East Midlands,925,Lincolnshire,E10000019,CLA 2 years on 31 March,Mid-year moves,With one or more mid-year moves during the previous 2 years,69,18
2024,Reporting year,Local authority,E92000001,England,E12000004,East Midlands,925,Lincolnshire,E10000019,CLA on 31 March,Any moves,Total children,466,100
2024,Reporting year,Local authority,E92000001,England,E12000004,East Midlands,925,Lincolnshire,E10000019,CLA on 31 March,Any moves,With one or more moves during the year,77,17
2024,Reporting year,Local authority,E92000001,England,E12000004,East Midlands,925,Lincolnshire,E10000019,CLA on 31 March,Mid-year moves,Total children,466,100
2024,Reporting year,Local authority,E92000001,England,E12000004,East Midlands,925,Lincolnshire,E10000019,CLA on 31 March,Mid-year moves,With one or more mid-year moves during the year,61,13
2024,Reporting year,Local authority,E92000001,England,E12000004,East Midlands,928,Northamptonshire,E10000021,CLA 2 years on 31 March,Any moves,Total children,z,z
2024,Reporting year,Local authority,E92000001,England,E12000004,East Midlands,928,Northamptonshire,E10000021,CLA 2 years on 31 March,Any moves,With one or more moves during the previous 2 years,z,z
2024,Reporting year,Local authority,E92000001,England,E12000004,East Midlands,928,Northamptonshire,E10000021,CLA 2 years on 31 March,Mid-year moves,Total children,z,z
2024,Reporting year,Local authority,E92000001,England,E12000004,East Midlands,928,Northamptonshire,E10000021,CLA 2 years on 31 March,Mid-year moves,With one or more mid-year moves during the previous 2 years,z,z
2024,Reporting year,Local authority,E92000001,England,E12000004,East Midlands,928,Northamptonshire,E10000021,CLA on 31 March,Any moves,Total children,z,z
2024,Reporting year,Local authority,E92000001,England,E12000004,East Midlands,928,Northamptonshire,E10000021,CLA on 31 March,Any moves,With one or more moves during the year,z,z
2024,Reporting year,Local authority,E92000001,England,E12000004,East Midlands,928,Northamptonshire,E10000021,CLA on 31 March,Mid-year moves,Total children,z,z
2024,Reporting year,Local authority,E92000001,England,E12000004,East Midlands,928,Northamptonshire,E10000021,CLA on 31 March,Mid-year moves,With one or more mid-year moves during the year,z,z
2024,Reporting year,Local authority,E92000001,England,E12000004,East Midlands,891,Nottinghamshire,E10000024,CLA 2 years on 31 March,Any moves,Total children,533,100
2024,Reporting year,Local authority,E92000001,England,E12000004,East Midlands,891,Nottinghamshire,E10000024,CLA 2 years on 31 March,Any moves,With one or more moves during the previous 2 years,130,24
2024,Reporting year,Local authority,E92000001,England,E12000004,East Midlands,891,Nottinghamshire,E10000024,CLA 2 years on 31 March,Mid-year moves,Total children,533,100
2024,Reporting year,Local authority,E92000001,England,E12000004,East Midlands,891,Nottinghamshire,E10000024,CLA 2 years on 31 March,Mid-year moves,With one or more mid-year moves during the previous 2 years,109,20
2024,Reporting year,Local authority,E92000001,England,E12000004,East Midlands,891,Nottinghamshire,E10000024,CLA on 31 March,Any moves,Total children,601,100
2024,Reporting year,Local authority,E92000001,England,E12000004,East Midlands,891,Nottinghamshire,E10000024,CLA on 31 March,Any moves,With one or more moves during the year,79,13
2024,Reporting year,Local authority,E92000001,England,E12000004,East Midlands,891,Nottinghamshire,E10000024,CLA on 31 March,Mid-year moves,Total children,601,100
2024,Reporting year,Local authority,E92000001,England,E12000004,East Midlands,891,Nottinghamshire,E10000024,CLA on 31 March,Mid-year moves,With one or more mid-year moves during the year,58,10
2024,Reporting year,Local authority,E92000001,England,E12000005,West Midlands,884,"Herefordshire, County of",E06000019,CLA 2 years on 31 March,Any moves,Total children,226,100
2024,Reporting year,Local authority,E92000001,England,E12000005,West Midlands,884,"Herefordshire, County of",E06000019,CLA 2 years on 31 March,Any moves,With one or more moves during the previous 2 years,39,17
2024,Reporting year,Local authority,E92000001,England,E12000005,West Midlands,884,"Herefordshire, County of",E06000019,CLA 2 years on 31 March,Mid-year moves,Total children,226,100
2024,Reporting year,Local authority,E92000001,England,E12000005,West Midlands,884,"Herefordshire, County of",E06000019,CLA 2 years on 31 March,Mid-year moves,With one or more mid-year moves during the previous 2 years,27,12
2024,Reporting year,Local authority,E92000001,England,E12000005,West Midlands,884,"Herefordshire, County of",E06000019,CLA on 31 March,Any moves,Total children,238,100
2024,Reporting year,Local authority,E92000001,England,E12000005,West Midlands,884,"Herefordshire, County of",E06000019,CLA on 31 March,Any moves,With one or more moves during the year,20,8
2024,Reporting year,Local authority,E92000001,England,E12000005,West Midlands,884,"Herefordshire, County of",E06000019,CLA on 31 March,Mid-year moves,Total children,238,100
2024,Reporting year,Local authority,E92000001,England,E12000005,West Midlands,884,"Herefordshire, County of",E06000019,CLA on 31 March,Mid-year moves,With one or more mid-year moves during the year,13,5
2024,Reporting year,Local authority,E92000001,England,E12000005,West Midlands,894,Telford and Wrekin,E06000020,CLA 2 years on 31 March,Any moves,Total children,269,100
2024,Reporting year,Local authority,E92000001,England,E12000005,West Midlands,894,Telford and Wrekin,E06000020,CLA 2 years on 31 March,Any moves,With one or more moves during the previous 2 years,58,22
2024,Reporting year,Local authority,E92000001,England,E12000005,West Midlands,894,Telford and Wrekin,E06000020,CLA 2 years on 31 March,Mid-year moves,Total children,269,100
2024,Reporting year,Local authority,E92000001,England,E12000005,West Midlands,894,Telford and Wrekin,E06000020,CLA 2 years on 31 March,Mid-year moves,With one or more mid-year moves during the previous 2 years,42,16
2024,Reporting year,Local authority,E92000001,England,E12000005,West Midlands,894,Telford and Wrekin,E06000020,CLA on 31 March,Any moves,Total children,268,100
2024,Reporting year,Local authority,E92000001,England,E12000005,West Midlands,894,Telford and Wrekin,E06000020,CLA on 31 March,Any moves,With one or more moves during the year,37,14
2024,Reporting year,Local authority,E92000001,England,E12000005,West Midlands,894,Telford and Wrekin,E06000020,CLA on 31 March,Mid-year moves,Total children,268,100
2024,Reporting year,Local authority,E92000001,England,E12000005,West Midlands,894,Telford and Wrekin,E06000020,CLA on 31 March,Mid-year moves,With one or more mid-year moves during the year,23,9
2024,Reporting year,Local authority,E92000001,England,E12000005,West Midlands,861,Stoke-on-Trent,E06000021,CLA 2 years on 31 March,Any moves,Total children,688,100
2024,Reporting year,Local authority,E92000001,England,E12000005,West Midlands,861,Stoke-on-Trent,E06000021,CLA 2 years on 31 March,Any moves,With one or more moves during the previous 2 years,159,23
2024,Reporting year,Local authority,E92000001,England,E12000005,West Midlands,861,Stoke-on-Trent,E06000021,CLA 2 years on 31 March,Mid-year moves,Total children,688,100
2024,Reporting year,Local authority,E92000001,England,E12000005,West Midlands,861,Stoke-on-Trent,E06000021,CLA 2 years on 31 March,Mid-year moves,With one or more mid-year moves during the previous 2 years,108,16
2024,Reporting year,Local authority,E92000001,England,E12000005,West Midlands,861,Stoke-on-Trent,E06000021,CLA on 31 March,Any moves,Total children,776,100
2024,Reporting year,Local authority,E92000001,England,E12000005,West Midlands,861,Stoke-on-Trent,E06000021,CLA on 31 March,Any moves,With one or more moves during the year,132,17
2024,Reporting year,Local authority,E92000001,England,E12000005,West Midlands,861,Stoke-on-Trent,E06000021,CLA on 31 March,Mid-year moves,Total children,776,100
2024,Reporting year,Local authority,E92000001,England,E12000005,West Midlands,861,Stoke-on-Trent,E06000021,CLA on 31 March,Mid-year moves,With one or more mid-year moves during the year,89,11
2024,Reporting year,Local authority,E92000001,England,E12000005,West Midlands,893,Shropshire,E06000051,CLA 2 years on 31 March,Any moves,Total children,380,100
2024,Reporting year,Local authority,E92000001,England,E12000005,West Midlands,893,Shropshire,E06000051,CLA 2 years on 31 March,Any moves,With one or more moves during the previous 2 years,90,24
2024,Reporting year,Local authority,E92000001,England,E12000005,West Midlands,893,Shropshire,E06000051,CLA 2 years on 31 March,Mid-year moves,Total children,380,100
2024,Reporting year,Local authority,E92000001,England,E12000005,West Midlands,893,Shropshire,E06000051,CLA 2 years on 31 March,Mid-year moves,With one or more mid-year moves during the previous 2 years,64,17
2024,Reporting year,Local authority,E92000001,England,E12000005,West Midlands,893,Shropshire,E06000051,CLA on 31 March,Any moves,Total children,446,100
2024,Reporting year,Local authority,E92000001,England,E12000005,West Midlands,893,Shropshire,E06000051,CLA on 31 March,Any moves,With one or more moves during the year,59,13
2024,Reporting year,Local authority,E92000001,England,E12000005,West Midlands,893,Shropshire,E06000051,CLA on 31 March,Mid-year moves,Total children,446,100
2024,Reporting year,Local authority,E92000001,England,E12000005,West Midlands,893,Shropshire,E06000051,CLA on 31 March,Mid-year moves,With one or more mid-year moves during the year,48,11
2024,Reporting year,Local authority,E92000001,England,E12000005,West Midlands,330,Birmingham,E08000025,CLA 2 years on 31 March,Any moves,Total children,1264,100
2024,Reporting year,Local authority,E92000001,England,E12000005,West Midlands,330,Birmingham,E08000025,CLA 2 years on 31 March,Any moves,With one or more moves during the previous 2 years,233,18
2024,Reporting year,Local authority,E92000001,England,E12000005,West Midlands,330,Birmingham,E08000025,CLA 2 years on 31 March,Mid-year moves,Total children,1264,100
2024,Reporting year,Local authority,E92000001,England,E12000005,West Midlands,330,Birmingham,E08000025,CLA 2 years on 31 March,Mid-year moves,With one or more mid-year moves during the previous 2 years,178,14
2024,Reporting year,Local authority,E92000001,England,E12000005,West Midlands,330,Birmingham,E08000025,CLA on 31 March,Any moves,Total children,1424,100
2024,Reporting year,Local authority,E92000001,England,E12000005,West Midlands,330,Birmingham,E08000025,CLA on 31 March,Any moves,With one or more moves during the year,148,10
2024,Reporting year,Local authority,E92000001,England,E12000005,West Midlands,330,Birmingham,E08000025,CLA on 31 March,Mid-year moves,Total children,1424,100
2024,Reporting year,Local authority,E92000001,England,E12000005,West Midlands,330,Birmingham,E08000025,CLA on 31 March,Mid-year moves,With one or more mid-year moves during the year,109,8
2024,Reporting year,Local authority,E92000001,England,E12000005,West Midlands,331,Coventry,E08000026,CLA 2 years on 31 March,Any moves,Total children,366,100
2024,Reporting year,Local authority,E92000001,England,E12000005,West Midlands,331,Coventry,E08000026,CLA 2 years on 31 March,Any moves,With one or more moves during the previous 2 years,50,14
2024,Reporting year,Local authority,E92000001,England,E12000005,West Midlands,331,Coventry,E08000026,CLA 2 years on 31 March,Mid-year moves,Total children,366,100
2024,Reporting year,Local authority,E92000001,England,E12000005,West Midlands,331,Coventry,E08000026,CLA 2 years on 31 March,Mid-year moves,With one or more mid-year moves during the previous 2 years,43,12
2024,Reporting year,Local authority,E92000001,England,E12000005,West Midlands,331,Coventry,E08000026,CLA on 31 March,Any moves,Total children,425,100
2024,Reporting year,Local authority,E92000001,England,E12000005,West Midlands,331,Coventry,E08000026,CLA on 31 March,Any moves,With one or more moves during the year,34,8
2024,Reporting year,Local authority,E92000001,England,E12000005,West Midlands,331,Coventry,E08000026,CLA on 31 March,Mid-year moves,Total children,425,100
2024,Reporting year,Local authority,E92000001,England,E12000005,West Midlands,331,Coventry,E08000026,CLA on 31 March,Mid-year moves,With one or more mid-year moves during the year,28,7
2024,Reporting year,Local authority,E92000001,England,E12000005,West Midlands,332,Dudley,E08000027,CLA 2 years on 31 March,Any moves,Total children,344,100
2024,Reporting year,Local authority,E92000001,England,E12000005,West Midlands,332,Dudley,E08000027,CLA 2 years on 31 March,Any moves,With one or more moves during the previous 2 years,61,18
2024,Reporting year,Local authority,E92000001,England,E12000005,West Midlands,332,Dudley,E08000027,CLA 2 years on 31 March,Mid-year moves,Total children,344,100
2024,Reporting year,Local authority,E92000001,England,E12000005,West Midlands,332,Dudley,E08000027,CLA 2 years on 31 March,Mid-year moves,With one or more mid-year moves during the previous 2 years,51,15
2024,Reporting year,Local authority,E92000001,England,E12000005,West Midlands,332,Dudley,E08000027,CLA on 31 March,Any moves,Total children,389,100
2024,Reporting year,Local authority,E92000001,England,E12000005,West Midlands,332,Dudley,E08000027,CLA on 31 March,Any moves,With one or more moves during the year,37,10
2024,Reporting year,Local authority,E92000001,England,E12000005,West Midlands,332,Dudley,E08000027,CLA on 31 March,Mid-year moves,Total children,389,100
2024,Reporting year,Local authority,E92000001,England,E12000005,West Midlands,332,Dudley,E08000027,CLA on 31 March,Mid-year moves,With one or more mid-year moves during the year,29,7
2024,Reporting year,Local authority,E92000001,England,E12000005,West Midlands,333,Sandwell,E08000028,CLA 2 years on 31 March,Any moves,Total children,527,100
2024,Reporting year,Local authority,E92000001,England,E12000005,West Midlands,333,Sandwell,E08000028,CLA 2 years on 31 March,Any moves,With one or more moves during the previous 2 years,101,19
2024,Reporting year,Local authority,E92000001,England,E12000005,West Midlands,333,Sandwell,E08000028,CLA 2 years on 31 March,Mid-year moves,Total children,527,100
2024,Reporting year,Local authority,E92000001,England,E12000005,West Midlands,333,Sandwell,E08000028,CLA 2 years on 31 March,Mid-year moves,With one or more mid-year moves during the previous 2 years,77,15
2024,Reporting year,Local authority,E92000001,England,E12000005,West Midlands,333,Sandwell,E08000028,CLA on 31 March,Any moves,Total children,562,100
2024,Reporting year,Local authority,E92000001,England,E12000005,West Midlands,333,Sandwell,E08000028,CLA on 31 March,Any moves,With one or more moves during the year,57,10
2024,Reporting year,Local authority,E92000001,England,E12000005,West Midlands,333,Sandwell,E08000028,CLA on 31 March,Mid-year moves,Total children,562,100
2024,Reporting year,Local authority,E92000001,England,E12000005,West Midlands,333,Sandwell,E08000028,CLA on 31 March,Mid-year moves,With one or more mid-year moves during the year,46,8
2024,Reporting year,Local authority,E92000001,England,E12000005,West Midlands,334,Solihull,E08000029,CLA 2 years on 31 March,Any moves,Total children,359,100
2024,Reporting year,Local authority,E92000001,England,E12000005,West Midlands,334,Solihull,E08000029,CLA 2 years on 31 March,Any moves,With one or more moves during the previous 2 years,51,14
2024,Reporting year,Local authority,E92000001,England,E12000005,West Midlands,334,Solihull,E08000029,CLA 2 years on 31 March,Mid-year moves,Total children,359,100
2024,Reporting year,Local authority,E92000001,England,E12000005,West Midlands,334,Solihull,E08000029,CLA 2 years on 31 March,Mid-year moves,With one or more mid-year moves during the previous 2 years,40,11
2024,Reporting year,Local authority,E92000001,England,E12000005,West Midlands,334,Solihull,E08000029,CLA on 31 March,Any moves,Total children,382,100
2024,Reporting year,Local authority,E92000001,England,E12000005,West Midlands,334,Solihull,E08000029,CLA on 31 March,Any moves,With one or more moves during the year,25,7
2024,Reporting year,Local authority,E92000001,England,E12000005,West Midlands,334,Solihull,E08000029,CLA on 31 March,Mid-year moves,Total children,382,100
2024,Reporting year,Local authority,E92000001,England,E12000005,West Midlands,334,Solihull,E08000029,CLA on 31 March,Mid-year moves,With one or more mid-year moves during the year,17,4
2024,Reporting year,Local authority,E92000001,England,E12000005,West Midlands,335,Walsall,E08000030,CLA 2 years on 31 March,Any moves,Total children,370,100
2024,Reporting year,Local authority,E92000001,England,E12000005,West Midlands,335,Walsall,E08000030,CLA 2 years on 31 March,Any moves,With one or more moves during the previous 2 years,59,16
2024,Reporting year,Local authority,E92000001,England,E12000005,West Midlands,335,Walsall,E08000030,CLA 2 years on 31 March,Mid-year moves,Total children,370,100
2024,Reporting year,Local authority,E92000001,England,E12000005,West Midlands,335,Walsall,E08000030,CLA 2 years on 31 March,Mid-year moves,With one or more mid-year moves during the previous 2 years,43,12
2024,Reporting year,Local authority,E92000001,England,E12000005,West Midlands,335,Walsall,E08000030,CLA on 31 March,Any moves,Total children,423,100
2024,Reporting year,Local authority,E92000001,England,E12000005,West Midlands,335,Walsall,E08000030,CLA on 31 March,Any moves,With one or more moves during the year,44,10
2024,Reporting year,Local authority,E92000001,England,E12000005,West Midlands,335,Walsall,E08000030,CLA on 31 March,Mid-year moves,Total children,423,100
2024,Reporting year,Local authority,E92000001,England,E12000005,West Midlands,335,Walsall,E08000030,CLA on 31 March,Mid-year moves,With one or more mid-year moves during the year,30,7
2024,Reporting year,Local authority,E92000001,England,E12000005,West Midlands,336,Wolverhampton,E08000031,CLA 2 years on 31 March,Any moves,Total children,291,100
2024,Reporting year,Local authority,E92000001,England,E12000005,West Midlands,336,Wolverhampton,E08000031,CLA 2 years on 31 March,Any moves,With one or more moves during the previous 2 years,49,17
2024,Reporting year,Local authority,E92000001,England,E12000005,West Midlands,336,Wolverhampton,E08000031,CLA 2 years on 31 March,Mid-year moves,Total children,291,100
2024,Reporting year,Local authority,E92000001,England,E12000005,West Midlands,336,Wolverhampton,E08000031,CLA 2 years on 31 March,Mid-year moves,With one or more mid-year moves during the previous 2 years,38,13
2024,Reporting year,Local authority,E92000001,England,E12000005,West Midlands,336,Wolverhampton,E08000031,CLA on 31 March,Any moves,Total children,331,100
2024,Reporting year,Local authority,E92000001,England,E12000005,West Midlands,336,Wolverhampton,E08000031,CLA on 31 March,Any moves,With one or more moves during the year,37,11
2024,Reporting year,Local authority,E92000001,England,E12000005,West Midlands,336,Wolverhampton,E08000031,CLA on 31 March,Mid-year moves,Total children,331,100
2024,Reporting year,Local authority,E92000001,England,E12000005,West Midlands,336,Wolverhampton,E08000031,CLA on 31 March,Mid-year moves,With one or more mid-year moves during the year,30,9
2024,Reporting year,Local authority,E92000001,England,E12000005,West Midlands,860,Staffordshire,E10000028,CLA 2 years on 31 March,Any moves,Total children,795,100
2024,Reporting year,Local authority,E92000001,England,E12000005,West Midlands,860,Staffordshire,E10000028,CLA 2 years on 31 March,Any moves,With one or more moves during the previous 2 years,195,25
2024,Reporting year,Local authority,E92000001,England,E12000005,West Midlands,860,Staffordshire,E10000028,CLA 2 years on 31 March,Mid-year moves,Total children,795,100
2024,Reporting year,Local authority,E92000001,England,E12000005,West Midlands,860,Staffordshire,E10000028,CLA 2 years on 31 March,Mid-year moves,With one or more mid-year moves during the previous 2 years,145,18
2024,Reporting year,Local authority,E92000001,England,E12000005,West Midlands,860,Staffordshire,E10000028,CLA on 31 March,Any moves,Total children,852,100
2024,Reporting year,Local authority,E92000001,England,E12000005,West Midlands,860,Staffordshire,E10000028,CLA on 31 March,Any moves,With one or more moves during the year,97,11
2024,Reporting year,Local authority,E92000001,England,E12000005,West Midlands,860,Staffordshire,E10000028,CLA on 31 March,Mid-year moves,Total children,852,100
2024,Reporting year,Local authority,E92000001,England,E12000005,West Midlands,860,Staffordshire,E10000028,CLA on 31 March,Mid-year moves,With one or more mid-year moves during the year,74,9
2024,Reporting year,Local authority,E92000001,England,E12000005,West Midlands,937,Warwickshire,E10000031,CLA 2 years on 31 March,Any moves,Total children,404,100
2024,Reporting year,Local authority,E92000001,England,E12000005,West Midlands,937,Warwickshire,E10000031,CLA 2 years on 31 March,Any moves,With one or more moves during the previous 2 years,68,17
2024,Reporting year,Local authority,E92000001,England,E12000005,West Midlands,937,Warwickshire,E10000031,CLA 2 years on 31 March,Mid-year moves,Total children,404,100
2024,Reporting year,Local authority,E92000001,England,E12000005,West Midlands,937,Warwickshire,E10000031,CLA 2 years on 31 March,Mid-year moves,With one or more mid-year moves during the previous 2 years,42,10
2024,Reporting year,Local authority,E92000001,England,E12000005,West Midlands,937,Warwickshire,E10000031,CLA on 31 March,Any moves,Total children,476,100
2024,Reporting year,Local authority,E92000001,England,E12000005,West Midlands,937,Warwickshire,E10000031,CLA on 31 March,Any moves,With one or more moves during the year,35,7
2024,Reporting year,Local authority,E92000001,England,E12000005,West Midlands,937,Warwickshire,E10000031,CLA on 31 March,Mid-year moves,Total children,476,100
2024,Reporting year,Local authority,E92000001,England,E12000005,West Midlands,937,Warwickshire,E10000031,CLA on 31 March,Mid-year moves,With one or more mid-year moves during the year,22,5
2024,Reporting year,Local authority,E92000001,England,E12000005,West Midlands,885,Worcestershire,E10000034,CLA 2 years on 31 March,Any moves,Total children,598,100
2024,Reporting year,Local authority,E92000001,England,E12000005,West Midlands,885,Worcestershire,E10000034,CLA 2 years on 31 March,Any moves,With one or more moves during the previous 2 years,132,22
2024,Reporting year,Local authority,E92000001,England,E12000005,West Midlands,885,Worcestershire,E10000034,CLA 2 years on 31 March,Mid-year moves,Total children,598,100
2024,Reporting year,Local authority,E92000001,England,E12000005,West Midlands,885,Worcestershire,E10000034,CLA 2 years on 31 March,Mid-year moves,With one or more mid-year moves during the previous 2 years,97,16
2024,Reporting year,Local authority,E92000001,England,E12000005,West Midlands,885,Worcestershire,E10000034,CLA on 31 March,Any moves,Total children,677,100
2024,Reporting year,Local authority,E92000001,England,E12000005,West Midlands,885,Worcestershire,E10000034,CLA on 31 March,Any moves,With one or more moves during the year,84,12
2024,Reporting year,Local authority,E92000001,England,E12000005,West Midlands,885,Worcestershire,E10000034,CLA on 31 March,Mid-year moves,Total children,677,100
2024,Reporting year,Local authority,E92000001,England,E12000005,West Midlands,885,Worcestershire,E10000034,CLA on 31 March,Mid-year moves,With one or more mid-year moves during the year,58,9
2024,Reporting year,Local authority,E92000001,England,E12000006,East of England,874,Peterborough,E06000031,CLA 2 years on 31 March,Any moves,Total children,200,100
2024,Reporting year,Local authority,E92000001,England,E12000006,East of England,874,Peterborough,E06000031,CLA 2 years on 31 March,Any moves,With one or more moves during the previous 2 years,39,20
2024,Reporting year,Local authority,E92000001,England,E12000006,East of England,874,Peterborough,E06000031,CLA 2 years on 31 March,Mid-year moves,Total children,200,100
2024,Reporting year,Local authority,E92000001,England,E12000006,East of England,874,Peterborough,E06000031,CLA 2 years on 31 March,Mid-year moves,With one or more mid-year moves during the previous 2 years,25,13
2024,Reporting year,Local authority,E92000001,England,E12000006,East of England,874,Peterborough,E06000031,CLA on 31 March,Any moves,Total children,207,100
2024,Reporting year,Local authority,E92000001,England,E12000006,East of England,874,Peterborough,E06000031,CLA on 31 March,Any moves,With one or more moves during the year,27,13
2024,Reporting year,Local authority,E92000001,England,E12000006,East of England,874,Peterborough,E06000031,CLA on 31 March,Mid-year moves,Total children,207,100
2024,Reporting year,Local authority,E92000001,England,E12000006,East of England,874,Peterborough,E06000031,CLA on 31 March,Mid-year moves,With one or more mid-year moves during the year,16,8
2024,Reporting year,Local authority,E92000001,England,E12000006,East of England,821,Luton,E06000032,CLA 2 years on 31 March,Any moves,Total children,208,100
2024,Reporting year,Local authority,E92000001,England,E12000006,East of England,821,Luton,E06000032,CLA 2 years on 31 March,Any moves,With one or more moves during the previous 2 years,48,23
2024,Reporting year,Local authority,E92000001,England,E12000006,East of England,821,Luton,E06000032,CLA 2 years on 31 March,Mid-year moves,Total children,208,100
2024,Reporting year,Local authority,E92000001,England,E12000006,East of England,821,Luton,E06000032,CLA 2 years on 31 March,Mid-year moves,With one or more mid-year moves during the previous 2 years,35,17
2024,Reporting year,Local authority,E92000001,England,E12000006,East of England,821,Luton,E06000032,CLA on 31 March,Any moves,Total children,243,100
2024,Reporting year,Local authority,E92000001,England,E12000006,East of England,821,Luton,E06000032,CLA on 31 March,Any moves,With one or more moves during the year,37,15
2024,Reporting year,Local authority,E92000001,England,E12000006,East of England,821,Luton,E06000032,CLA on 31 March,Mid-year moves,Total children,243,100
2024,Reporting year,Local authority,E92000001,England,E12000006,East of England,821,Luton,E06000032,CLA on 31 March,Mid-year moves,With one or more mid-year moves during the year,28,12
2024,Reporting year,Local authority,E92000001,England,E12000006,East of England,882,Southend-on-Sea,E06000033,CLA 2 years on 31 March,Any moves,Total children,186,100
2024,Reporting year,Local authority,E92000001,England,E12000006,East of England,882,Southend-on-Sea,E06000033,CLA 2 years on 31 March,Any moves,With one or more moves during the previous 2 years,39,21
2024,Reporting year,Local authority,E92000001,England,E12000006,East of England,882,Southend-on-Sea,E06000033,CLA 2 years on 31 March,Mid-year moves,Total children,186,100
2024,Reporting year,Local authority,E92000001,England,E12000006,East of England,882,Southend-on-Sea,E06000033,CLA 2 years on 31 March,Mid-year moves,With one or more mid-year moves during the previous 2 years,29,16
2024,Reporting year,Local authority,E92000001,England,E12000006,East of England,882,Southend-on-Sea,E06000033,CLA on 31 March,Any moves,Total children,206,100
2024,Reporting year,Local authority,E92000001,England,E12000006,East of England,882,Southend-on-Sea,E06000033,CLA on 31 March,Any moves,With one or more moves during the year,25,12
2024,Reporting year,Local authority,E92000001,England,E12000006,East of England,882,Southend-on-Sea,E06000033,CLA on 31 March,Mid-year moves,Total children,206,100
2024,Reporting year,Local authority,E92000001,England,E12000006,East of England,882,Southend-on-Sea,E06000033,CLA on 31 March,Mid-year moves,With one or more mid-year moves during the year,19,9
2024,Reporting year,Local authority,E92000001,England,E12000006,East of England,883,Thurrock,E06000034,CLA 2 years on 31 March,Any moves,Total children,148,100
2024,Reporting year,Local authority,E92000001,England,E12000006,East of England,883,Thurrock,E06000034,CLA 2 years on 31 March,Any moves,With one or more moves during the previous 2 years,36,24
2024,Reporting year,Local authority,E92000001,England,E12000006,East of England,883,Thurrock,E06000034,CLA 2 years on 31 March,Mid-year moves,Total children,148,100
2024,Reporting year,Local authority,E92000001,England,E12000006,East of England,883,Thurrock,E06000034,CLA 2 years on 31 March,Mid-year moves,With one or more mid-year moves during the previous 2 years,25,17
2024,Reporting year,Local authority,E92000001,England,E12000006,East of England,883,Thurrock,E06000034,CLA on 31 March,Any moves,Total children,174,100
2024,Reporting year,Local authority,E92000001,England,E12000006,East of England,883,Thurrock,E06000034,CLA on 31 March,Any moves,With one or more moves during the year,24,14
2024,Reporting year,Local authority,E92000001,England,E12000006,East of England,883,Thurrock,E06000034,CLA on 31 March,Mid-year moves,Total children,174,100
2024,Reporting year,Local authority,E92000001,England,E12000006,East of England,883,Thurrock,E06000034,CLA on 31 March,Mid-year moves,With one or more mid-year moves during the year,18,10
2024,Reporting year,Local authority,E92000001,England,E12000006,East of England,822,Bedford,E06000055,CLA 2 years on 31 March,Any moves,Total children,155,100
2024,Reporting year,Local authority,E92000001,England,E12000006,East of England,822,Bedford,E06000055,CLA 2 years on 31 March,Any moves,With one or more moves during the previous 2 years,30,19
2024,Reporting year,Local authority,E92000001,England,E12000006,East of England,822,Bedford,E06000055,CLA 2 years on 31 March,Mid-year moves,Total children,155,100
2024,Reporting year,Local authority,E92000001,England,E12000006,East of England,822,Bedford,E06000055,CLA 2 years on 31 March,Mid-year moves,With one or more mid-year moves during the previous 2 years,25,16
2024,Reporting year,Local authority,E92000001,England,E12000006,East of England,822,Bedford,E06000055,CLA on 31 March,Any moves,Total children,163,100
2024,Reporting year,Local authority,E92000001,England,E12000006,East of England,822,Bedford,E06000055,CLA on 31 March,Any moves,With one or more moves during the year,15,9
2024,Reporting year,Local authority,E92000001,England,E12000006,East of England,822,Bedford,E06000055,CLA on 31 March,Mid-year moves,Total children,163,100
2024,Reporting year,Local authority,E92000001,England,E12000006,East of England,822,Bedford,E06000055,CLA on 31 March,Mid-year moves,With one or more mid-year moves during the year,9,6
2024,Reporting year,Local authority,E92000001,England,E12000006,East of England,823,Central Bedfordshire,E06000056,CLA 2 years on 31 March,Any moves,Total children,204,100
2024,Reporting year,Local authority,E92000001,England,E12000006,East of England,823,Central Bedfordshire,E06000056,CLA 2 years on 31 March,Any moves,With one or more moves during the previous 2 years,37,18
2024,Reporting year,Local authority,E92000001,England,E12000006,East of England,823,Central Bedfordshire,E06000056,CLA 2 years on 31 March,Mid-year moves,Total children,204,100
2024,Reporting year,Local authority,E92000001,England,E12000006,East of England,823,Central Bedfordshire,E06000056,CLA 2 years on 31 March,Mid-year moves,With one or more mid-year moves during the previous 2 years,30,15
2024,Reporting year,Local authority,E92000001,England,E12000006,East of England,823,Central Bedfordshire,E06000056,CLA on 31 March,Any moves,Total children,229,100
2024,Reporting year,Local authority,E92000001,England,E12000006,East of England,823,Central Bedfordshire,E06000056,CLA on 31 March,Any moves,With one or more moves during the year,20,9
2024,Reporting year,Local authority,E92000001,England,E12000006,East of England,823,Central Bedfordshire,E06000056,CLA on 31 March,Mid-year moves,Total children,229,100
2024,Reporting year,Local authority,E92000001,England,E12000006,East of England,823,Central Bedfordshire,E06000056,CLA on 31 March,Mid-year moves,With one or more mid-year moves during the year,15,7
2024,Reporting year,Local authority,E92000001,England,E12000006,East of England,873,Cambridgeshire,E10000003,CLA 2 years on 31 March,Any moves,Total children,335,100
2024,Reporting year,Local authority,E92000001,England,E12000006,East of England,873,Cambridgeshire,E10000003,CLA 2 years on 31 March,Any moves,With one or more moves during the previous 2 years,69,21
2024,Reporting year,Local authority,E92000001,England,E12000006,East of England,873,Cambridgeshire,E10000003,CLA 2 years on 31 March,Mid-year moves,Total children,335,100
2024,Reporting year,Local authority,E92000001,England,E12000006,East of England,873,Cambridgeshire,E10000003,CLA 2 years on 31 March,Mid-year moves,With one or more mid-year moves during the previous 2 years,46,14
2024,Reporting year,Local authority,E92000001,England,E12000006,East of England,873,Cambridgeshire,E10000003,CLA on 31 March,Any moves,Total children,375,100
2024,Reporting year,Local authority,E92000001,England,E12000006,East of England,873,Cambridgeshire,E10000003,CLA on 31 March,Any moves,With one or more moves during the year,63,17
2024,Reporting year,Local authority,E92000001,England,E12000006,East of England,873,Cambridgeshire,E10000003,CLA on 31 March,Mid-year moves,Total children,375,100
2024,Reporting year,Local authority,E92000001,England,E12000006,East of England,873,Cambridgeshire,E10000003,CLA on 31 March,Mid-year moves,With one or more mid-year moves during the year,47,13
2024,Reporting year,Local authority,E92000001,England,E12000006,East of England,881,Essex,E10000012,CLA 2 years on 31 March,Any moves,Total children,614,100
2024,Reporting year,Local authority,E92000001,England,E12000006,East of England,881,Essex,E10000012,CLA 2 years on 31 March,Any moves,With one or more moves during the previous 2 years,147,24
2024,Reporting year,Local authority,E92000001,England,E12000006,East of England,881,Essex,E10000012,CLA 2 years on 31 March,Mid-year moves,Total children,614,100
2024,Reporting year,Local authority,E92000001,England,E12000006,East of England,881,Essex,E10000012,CLA 2 years on 31 March,Mid-year moves,With one or more mid-year moves during the previous 2 years,101,16
2024,Reporting year,Local authority,E92000001,England,E12000006,East of England,881,Essex,E10000012,CLA on 31 March,Any moves,Total children,670,100
2024,Reporting year,Local authority,E92000001,England,E12000006,East of England,881,Essex,E10000012,CLA on 31 March,Any moves,With one or more moves during the year,88,13
2024,Reporting year,Local authority,E92000001,England,E12000006,East of England,881,Essex,E10000012,CLA on 31 March,Mid-year moves,Total children,670,100
2024,Reporting year,Local authority,E92000001,England,E12000006,East of England,881,Essex,E10000012,CLA on 31 March,Mid-year moves,With one or more mid-year moves during the year,55,8
2024,Reporting year,Local authority,E92000001,England,E12000006,East of England,919,Hertfordshire,E10000015,CLA 2 years on 31 March,Any moves,Total children,530,100
2024,Reporting year,Local authority,E92000001,England,E12000006,East of England,919,Hertfordshire,E10000015,CLA 2 years on 31 March,Any moves,With one or more moves during the previous 2 years,96,18
2024,Reporting year,Local authority,E92000001,England,E12000006,East of England,919,Hertfordshire,E10000015,CLA 2 years on 31 March,Mid-year moves,Total children,530,100
2024,Reporting year,Local authority,E92000001,England,E12000006,East of England,919,Hertfordshire,E10000015,CLA 2 years on 31 March,Mid-year moves,With one or more mid-year moves during the previous 2 years,71,13
2024,Reporting year,Local authority,E92000001,England,E12000006,East of England,919,Hertfordshire,E10000015,CLA on 31 March,Any moves,Total children,613,100
2024,Reporting year,Local authority,E92000001,England,E12000006,East of England,919,Hertfordshire,E10000015,CLA on 31 March,Any moves,With one or more moves during the year,60,10
2024,Reporting year,Local authority,E92000001,England,E12000006,East of England,919,Hertfordshire,E10000015,CLA on 31 March,Mid-year moves,Total children,613,100
2024,Reporting year,Local authority,E92000001,England,E12000006,East of England,919,Hertfordshire,E10000015,CLA on 31 March,Mid-year moves,With one or more mid-year moves during the year,45,7
2024,Reporting year,Local authority,E92000001,England,E12000006,East of England,926,Norfolk,E10000020,CLA 2 years on 31 March,Any moves,Total children,635,100
2024,Reporting year,Local authority,E92000001,England,E12000006,East of England,926,Norfolk,E10000020,CLA 2 years on 31 March,Any moves,With one or more moves during the previous 2 years,141,22
2024,Reporting year,Local authority,E92000001,England,E12000006,East of England,926,Norfolk,E10000020,CLA 2 years on 31 March,Mid-year moves,Total children,635,100
2024,Reporting year,Local authority,E92000001,England,E12000006,East of England,926,Norfolk,E10000020,CLA 2 years on 31 March,Mid-year moves,With one or more mid-year moves during the previous 2 years,103,16
2024,Reporting year,Local authority,E92000001,England,E12000006,East of England,926,Norfolk,E10000020,CLA on 31 March,Any moves,Total children,631,100
2024,Reporting year,Local authority,E92000001,England,E12000006,East of England,926,Norfolk,E10000020,CLA on 31 March,Any moves,With one or more moves during the year,81,13
2024,Reporting year,Local authority,E92000001,England,E12000006,East of England,926,Norfolk,E10000020,CLA on 31 March,Mid-year moves,Total children,631,100
2024,Reporting year,Local authority,E92000001,England,E12000006,East of England,926,Norfolk,E10000020,CLA on 31 March,Mid-year moves,With one or more mid-year moves during the year,57,9
2024,Reporting year,Local authority,E92000001,England,E12000006,East of England,935,Suffolk,E10000029,CLA 2 years on 31 March,Any moves,Total children,554,100
2024,Reporting year,Local authority,E92000001,England,E12000006,East of England,935,Suffolk,E10000029,CLA 2 years on 31 March,Any moves,With one or more moves during the previous 2 years,136,25
2024,Reporting year,Local authority,E92000001,England,E12000006,East of England,935,Suffolk,E10000029,CLA 2 years on 31 March,Mid-year moves,Total children,554,100
2024,Reporting year,Local authority,E92000001,England,E12000006,East of England,935,Suffolk,E10000029,CLA 2 years on 31 March,Mid-year moves,With one or more mid-year moves during the previous 2 years,91,16
2024,Reporting year,Local authority,E92000001,England,E12000006,East of England,935,Suffolk,E10000029,CLA on 31 March,Any moves,Total children,601,100
2024,Reporting year,Local authority,E92000001,England,E12000006,East of England,935,Suffolk,E10000029,CLA on 31 March,Any moves,With one or more moves during the year,90,15
2024,Reporting year,Local authority,E92000001,England,E12000006,East of England,935,Suffolk,E10000029,CLA on 31 March,Mid-year moves,Total children,601,100
2024,Reporting year,Local authority,E92000001,England,E12000006,East of England,935,Suffolk,E10000029,CLA on 31 March,Mid-year moves,With one or more mid-year moves during the year,55,9
2024,Reporting year,Local authority,E92000001,England,E12000008,South East,887,Medway,E06000035,CLA 2 years on 31 March,Any moves,Total children,304,100
2024,Reporting year,Local authority,E92000001,England,E12000008,South East,887,Medway,E06000035,CLA 2 years on 31 March,Any moves,With one or more moves during the previous 2 years,66,22
2024,Reporting year,Local authority,E92000001,England,E12000008,South East,887,Medway,E06000035,CLA 2 years on 31 March,Mid-year moves,Total children,304,100
2024,Reporting year,Local authority,E92000001,England,E12000008,South East,887,Medway,E06000035,CLA 2 years on 31 March,Mid-year moves,With one or more mid-year moves during the previous 2 years,47,15
2024,Reporting year,Local authority,E92000001,England,E12000008,South East,887,Medway,E06000035,CLA on 31 March,Any moves,Total children,311,100
2024,Reporting year,Local authority,E92000001,England,E12000008,South East,887,Medway,E06000035,CLA on 31 March,Any moves,With one or more moves during the year,38,12
2024,Reporting year,Local authority,E92000001,England,E12000008,South East,887,Medway,E06000035,CLA on 31 March,Mid-year moves,Total children,311,100
2024,Reporting year,Local authority,E92000001,England,E12000008,South East,887,Medway,E06000035,CLA on 31 March,Mid-year moves,With one or more mid-year moves during the year,25,8
2024,Reporting year,Local authority,E92000001,England,E12000008,South East,867,Bracknell Forest,E06000036,CLA 2 years on 31 March,Any moves,Total children,67,100
2024,Reporting year,Local authority,E92000001,England,E12000008,South East,867,Bracknell Forest,E06000036,CLA 2 years on 31 March,Any moves,With one or more moves during the previous 2 years,10,15
2024,Reporting year,Local authority,E92000001,England,E12000008,South East,867,Bracknell Forest,E06000036,CLA 2 years on 31 March,Mid-year moves,Total children,67,100
2024,Reporting year,Local authority,E92000001,England,E12000008,South East,867,Bracknell Forest,E06000036,CLA 2 years on 31 March,Mid-year moves,With one or more mid-year moves during the previous 2 years,9,13
2024,Reporting year,Local authority,E92000001,England,E12000008,South East,867,Bracknell Forest,E06000036,CLA on 31 March,Any moves,Total children,73,100
2024,Reporting year,Local authority,E92000001,England,E12000008,South East,867,Bracknell Forest,E06000036,CLA on 31 March,Any moves,With one or more moves during the year,11,15
2024,Reporting year,Local authority,E92000001,England,E12000008,South East,867,Bracknell Forest,E06000036,CLA on 31 March,Mid-year moves,Total children,73,100
2024,Reporting year,Local authority,E92000001,England,E12000008,South East,867,Bracknell Forest,E06000036,CLA on 31 March,Mid-year moves,With one or more mid-year moves during the year,9,12
2024,Reporting year,Local authority,E92000001,England,E12000008,South East,869,West Berkshire,E06000037,CLA 2 years on 31 March,Any moves,Total children,91,100
2024,Reporting year,Local authority,E92000001,England,E12000008,South East,869,West Berkshire,E06000037,CLA 2 years on 31 March,Any moves,With one or more moves during the previous 2 years,23,25
2024,Reporting year,Local authority,E92000001,England,E12000008,South East,869,West Berkshire,E06000037,CLA 2 years on 31 March,Mid-year moves,Total children,91,100
2024,Reporting year,Local authority,E92000001,England,E12000008,South East,869,West Berkshire,E06000037,CLA 2 years on 31 March,Mid-year moves,With one or more mid-year moves during the previous 2 years,13,14
2024,Reporting year,Local authority,E92000001,England,E12000008,South East,869,West Berkshire,E06000037,CLA on 31 March,Any moves,Total children,107,100
2024,Reporting year,Local authority,E92000001,England,E12000008,South East,869,West Berkshire,E06000037,CLA on 31 March,Any moves,With one or more moves during the year,17,16
2024,Reporting year,Local authority,E92000001,England,E12000008,South East,869,West Berkshire,E06000037,CLA on 31 March,Mid-year moves,Total children,107,100
2024,Reporting year,Local authority,E92000001,England,E12000008,South East,869,West Berkshire,E06000037,CLA on 31 March,Mid-year moves,With one or more mid-year moves during the year,11,10
2024,Reporting year,Local authority,E92000001,England,E12000008,South East,870,Reading,E06000038,CLA 2 years on 31 March,Any moves,Total children,126,100
2024,Reporting year,Local authority,E92000001,England,E12000008,South East,870,Reading,E06000038,CLA 2 years on 31 March,Any moves,With one or more moves during the previous 2 years,20,16
2024,Reporting year,Local authority,E92000001,England,E12000008,South East,870,Reading,E06000038,CLA 2 years on 31 March,Mid-year moves,Total children,126,100
2024,Reporting year,Local authority,E92000001,England,E12000008,South East,870,Reading,E06000038,CLA 2 years on 31 March,Mid-year moves,With one or more mid-year moves during the previous 2 years,14,11
2024,Reporting year,Local authority,E92000001,England,E12000008,South East,870,Reading,E06000038,CLA on 31 March,Any moves,Total children,171,100
2024,Reporting year,Local authority,E92000001,England,E12000008,South East,870,Reading,E06000038,CLA on 31 March,Any moves,With one or more moves during the year,24,14
2024,Reporting year,Local authority,E92000001,England,E12000008,South East,870,Reading,E06000038,CLA on 31 March,Mid-year moves,Total children,171,100
2024,Reporting year,Local authority,E92000001,England,E12000008,South East,870,Reading,E06000038,CLA on 31 March,Mid-year moves,With one or more mid-year moves during the year,20,12
2024,Reporting year,Local authority,E92000001,England,E12000008,South East,871,Slough,E06000039,CLA 2 years on 31 March,Any moves,Total children,113,100
2024,Reporting year,Local authority,E92000001,England,E12000008,South East,871,Slough,E06000039,CLA 2 years on 31 March,Any moves,With one or more moves during the previous 2 years,26,23
2024,Reporting year,Local authority,E92000001,England,E12000008,South East,871,Slough,E06000039,CLA 2 years on 31 March,Mid-year moves,Total children,113,100
2024,Reporting year,Local authority,E92000001,England,E12000008,South East,871,Slough,E06000039,CLA 2 years on 31 March,Mid-year moves,With one or more mid-year moves during the previous 2 years,18,16
2024,Reporting year,Local authority,E92000001,England,E12000008,South East,871,Slough,E06000039,CLA on 31 March,Any moves,Total children,113,100
2024,Reporting year,Local authority,E92000001,England,E12000008,South East,871,Slough,E06000039,CLA on 31 March,Any moves,With one or more moves during the year,19,17
2024,Reporting year,Local authority,E92000001,England,E12000008,South East,871,Slough,E06000039,CLA on 31 March,Mid-year moves,Total children,113,100
2024,Reporting year,Local authority,E92000001,England,E12000008,South East,871,Slough,E06000039,CLA on 31 March,Mid-year moves,With one or more mid-year moves during the year,15,13
2024,Reporting year,Local authority,E92000001,England,E12000008,South East,868,Windsor and Maidenhead,E06000040,CLA 2 years on 31 March,Any moves,Total children,69,100
2024,Reporting year,Local authority,E92000001,England,E12000008,South East,868,Windsor and Maidenhead,E06000040,CLA 2 years on 31 March,Any moves,With one or more moves during the previous 2 years,13,19
2024,Reporting year,Local authority,E92000001,England,E12000008,South East,868,Windsor and Maidenhead,E06000040,CLA 2 years on 31 March,Mid-year moves,Total children,69,100
2024,Reporting year,Local authority,E92000001,England,E12000008,South East,868,Windsor and Maidenhead,E06000040,CLA 2 years on 31 March,Mid-year moves,With one or more mid-year moves during the previous 2 years,11,16
2024,Reporting year,Local authority,E92000001,England,E12000008,South East,868,Windsor and Maidenhead,E06000040,CLA on 31 March,Any moves,Total children,83,100
2024,Reporting year,Local authority,E92000001,England,E12000008,South East,868,Windsor and Maidenhead,E06000040,CLA on 31 March,Any moves,With one or more moves during the year,9,11
2024,Reporting year,Local authority,E92000001,England,E12000008,South East,868,Windsor and Maidenhead,E06000040,CLA on 31 March,Mid-year moves,Total children,83,100
2024,Reporting year,Local authority,E92000001,England,E12000008,South East,868,Windsor and Maidenhead,E06000040,CLA on 31 March,Mid-year moves,With one or more mid-year moves during the year,7,8
2024,Reporting year,Local authority,E92000001,England,E12000008,South East,872,Wokingham,E06000041,CLA 2 years on 31 March,Any moves,Total children,55,100
2024,Reporting year,Local authority,E92000001,England,E12000008,South East,872,Wokingham,E06000041,CLA 2 years on 31 March,Any moves,With one or more moves during the previous 2 years,12,22
2024,Reporting year,Local authority,E92000001,England,E12000008,South East,872,Wokingham,E06000041,CLA 2 years on 31 March,Mid-year moves,Total children,55,100
2024,Reporting year,Local authority,E92000001,England,E12000008,South East,872,Wokingham,E06000041,CLA 2 years on 31 March,Mid-year moves,With one or more mid-year moves during the previous 2 years,8,15
2024,Reporting year,Local authority,E92000001,England,E12000008,South East,872,Wokingham,E06000041,CLA on 31 March,Any moves,Total children,79,100
2024,Reporting year,Local authority,E92000001,England,E12000008,South East,872,Wokingham,E06000041,CLA on 31 March,Any moves,With one or more moves during the year,9,11
2024,Reporting year,Local authority,E92000001,England,E12000008,South East,872,Wokingham,E06000041,CLA on 31 March,Mid-year moves,Total children,79,100
2024,Reporting year,Local authority,E92000001,England,E12000008,South East,872,Wokingham,E06000041,CLA on 31 March,Mid-year moves,With one or more mid-year moves during the year,7,9
2024,Reporting year,Local authority,E92000001,England,E12000008,South East,826,Milton Keynes,E06000042,CLA 2 years on 31 March,Any moves,Total children,164,100
2024,Reporting year,Local authority,E92000001,England,E12000008,South East,826,Milton Keynes,E06000042,CLA 2 years on 31 March,Any moves,With one or more moves during the previous 2 years,43,26
2024,Reporting year,Local authority,E92000001,England,E12000008,South East,826,Milton Keynes,E06000042,CLA 2 years on 31 March,Mid-year moves,Total children,164,100
2024,Reporting year,Local authority,E92000001,England,E12000008,South East,826,Milton Keynes,E06000042,CLA 2 years on 31 March,Mid-year moves,With one or more mid-year moves during the previous 2 years,35,21
2024,Reporting year,Local authority,E92000001,England,E12000008,South East,826,Milton Keynes,E06000042,CLA on 31 March,Any moves,Total children,243,100
2024,Reporting year,Local authority,E92000001,England,E12000008,South East,826,Milton Keynes,E06000042,CLA on 31 March,Any moves,With one or more moves during the year,39,16
2024,Reporting year,Local authority,E92000001,England,E12000008,South East,826,Milton Keynes,E06000042,CLA on 31 March,Mid-year moves,Total children,243,100
2024,Reporting year,Local authority,E92000001,England,E12000008,South East,826,Milton Keynes,E06000042,CLA on 31 March,Mid-year moves,With one or more mid-year moves during the year,29,12
2024,Reporting year,Local authority,E92000001,England,E12000008,South East,846,Brighton and Hove,E06000043,CLA 2 years on 31 March,Any moves,Total children,189,100
2024,Reporting year,Local authority,E92000001,England,E12000008,South East,846,Brighton and Hove,E06000043,CLA 2 years on 31 March,Any moves,With one or more moves during the previous 2 years,42,22
2024,Reporting year,Local authority,E92000001,England,E12000008,South East,846,Brighton and Hove,E06000043,CLA 2 years on 31 March,Mid-year moves,Total children,189,100
2024,Reporting year,Local authority,E92000001,England,E12000008,South East,846,Brighton and Hove,E06000043,CLA 2 years on 31 March,Mid-year moves,With one or more mid-year moves during the previous 2 years,20,11
2024,Reporting year,Local authority,E92000001,England,E12000008,South East,846,Brighton and Hove,E06000043,CLA on 31 March,Any moves,Total children,211,100
2024,Reporting year,Local authority,E92000001,England,E12000008,South East,846,Brighton and Hove,E06000043,CLA on 31 March,Any moves,With one or more moves during the year,28,13
2024,Reporting year,Local authority,E92000001,England,E12000008,South East,846,Brighton and Hove,E06000043,CLA on 31 March,Mid-year moves,Total children,211,100
2024,Reporting year,Local authority,E92000001,England,E12000008,South East,846,Brighton and Hove,E06000043,CLA on 31 March,Mid-year moves,With one or more mid-year moves during the year,14,7
2024,Reporting year,Local authority,E92000001,England,E12000008,South East,851,Portsmouth,E06000044,CLA 2 years on 31 March,Any moves,Total children,221,100
2024,Reporting year,Local authority,E92000001,England,E12000008,South East,851,Portsmouth,E06000044,CLA 2 years on 31 March,Any moves,With one or more moves during the previous 2 years,39,18
2024,Reporting year,Local authority,E92000001,England,E12000008,South East,851,Portsmouth,E06000044,CLA 2 years on 31 March,Mid-year moves,Total children,221,100
2024,Reporting year,Local authority,E92000001,England,E12000008,South East,851,Portsmouth,E06000044,CLA 2 years on 31 March,Mid-year moves,With one or more mid-year moves during the previous 2 years,25,11
2024,Reporting year,Local authority,E92000001,England,E12000008,South East,851,Portsmouth,E06000044,CLA on 31 March,Any moves,Total children,254,100
2024,Reporting year,Local authority,E92000001,England,E12000008,South East,851,Portsmouth,E06000044,CLA on 31 March,Any moves,With one or more moves during the year,30,12
2024,Reporting year,Local authority,E92000001,England,E12000008,South East,851,Portsmouth,E06000044,CLA on 31 March,Mid-year moves,Total children,254,100
2024,Reporting year,Local authority,E92000001,England,E12000008,South East,851,Portsmouth,E06000044,CLA on 31 March,Mid-year moves,With one or more mid-year moves during the year,20,8
2024,Reporting year,Local authority,E92000001,England,E12000008,South East,852,Southampton,E06000045,CLA 2 years on 31 March,Any moves,Total children,325,100
2024,Reporting year,Local authority,E92000001,England,E12000008,South East,852,Southampton,E06000045,CLA 2 years on 31 March,Any moves,With one or more moves during the previous 2 years,92,28
2024,Reporting year,Local authority,E92000001,England,E12000008,South East,852,Southampton,E06000045,CLA 2 years on 31 March,Mid-year moves,Total children,325,100
2024,Reporting year,Local authority,E92000001,England,E12000008,South East,852,Southampton,E06000045,CLA 2 years on 31 March,Mid-year moves,With one or more mid-year moves during the previous 2 years,72,22
2024,Reporting year,Local authority,E92000001,England,E12000008,South East,852,Southampton,E06000045,CLA on 31 March,Any moves,Total children,357,100
2024,Reporting year,Local authority,E92000001,England,E12000008,South East,852,Southampton,E06000045,CLA on 31 March,Any moves,With one or more moves during the year,63,18
2024,Reporting year,Local authority,E92000001,England,E12000008,South East,852,Southampton,E06000045,CLA on 31 March,Mid-year moves,Total children,357,100
2024,Reporting year,Local authority,E92000001,England,E12000008,South East,852,Southampton,E06000045,CLA on 31 March,Mid-year moves,With one or more mid-year moves during the year,43,12
2024,Reporting year,Local authority,E92000001,England,E12000008,South East,921,Isle of Wight,E06000046,CLA 2 years on 31 March,Any moves,Total children,177,100
2024,Reporting year,Local authority,E92000001,England,E12000008,South East,921,Isle of Wight,E06000046,CLA 2 years on 31 March,Any moves,With one or more moves during the previous 2 years,27,15
2024,Reporting year,Local authority,E92000001,England,E12000008,South East,921,Isle of Wight,E06000046,CLA 2 years on 31 March,Mid-year moves,Total children,177,100
2024,Reporting year,Local authority,E92000001,England,E12000008,South East,921,Isle of Wight,E06000046,CLA 2 years on 31 March,Mid-year moves,With one or more mid-year moves during the previous 2 years,22,12
2024,Reporting year,Local authority,E92000001,England,E12000008,South East,921,Isle of Wight,E06000046,CLA on 31 March,Any moves,Total children,199,100
2024,Reporting year,Local authority,E92000001,England,E12000008,South East,921,Isle of Wight,E06000046,CLA on 31 March,Any moves,With one or more moves during the year,15,8
2024,Reporting year,Local authority,E92000001,England,E12000008,South East,921,Isle of Wight,E06000046,CLA on 31 March,Mid-year moves,Total children,199,100
2024,Reporting year,Local authority,E92000001,England,E12000008,South East,921,Isle of Wight,E06000046,CLA on 31 March,Mid-year moves,With one or more mid-year moves during the year,15,8
2024,Reporting year,Local authority,E92000001,England,E12000008,South East,825,Buckinghamshire,E06000060,CLA 2 years on 31 March,Any moves,Total children,238,100
2024,Reporting year,Local authority,E92000001,England,E12000008,South East,825,Buckinghamshire,E06000060,CLA 2 years on 31 March,Any moves,With one or more moves during the previous 2 years,49,21
2024,Reporting year,Local authority,E92000001,England,E12000008,South East,825,Buckinghamshire,E06000060,CLA 2 years on 31 March,Mid-year moves,Total children,238,100
2024,Reporting year,Local authority,E92000001,England,E12000008,South East,825,Buckinghamshire,E06000060,CLA 2 years on 31 March,Mid-year moves,With one or more mid-year moves during the previous 2 years,35,15
2024,Reporting year,Local authority,E92000001,England,E12000008,South East,825,Buckinghamshire,E06000060,CLA on 31 March,Any moves,Total children,309,100
2024,Reporting year,Local authority,E92000001,England,E12000008,South East,825,Buckinghamshire,E06000060,CLA on 31 March,Any moves,With one or more moves during the year,54,17
2024,Reporting year,Local authority,E92000001,England,E12000008,South East,825,Buckinghamshire,E06000060,CLA on 31 March,Mid-year moves,Total children,309,100
2024,Reporting year,Local authority,E92000001,England,E12000008,South East,825,Buckinghamshire,E06000060,CLA on 31 March,Mid-year moves,With one or more mid-year moves during the year,41,13
2024,Reporting year,Local authority,E92000001,England,E12000008,South East,845,East Sussex,E10000011,CLA 2 years on 31 March,Any moves,Total children,367,100
2024,Reporting year,Local authority,E92000001,England,E12000008,South East,845,East Sussex,E10000011,CLA 2 years on 31 March,Any moves,With one or more moves during the previous 2 years,68,19
2024,Reporting year,Local authority,E92000001,England,E12000008,South East,845,East Sussex,E10000011,CLA 2 years on 31 March,Mid-year moves,Total children,367,100
2024,Reporting year,Local authority,E92000001,England,E12000008,South East,845,East Sussex,E10000011,CLA 2 years on 31 March,Mid-year moves,With one or more mid-year moves during the previous 2 years,57,16
2024,Reporting year,Local authority,E92000001,England,E12000008,South East,845,East Sussex,E10000011,CLA on 31 March,Any moves,Total children,412,100
2024,Reporting year,Local authority,E92000001,England,E12000008,South East,845,East Sussex,E10000011,CLA on 31 March,Any moves,With one or more moves during the year,53,13
2024,Reporting year,Local authority,E92000001,England,E12000008,South East,845,East Sussex,E10000011,CLA on 31 March,Mid-year moves,Total children,412,100
2024,Reporting year,Local authority,E92000001,England,E12000008,South East,845,East Sussex,E10000011,CLA on 31 March,Mid-year moves,With one or more mid-year moves during the year,40,10
2024,Reporting year,Local authority,E92000001,England,E12000008,South East,850,Hampshire,E10000014,CLA 2 years on 31 March,Any moves,Total children,1054,100
2024,Reporting year,Local authority,E92000001,England,E12000008,South East,850,Hampshire,E10000014,CLA 2 years on 31 March,Any moves,With one or more moves during the previous 2 years,215,20
2024,Reporting year,Local authority,E92000001,England,E12000008,South East,850,Hampshire,E10000014,CLA 2 years on 31 March,Mid-year moves,Total children,1054,100
2024,Reporting year,Local authority,E92000001,England,E12000008,South East,850,Hampshire,E10000014,CLA 2 years on 31 March,Mid-year moves,With one or more mid-year moves during the previous 2 years,160,15
2024,Reporting year,Local authority,E92000001,England,E12000008,South East,850,Hampshire,E10000014,CLA on 31 March,Any moves,Total children,1222,100
2024,Reporting year,Local authority,E92000001,England,E12000008,South East,850,Hampshire,E10000014,CLA on 31 March,Any moves,With one or more moves during the year,144,12
2024,Reporting year,Local authority,E92000001,England,E12000008,South East,850,Hampshire,E10000014,CLA on 31 March,Mid-year moves,Total children,1222,100
2024,Reporting year,Local authority,E92000001,England,E12000008,South East,850,Hampshire,E10000014,CLA on 31 March,Mid-year moves,With one or more mid-year moves during the year,94,8
2024,Reporting year,Local authority,E92000001,England,E12000008,South East,886,Kent,E10000016,CLA 2 years on 31 March,Any moves,Total children,899,100
2024,Reporting year,Local authority,E92000001,England,E12000008,South East,886,Kent,E10000016,CLA 2 years on 31 March,Any moves,With one or more moves during the previous 2 years,139,15
2024,Reporting year,Local authority,E92000001,England,E12000008,South East,886,Kent,E10000016,CLA 2 years on 31 March,Mid-year moves,Total children,899,100
2024,Reporting year,Local authority,E92000001,England,E12000008,South East,886,Kent,E10000016,CLA 2 years on 31 March,Mid-year moves,With one or more mid-year moves during the previous 2 years,106,12
2024,Reporting year,Local authority,E92000001,England,E12000008,South East,886,Kent,E10000016,CLA on 31 March,Any moves,Total children,1075,100
2024,Reporting year,Local authority,E92000001,England,E12000008,South East,886,Kent,E10000016,CLA on 31 March,Any moves,With one or more moves during the year,110,10
2024,Reporting year,Local authority,E92000001,England,E12000008,South East,886,Kent,E10000016,CLA on 31 March,Mid-year moves,Total children,1075,100
2024,Reporting year,Local authority,E92000001,England,E12000008,South East,886,Kent,E10000016,CLA on 31 March,Mid-year moves,With one or more mid-year moves during the year,84,8
2024,Reporting year,Local authority,E92000001,England,E12000008,South East,931,Oxfordshire,E10000025,CLA 2 years on 31 March,Any moves,Total children,443,100
2024,Reporting year,Local authority,E92000001,England,E12000008,South East,931,Oxfordshire,E10000025,CLA 2 years on 31 March,Any moves,With one or more moves during the previous 2 years,122,28
2024,Reporting year,Local authority,E92000001,England,E12000008,South East,931,Oxfordshire,E10000025,CLA 2 years on 31 March,Mid-year moves,Total children,443,100
2024,Reporting year,Local authority,E92000001,England,E12000008,South East,931,Oxfordshire,E10000025,CLA 2 years on 31 March,Mid-year moves,With one or more mid-year moves during the previous 2 years,89,20
2024,Reporting year,Local authority,E92000001,England,E12000008,South East,931,Oxfordshire,E10000025,CLA on 31 March,Any moves,Total children,477,100
2024,Reporting year,Local authority,E92000001,England,E12000008,South East,931,Oxfordshire,E10000025,CLA on 31 March,Any moves,With one or more moves during the year,77,16
2024,Reporting year,Local authority,E92000001,England,E12000008,South East,931,Oxfordshire,E10000025,CLA on 31 March,Mid-year moves,Total children,477,100
2024,Reporting year,Local authority,E92000001,England,E12000008,South East,931,Oxfordshire,E10000025,CLA on 31 March,Mid-year moves,With one or more mid-year moves during the year,62,13
2024,Reporting year,Local authority,E92000001,England,E12000008,South East,936,Surrey,E10000030,CLA 2 years on 31 March,Any moves,Total children,528,100
2024,Reporting year,Local authority,E92000001,England,E12000008,South East,936,Surrey,E10000030,CLA 2 years on 31 March,Any moves,With one or more moves during the previous 2 years,139,26
2024,Reporting year,Local authority,E92000001,England,E12000008,South East,936,Surrey,E10000030,CLA 2 years on 31 March,Mid-year moves,Total children,528,100
2024,Reporting year,Local authority,E92000001,England,E12000008,South East,936,Surrey,E10000030,CLA 2 years on 31 March,Mid-year moves,With one or more mid-year moves during the previous 2 years,102,19
2024,Reporting year,Local authority,E92000001,England,E12000008,South East,936,Surrey,E10000030,CLA on 31 March,Any moves,Total children,585,100
2024,Reporting year,Local authority,E92000001,England,E12000008,South East,936,Surrey,E10000030,CLA on 31 March,Any moves,With one or more moves during the year,97,17
2024,Reporting year,Local authority,E92000001,England,E12000008,South East,936,Surrey,E10000030,CLA on 31 March,Mid-year moves,Total children,585,100
2024,Reporting year,Local authority,E92000001,England,E12000008,South East,936,Surrey,E10000030,CLA on 31 March,Mid-year moves,With one or more mid-year moves during the year,64,11
2024,Reporting year,Local authority,E92000001,England,E12000008,South East,938,West Sussex,E10000032,CLA 2 years on 31 March,Any moves,Total children,455,100
2024,Reporting year,Local authority,E92000001,England,E12000008,South East,938,West Sussex,E10000032,CLA 2 years on 31 March,Any moves,With one or more moves during the previous 2 years,117,26
2024,Reporting year,Local authority,E92000001,England,E12000008,South East,938,West Sussex,E10000032,CLA 2 years on 31 March,Mid-year moves,Total children,455,100
2024,Reporting year,Local authority,E92000001,England,E12000008,South East,938,West Sussex,E10000032,CLA 2 years on 31 March,Mid-year moves,With one or more mid-year moves during the previous 2 years,93,20
2024,Reporting year,Local authority,E92000001,England,E12000008,South East,938,West Sussex,E10000032,CLA on 31 March,Any moves,Total children,552,100
2024,Reporting year,Local authority,E92000001,England,E12000008,South East,938,West Sussex,E10000032,CLA on 31 March,Any moves,With one or more moves during the year,78,14
2024,Reporting year,Local authority,E92000001,England,E12000008,South East,938,West Sussex,E10000032,CLA on 31 March,Mid-year moves,Total children,552,100
2024,Reporting year,Local authority,E92000001,England,E12000008,South East,938,West Sussex,E10000032,CLA on 31 March,Mid-year moves,With one or more mid-year moves during the year,53,10
2024,Reporting year,Local authority,E92000001,England,E12000009,South West,800,Bath and North East Somerset,E06000022,CLA 2 years on 31 March,Any moves,Total children,120,100
2024,Reporting year,Local authority,E92000001,England,E12000009,South West,800,Bath and North East Somerset,E06000022,CLA 2 years on 31 March,Any moves,With one or more moves during the previous 2 years,30,25
2024,Reporting year,Local authority,E92000001,England,E12000009,South West,800,Bath and North East Somerset,E06000022,CLA 2 years on 31 March,Mid-year moves,Total children,120,100
2024,Reporting year,Local authority,E92000001,England,E12000009,South West,800,Bath and North East Somerset,E06000022,CLA 2 years on 31 March,Mid-year moves,With one or more mid-year moves during the previous 2 years,23,19
2024,Reporting year,Local authority,E92000001,England,E12000009,South West,800,Bath and North East Somerset,E06000022,CLA on 31 March,Any moves,Total children,139,100
2024,Reporting year,Local authority,E92000001,England,E12000009,South West,800,Bath and North East Somerset,E06000022,CLA on 31 March,Any moves,With one or more moves during the year,17,12
2024,Reporting year,Local authority,E92000001,England,E12000009,South West,800,Bath and North East Somerset,E06000022,CLA on 31 March,Mid-year moves,Total children,139,100
2024,Reporting year,Local authority,E92000001,England,E12000009,South West,800,Bath and North East Somerset,E06000022,CLA on 31 March,Mid-year moves,With one or more mid-year moves during the year,11,8
2024,Reporting year,Local authority,E92000001,England,E12000009,South West,801,"Bristol, City of",E06000023,CLA 2 years on 31 March,Any moves,Total children,417,100
2024,Reporting year,Local authority,E92000001,England,E12000009,South West,801,"Bristol, City of",E06000023,CLA 2 years on 31 March,Any moves,With one or more moves during the previous 2 years,100,24
2024,Reporting year,Local authority,E92000001,England,E12000009,South West,801,"Bristol, City of",E06000023,CLA 2 years on 31 March,Mid-year moves,Total children,417,100
2024,Reporting year,Local authority,E92000001,England,E12000009,South West,801,"Bristol, City of",E06000023,CLA 2 years on 31 March,Mid-year moves,With one or more mid-year moves during the previous 2 years,74,18
2024,Reporting year,Local authority,E92000001,England,E12000009,South West,801,"Bristol, City of",E06000023,CLA on 31 March,Any moves,Total children,478,100
2024,Reporting year,Local authority,E92000001,England,E12000009,South West,801,"Bristol, City of",E06000023,CLA on 31 March,Any moves,With one or more moves during the year,66,14
2024,Reporting year,Local authority,E92000001,England,E12000009,South West,801,"Bristol, City of",E06000023,CLA on 31 March,Mid-year moves,Total children,478,100
2024,Reporting year,Local authority,E92000001,England,E12000009,South West,801,"Bristol, City of",E06000023,CLA on 31 March,Mid-year moves,With one or more mid-year moves during the year,51,11
2024,Reporting year,Local authority,E92000001,England,E12000009,South West,802,North Somerset,E06000024,CLA 2 years on 31 March,Any moves,Total children,121,100
2024,Reporting year,Local authority,E92000001,England,E12000009,South West,802,North Somerset,E06000024,CLA 2 years on 31 March,Any moves,With one or more moves during the previous 2 years,31,26
2024,Reporting year,Local authority,E92000001,England,E12000009,South West,802,North Somerset,E06000024,CLA 2 years on 31 March,Mid-year moves,Total children,121,100
2024,Reporting year,Local authority,E92000001,England,E12000009,South West,802,North Somerset,E06000024,CLA 2 years on 31 March,Mid-year moves,With one or more mid-year moves during the previous 2 years,22,18
2024,Reporting year,Local authority,E92000001,England,E12000009,South West,802,North Somerset,E06000024,CLA on 31 March,Any moves,Total children,164,100
2024,Reporting year,Local authority,E92000001,England,E12000009,South West,802,North Somerset,E06000024,CLA on 31 March,Any moves,With one or more moves during the year,29,18
2024,Reporting year,Local authority,E92000001,England,E12000009,South West,802,North Somerset,E06000024,CLA on 31 March,Mid-year moves,Total children,164,100
2024,Reporting year,Local authority,E92000001,England,E12000009,South West,802,North Somerset,E06000024,CLA on 31 March,Mid-year moves,With one or more mid-year moves during the year,19,12
2024,Reporting year,Local authority,E92000001,England,E12000009,South West,803,South Gloucestershire,E06000025,CLA 2 years on 31 March,Any moves,Total children,106,100
2024,Reporting year,Local authority,E92000001,England,E12000009,South West,803,South Gloucestershire,E06000025,CLA 2 years on 31 March,Any moves,With one or more moves during the previous 2 years,22,21
2024,Reporting year,Local authority,E92000001,England,E12000009,South West,803,South Gloucestershire,E06000025,CLA 2 years on 31 March,Mid-year moves,Total children,106,100
2024,Reporting year,Local authority,E92000001,England,E12000009,South West,803,South Gloucestershire,E06000025,CLA 2 years on 31 March,Mid-year moves,With one or more mid-year moves during the previous 2 years,15,14
2024,Reporting year,Local authority,E92000001,England,E12000009,South West,803,South Gloucestershire,E06000025,CLA on 31 March,Any moves,Total children,123,100
2024,Reporting year,Local authority,E92000001,England,E12000009,South West,803,South Gloucestershire,E06000025,CLA on 31 March,Any moves,With one or more moves during the year,17,14
2024,Reporting year,Local authority,E92000001,England,E12000009,South West,803,South Gloucestershire,E06000025,CLA on 31 March,Mid-year moves,Total children,123,100
2024,Reporting year,Local authority,E92000001,England,E12000009,South West,803,South Gloucestershire,E06000025,CLA on 31 March,Mid-year moves,With one or more mid-year moves during the year,11,9
2024,Reporting year,Local authority,E92000001,England,E12000009,South West,879,Plymouth,E06000026,CLA 2 years on 31 March,Any moves,Total children,318,100
2024,Reporting year,Local authority,E92000001,England,E12000009,South West,879,Plymouth,E06000026,CLA 2 years on 31 March,Any moves,With one or more moves during the previous 2 years,54,17
2024,Reporting year,Local authority,E92000001,England,E12000009,South West,879,Plymouth,E06000026,CLA 2 years on 31 March,Mid-year moves,Total children,318,100
2024,Reporting year,Local authority,E92000001,England,E12000009,South West,879,Plymouth,E06000026,CLA 2 years on 31 March,Mid-year moves,With one or more mid-year moves during the previous 2 years,41,13
2024,Reporting year,Local authority,E92000001,England,E12000009,South West,879,Plymouth,E06000026,CLA on 31 March,Any moves,Total children,373,100
2024,Reporting year,Local authority,E92000001,England,E12000009,South West,879,Plymouth,E06000026,CLA on 31 March,Any moves,With one or more moves during the year,31,8
2024,Reporting year,Local authority,E92000001,England,E12000009,South West,879,Plymouth,E06000026,CLA on 31 March,Mid-year moves,Total children,373,100
2024,Reporting year,Local authority,E92000001,England,E12000009,South West,879,Plymouth,E06000026,CLA on 31 March,Mid-year moves,With one or more mid-year moves during the year,22,6
2024,Reporting year,Local authority,E92000001,England,E12000009,South West,880,Torbay,E06000027,CLA 2 years on 31 March,Any moves,Total children,179,100
2024,Reporting year,Local authority,E92000001,England,E12000009,South West,880,Torbay,E06000027,CLA 2 years on 31 March,Any moves,With one or more moves during the previous 2 years,34,19
2024,Reporting year,Local authority,E92000001,England,E12000009,South West,880,Torbay,E06000027,CLA 2 years on 31 March,Mid-year moves,Total children,179,100
2024,Reporting year,Local authority,E92000001,England,E12000009,South West,880,Torbay,E06000027,CLA 2 years on 31 March,Mid-year moves,With one or more mid-year moves during the previous 2 years,26,15
2024,Reporting year,Local authority,E92000001,England,E12000009,South West,880,Torbay,E06000027,CLA on 31 March,Any moves,Total children,193,100
2024,Reporting year,Local authority,E92000001,England,E12000009,South West,880,Torbay,E06000027,CLA on 31 March,Any moves,With one or more moves during the year,20,10
2024,Reporting year,Local authority,E92000001,England,E12000009,South West,880,Torbay,E06000027,CLA on 31 March,Mid-year moves,Total children,193,100
2024,Reporting year,Local authority,E92000001,England,E12000009,South West,880,Torbay,E06000027,CLA on 31 March,Mid-year moves,With one or more mid-year moves during the year,14,7
2024,Reporting year,Local authority,E92000001,England,E12000009,South West,866,Swindon,E06000030,CLA 2 years on 31 March,Any moves,Total children,194,100
2024,Reporting year,Local authority,E92000001,England,E12000009,South West,866,Swindon,E06000030,CLA 2 years on 31 March,Any moves,With one or more moves during the previous 2 years,56,29
2024,Reporting year,Local authority,E92000001,England,E12000009,South West,866,Swindon,E06000030,CLA 2 years on 31 March,Mid-year moves,Total children,194,100
2024,Reporting year,Local authority,E92000001,England,E12000009,South West,866,Swindon,E06000030,CLA 2 years on 31 March,Mid-year moves,With one or more mid-year moves during the previous 2 years,38,20
2024,Reporting year,Local authority,E92000001,England,E12000009,South West,866,Swindon,E06000030,CLA on 31 March,Any moves,Total children,220,100
2024,Reporting year,Local authority,E92000001,England,E12000009,South West,866,Swindon,E06000030,CLA on 31 March,Any moves,With one or more moves during the year,32,15
2024,Reporting year,Local authority,E92000001,England,E12000009,South West,866,Swindon,E06000030,CLA on 31 March,Mid-year moves,Total children,220,100
2024,Reporting year,Local authority,E92000001,England,E12000009,South West,866,Swindon,E06000030,CLA on 31 March,Mid-year moves,With one or more mid-year moves during the year,26,12
2024,Reporting year,Local authority,E92000001,England,E12000009,South West,908,Cornwall,E06000052,CLA 2 years on 31 March,Any moves,Total children,320,100
2024,Reporting year,Local authority,E92000001,England,E12000009,South West,908,Cornwall,E06000052,CLA 2 years on 31 March,Any moves,With one or more moves during the previous 2 years,97,30
2024,Reporting year,Local authority,E92000001,England,E12000009,South West,908,Cornwall,E06000052,CLA 2 years on 31 March,Mid-year moves,Total children,320,100
2024,Reporting year,Local authority,E92000001,England,E12000009,South West,908,Cornwall,E06000052,CLA 2 years on 31 March,Mid-year moves,With one or more mid-year moves during the previous 2 years,71,22
2024,Reporting year,Local authority,E92000001,England,E12000009,South West,908,Cornwall,E06000052,CLA on 31 March,Any moves,Total children,383,100
2024,Reporting year,Local authority,E92000001,England,E12000009,South West,908,Cornwall,E06000052,CLA on 31 March,Any moves,With one or more moves during the year,54,14
2024,Reporting year,Local authority,E92000001,England,E12000009,South West,908,Cornwall,E06000052,CLA on 31 March,Mid-year moves,Total children,383,100
2024,Reporting year,Local authority,E92000001,England,E12000009,South West,908,Cornwall,E06000052,CLA on 31 March,Mid-year moves,With one or more mid-year moves during the year,41,11
2024,Reporting year,Local authority,E92000001,England,E12000009,South West,420,Isles of Scilly,E06000053,CLA 2 years on 31 March,Any moves,Total children,0,z
2024,Reporting year,Local authority,E92000001,England,E12000009,South West,420,Isles of Scilly,E06000053,CLA 2 years on 31 March,Any moves,With one or more moves during the previous 2 years,z,z
2024,Reporting year,Local authority,E92000001,England,E12000009,South West,420,Isles of Scilly,E06000053,CLA 2 years on 31 March,Mid-year moves,Total children,0,z
2024,Reporting year,Local authority,E92000001,England,E12000009,South West,420,Isles of Scilly,E06000053,CLA 2 years on 31 March,Mid-year moves,With one or more mid-year moves during the previous 2 years,z,z
2024,Reporting year,Local authority,E92000001,England,E12000009,South West,420,Isles of Scilly,E06000053,CLA on 31 March,Any moves,Total children,0,z
2024,Reporting year,Local authority,E92000001,England,E12000009,South West,420,Isles of Scilly,E06000053,CLA on 31 March,Any moves,With one or more moves during the year,z,z
2024,Reporting year,Local authority,E92000001,England,E12000009,South West,420,Isles of Scilly,E06000053,CLA on 31 March,Mid-year moves,Total children,0,z
2024,Reporting year,Local authority,E92000001,England,E12000009,South West,420,Isles of Scilly,E06000053,CLA on 31 March,Mid-year moves,With one or more mid-year moves during the year,z,z
2024,Reporting year,Local authority,E92000001,England,E12000009,South West,865,Wiltshire,E06000054,CLA 2 years on 31 March,Any moves,Total children,268,100
2024,Reporting year,Local authority,E92000001,England,E12000009,South West,865,Wiltshire,E06000054,CLA 2 years on 31 March,Any moves,With one or more moves during the previous 2 years,48,18
2024,Reporting year,Local authority,E92000001,England,E12000009,South West,865,Wiltshire,E06000054,CLA 2 years on 31 March,Mid-year moves,Total children,268,100
2024,Reporting year,Local authority,E92000001,England,E12000009,South West,865,Wiltshire,E06000054,CLA 2 years on 31 March,Mid-year moves,With one or more mid-year moves during the previous 2 years,30,11
2024,Reporting year,Local authority,E92000001,England,E12000009,South West,865,Wiltshire,E06000054,CLA on 31 March,Any moves,Total children,307,100
2024,Reporting year,Local authority,E92000001,England,E12000009,South West,865,Wiltshire,E06000054,CLA on 31 March,Any moves,With one or more moves during the year,38,12
2024,Reporting year,Local authority,E92000001,England,E12000009,South West,865,Wiltshire,E06000054,CLA on 31 March,Mid-year moves,Total children,307,100
2024,Reporting year,Local authority,E92000001,England,E12000009,South West,865,Wiltshire,E06000054,CLA on 31 March,Mid-year moves,With one or more mid-year moves during the year,27,9
2024,Reporting year,Local authority,E92000001,England,E12000009,South West,839,"Bournemouth, Christchurch and Poole",E06000058,CLA 2 years on 31 March,Any moves,Total children,294,100
2024,Reporting year,Local authority,E92000001,England,E12000009,South West,839,"Bournemouth, Christchurch and Poole",E06000058,CLA 2 years on 31 March,Any moves,With one or more moves during the previous 2 years,73,25
2024,Reporting year,Local authority,E92000001,England,E12000009,South West,839,"Bournemouth, Christchurch and Poole",E06000058,CLA 2 years on 31 March,Mid-year moves,Total children,294,100
2024,Reporting year,Local authority,E92000001,England,E12000009,South West,839,"Bournemouth, Christchurch and Poole",E06000058,CLA 2 years on 31 March,Mid-year moves,With one or more mid-year moves during the previous 2 years,54,18
2024,Reporting year,Local authority,E92000001,England,E12000009,South West,839,"Bournemouth, Christchurch and Poole",E06000058,CLA on 31 March,Any moves,Total children,350,100
2024,Reporting year,Local authority,E92000001,England,E12000009,South West,839,"Bournemouth, Christchurch and Poole",E06000058,CLA on 31 March,Any moves,With one or more moves during the year,56,16
2024,Reporting year,Local authority,E92000001,England,E12000009,South West,839,"Bournemouth, Christchurch and Poole",E06000058,CLA on 31 March,Mid-year moves,Total children,350,100
2024,Reporting year,Local authority,E92000001,England,E12000009,South West,839,"Bournemouth, Christchurch and Poole",E06000058,CLA on 31 March,Mid-year moves,With one or more mid-year moves during the year,43,12
2024,Reporting year,Local authority,E92000001,England,E12000009,South West,838,Dorset,E06000059,CLA 2 years on 31 March,Any moves,Total children,246,100
2024,Reporting year,Local authority,E92000001,England,E12000009,South West,838,Dorset,E06000059,CLA 2 years on 31 March,Any moves,With one or more moves during the previous 2 years,56,23
2024,Reporting year,Local authority,E92000001,England,E12000009,South West,838,Dorset,E06000059,CLA 2 years on 31 March,Mid-year moves,Total children,246,100
2024,Reporting year,Local authority,E92000001,England,E12000009,South West,838,Dorset,E06000059,CLA 2 years on 31 March,Mid-year moves,With one or more mid-year moves during the previous 2 years,41,17
2024,Reporting year,Local authority,E92000001,England,E12000009,South West,838,Dorset,E06000059,CLA on 31 March,Any moves,Total children,277,100
2024,Reporting year,Local authority,E92000001,England,E12000009,South West,838,Dorset,E06000059,CLA on 31 March,Any moves,With one or more moves during the year,44,16
2024,Reporting year,Local authority,E92000001,England,E12000009,South West,838,Dorset,E06000059,CLA on 31 March,Mid-year moves,Total children,277,100
2024,Reporting year,Local authority,E92000001,England,E12000009,South West,838,Dorset,E06000059,CLA on 31 March,Mid-year moves,With one or more mid-year moves during the year,28,10
2024,Reporting year,Local authority,E92000001,England,E12000009,South West,933,Somerset,E06000066,CLA 2 years on 31 March,Any moves,Total children,274,100
2024,Reporting year,Local authority,E92000001,England,E12000009,South West,933,Somerset,E06000066,CLA 2 years on 31 March,Any moves,With one or more moves during the previous 2 years,62,23
2024,Reporting year,Local authority,E92000001,England,E12000009,South West,933,Somerset,E06000066,CLA 2 years on 31 March,Mid-year moves,Total children,274,100
2024,Reporting year,Local authority,E92000001,England,E12000009,South West,933,Somerset,E06000066,CLA 2 years on 31 March,Mid-year moves,With one or more mid-year moves during the previous 2 years,43,16
2024,Reporting year,Local authority,E92000001,England,E12000009,South West,933,Somerset,E06000066,CLA on 31 March,Any moves,Total children,335,100
2024,Reporting year,Local authority,E92000001,England,E12000009,South West,933,Somerset,E06000066,CLA on 31 March,Any moves,With one or more moves during the year,46,14
2024,Reporting year,Local authority,E92000001,England,E12000009,South West,933,Somerset,E06000066,CLA on 31 March,Mid-year moves,Total children,335,100
2024,Reporting year,Local authority,E92000001,England,E12000009,South West,933,Somerset,E06000066,CLA on 31 March,Mid-year moves,With one or more mid-year moves during the year,34,10
2024,Reporting year,Local authority,E92000001,England,E12000009,South West,878,Devon,E10000008,CLA 2 years on 31 March,Any moves,Total children,460,100
2024,Reporting year,Local authority,E92000001,England,E12000009,South West,878,Devon,E10000008,CLA 2 years on 31 March,Any moves,With one or more moves during the previous 2 years,126,27
2024,Reporting year,Local authority,E92000001,England,E12000009,South West,878,Devon,E10000008,CLA 2 years on 31 March,Mid-year moves,Total children,460,100
2024,Reporting year,Local authority,E92000001,England,E12000009,South West,878,Devon,E10000008,CLA 2 years on 31 March,Mid-year moves,With one or more mid-year moves during the previous 2 years,91,20
2024,Reporting year,Local authority,E92000001,England,E12000009,South West,878,Devon,E10000008,CLA on 31 March,Any moves,Total children,534,100
2024,Reporting year,Local authority,E92000001,England,E12000009,South West,878,Devon,E10000008,CLA on 31 March,Any moves,With one or more moves during the year,87,16
2024,Reporting year,Local authority,E92000001,England,E12000009,South West,878,Devon,E10000008,CLA on 31 March,Mid-year moves,Total children,534,100
2024,Reporting year,Local authority,E92000001,England,E12000009,South West,878,Devon,E10000008,CLA on 31 March,Mid-year moves,With one or more mid-year moves during the year,57,11
2024,Reporting year,Local authority,E92000001,England,E12000009,South West,916,Gloucestershire,E10000013,CLA 2 years on 31 March,Any moves,Total children,461,100
2024,Reporting year,Local authority,E92000001,England,E12000009,South West,916,Gloucestershire,E10000013,CLA 2 years on 31 March,Any moves,With one or more moves during the previous 2 years,130,28
2024,Reporting year,Local authority,E92000001,England,E12000009,South West,916,Gloucestershire,E10000013,CLA 2 years on 31 March,Mid-year moves,Total children,461,100
2024,Reporting year,Local authority,E92000001,England,E12000009,South West,916,Gloucestershire,E10000013,CLA 2 years on 31 March,Mid-year moves,With one or more mid-year moves during the previous 2 years,96,21
2024,Reporting year,Local authority,E92000001,England,E12000009,South West,916,Gloucestershire,E10000013,CLA on 31 March,Any moves,Total children,507,100
2024,Reporting year,Local authority,E92000001,England,E12000009,South West,916,Gloucestershire,E10000013,CLA on 31 March,Any moves,With one or more moves during the year,83,16
2024,Reporting year,Local authority,E92000001,England,E12000009,South West,916,Gloucestershire,E10000013,CLA on 31 March,Mid-year moves,Total children,507,100
2024,Reporting year,Local authority,E92000001,England,E12000009,South West,916,Gloucestershire,E10000013,CLA on 31 March,Mid-year moves,With one or more mid-year moves during the year,54,11
2024,Reporting year,Local authority,E92000001,England,E13000001,Inner London,201,City of London,E09000001,CLA 2 years on 31 March,Any moves,Total children,0,z
2024,Reporting year,Local authority,E92000001,England,E13000001,Inner London,201,City of London,E09000001,CLA 2 years on 31 March,Any moves,With one or more moves during the previous 2 years,z,z
2024,Reporting year,Local authority,E92000001,England,E13000001,Inner London,201,City of London,E09000001,CLA 2 years on 31 March,Mid-year moves,Total children,0,z
2024,Reporting year,Local authority,E92000001,England,E13000001,Inner London,201,City of London,E09000001,CLA 2 years on 31 March,Mid-year moves,With one or more mid-year moves during the previous 2 years,z,z
2024,Reporting year,Local authority,E92000001,England,E13000001,Inner London,201,City of London,E09000001,CLA on 31 March,Any moves,Total children,c,c
2024,Reporting year,Local authority,E92000001,England,E13000001,Inner London,201,City of London,E09000001,CLA on 31 March,Any moves,With one or more moves during the year,0,0
2024,Reporting year,Local authority,E92000001,England,E13000001,Inner London,201,City of London,E09000001,CLA on 31 March,Mid-year moves,Total children,c,c
2024,Reporting year,Local authority,E92000001,England,E13000001,Inner London,201,City of London,E09000001,CLA on 31 March,Mid-year moves,With one or more mid-year moves during the year,0,0
2024,Reporting year,Local authority,E92000001,England,E13000001,Inner London,202,Camden,E09000007,CLA 2 years on 31 March,Any moves,Total children,64,100
2024,Reporting year,Local authority,E92000001,England,E13000001,Inner London,202,Camden,E09000007,CLA 2 years on 31 March,Any moves,With one or more moves during the previous 2 years,14,22
2024,Reporting year,Local authority,E92000001,England,E13000001,Inner London,202,Camden,E09000007,CLA 2 years on 31 March,Mid-year moves,Total children,64,100
2024,Reporting year,Local authority,E92000001,England,E13000001,Inner London,202,Camden,E09000007,CLA 2 years on 31 March,Mid-year moves,With one or more mid-year moves during the previous 2 years,10,16
2024,Reporting year,Local authority,E92000001,England,E13000001,Inner London,202,Camden,E09000007,CLA on 31 March,Any moves,Total children,106,100
2024,Reporting year,Local authority,E92000001,England,E13000001,Inner London,202,Camden,E09000007,CLA on 31 March,Any moves,With one or more moves during the year,9,8
2024,Reporting year,Local authority,E92000001,England,E13000001,Inner London,202,Camden,E09000007,CLA on 31 March,Mid-year moves,Total children,106,100
2024,Reporting year,Local authority,E92000001,England,E13000001,Inner London,202,Camden,E09000007,CLA on 31 March,Mid-year moves,With one or more mid-year moves during the year,6,6
2024,Reporting year,Local authority,E92000001,England,E13000001,Inner London,204,Hackney,E09000012,CLA 2 years on 31 March,Any moves,Total children,202,100
2024,Reporting year,Local authority,E92000001,England,E13000001,Inner London,204,Hackney,E09000012,CLA 2 years on 31 March,Any moves,With one or more moves during the previous 2 years,43,21
2024,Reporting year,Local authority,E92000001,England,E13000001,Inner London,204,Hackney,E09000012,CLA 2 years on 31 March,Mid-year moves,Total children,202,100
2024,Reporting year,Local authority,E92000001,England,E13000001,Inner London,204,Hackney,E09000012,CLA 2 years on 31 March,Mid-year moves,With one or more mid-year moves during the previous 2 years,32,16
2024,Reporting year,Local authority,E92000001,England,E13000001,Inner London,204,Hackney,E09000012,CLA on 31 March,Any moves,Total children,239,100
2024,Reporting year,Local authority,E92000001,England,E13000001,Inner London,204,Hackney,E09000012,CLA on 31 March,Any moves,With one or more moves during the year,32,13
2024,Reporting year,Local authority,E92000001,England,E13000001,Inner London,204,Hackney,E09000012,CLA on 31 March,Mid-year moves,Total children,239,100
2024,Reporting year,Local authority,E92000001,England,E13000001,Inner London,204,Hackney,E09000012,CLA on 31 March,Mid-year moves,With one or more mid-year moves during the year,21,9
2024,Reporting year,Local authority,E92000001,England,E13000001,Inner London,205,Hammersmith and Fulham,E09000013,CLA 2 years on 31 March,Any moves,Total children,100,100
2024,Reporting year,Local authority,E92000001,England,E13000001,Inner London,205,Hammersmith and Fulham,E09000013,CLA 2 years on 31 March,Any moves,With one or more moves during the previous 2 years,24,24
2024,Reporting year,Local authority,E92000001,England,E13000001,Inner London,205,Hammersmith and Fulham,E09000013,CLA 2 years on 31 March,Mid-year moves,Total children,100,100
2024,Reporting year,Local authority,E92000001,England,E13000001,Inner London,205,Hammersmith and Fulham,E09000013,CLA 2 years on 31 March,Mid-year moves,With one or more mid-year moves during the previous 2 years,19,19
2024,Reporting year,Local authority,E92000001,England,E13000001,Inner London,205,Hammersmith and Fulham,E09000013,CLA on 31 March,Any moves,Total children,113,100
2024,Reporting year,Local authority,E92000001,England,E13000001,Inner London,205,Hammersmith and Fulham,E09000013,CLA on 31 March,Any moves,With one or more moves during the year,13,12
2024,Reporting year,Local authority,E92000001,England,E13000001,Inner London,205,Hammersmith and Fulham,E09000013,CLA on 31 March,Mid-year moves,Total children,113,100
2024,Reporting year,Local authority,E92000001,England,E13000001,Inner London,205,Hammersmith and Fulham,E09000013,CLA on 31 March,Mid-year moves,With one or more mid-year moves during the year,7,6
2024,Reporting year,Local authority,E92000001,England,E13000001,Inner London,309,Haringey,E09000014,CLA 2 years on 31 March,Any moves,Total children,189,100
2024,Reporting year,Local authority,E92000001,England,E13000001,Inner London,309,Haringey,E09000014,CLA 2 years on 31 March,Any moves,With one or more moves during the previous 2 years,34,18
2024,Reporting year,Local authority,E92000001,England,E13000001,Inner London,309,Haringey,E09000014,CLA 2 years on 31 March,Mid-year moves,Total children,189,100
2024,Reporting year,Local authority,E92000001,England,E13000001,Inner London,309,Haringey,E09000014,CLA 2 years on 31 March,Mid-year moves,With one or more mid-year moves during the previous 2 years,27,14
2024,Reporting year,Local authority,E92000001,England,E13000001,Inner London,309,Haringey,E09000014,CLA on 31 March,Any moves,Total children,208,100
2024,Reporting year,Local authority,E92000001,England,E13000001,Inner London,309,Haringey,E09000014,CLA on 31 March,Any moves,With one or more moves during the year,16,8
2024,Reporting year,Local authority,E92000001,England,E13000001,Inner London,309,Haringey,E09000014,CLA on 31 March,Mid-year moves,Total children,208,100
2024,Reporting year,Local authority,E92000001,England,E13000001,Inner London,309,Haringey,E09000014,CLA on 31 March,Mid-year moves,With one or more mid-year moves during the year,12,6
2024,Reporting year,Local authority,E92000001,England,E13000001,Inner London,206,Islington,E09000019,CLA 2 years on 31 March,Any moves,Total children,177,100
2024,Reporting year,Local authority,E92000001,England,E13000001,Inner London,206,Islington,E09000019,CLA 2 years on 31 March,Any moves,With one or more moves during the previous 2 years,51,29
2024,Reporting year,Local authority,E92000001,England,E13000001,Inner London,206,Islington,E09000019,CLA 2 years on 31 March,Mid-year moves,Total children,177,100
2024,Reporting year,Local authority,E92000001,England,E13000001,Inner London,206,Islington,E09000019,CLA 2 years on 31 March,Mid-year moves,With one or more mid-year moves during the previous 2 years,39,22
2024,Reporting year,Local authority,E92000001,England,E13000001,Inner London,206,Islington,E09000019,CLA on 31 March,Any moves,Total children,193,100
2024,Reporting year,Local authority,E92000001,England,E13000001,Inner London,206,Islington,E09000019,CLA on 31 March,Any moves,With one or more moves during the year,32,17
2024,Reporting year,Local authority,E92000001,England,E13000001,Inner London,206,Islington,E09000019,CLA on 31 March,Mid-year moves,Total children,193,100
2024,Reporting year,Local authority,E92000001,England,E13000001,Inner London,206,Islington,E09000019,CLA on 31 March,Mid-year moves,With one or more mid-year moves during the year,25,13
2024,Reporting year,Local authority,E92000001,England,E13000001,Inner London,207,Kensington and Chelsea,E09000020,CLA 2 years on 31 March,Any moves,Total children,34,100
2024,Reporting year,Local authority,E92000001,England,E13000001,Inner London,207,Kensington and Chelsea,E09000020,CLA 2 years on 31 March,Any moves,With one or more moves during the previous 2 years,11,32
2024,Reporting year,Local authority,E92000001,England,E13000001,Inner London,207,Kensington and Chelsea,E09000020,CLA 2 years on 31 March,Mid-year moves,Total children,34,100
2024,Reporting year,Local authority,E92000001,England,E13000001,Inner London,207,Kensington and Chelsea,E09000020,CLA 2 years on 31 March,Mid-year moves,With one or more mid-year moves during the previous 2 years,9,26
2024,Reporting year,Local authority,E92000001,England,E13000001,Inner London,207,Kensington and Chelsea,E09000020,CLA on 31 March,Any moves,Total children,55,100
2024,Reporting year,Local authority,E92000001,England,E13000001,Inner London,207,Kensington and Chelsea,E09000020,CLA on 31 March,Any moves,With one or more moves during the year,10,18
2024,Reporting year,Local authority,E92000001,England,E13000001,Inner London,207,Kensington and Chelsea,E09000020,CLA on 31 March,Mid-year moves,Total children,55,100
2024,Reporting year,Local authority,E92000001,England,E13000001,Inner London,207,Kensington and Chelsea,E09000020,CLA on 31 March,Mid-year moves,With one or more mid-year moves during the year,7,13
2024,Reporting year,Local authority,E92000001,England,E13000001,Inner London,208,Lambeth,E09000022,CLA 2 years on 31 March,Any moves,Total children,193,100
2024,Reporting year,Local authority,E92000001,England,E13000001,Inner London,208,Lambeth,E09000022,CLA 2 years on 31 March,Any moves,With one or more moves during the previous 2 years,32,17
2024,Reporting year,Local authority,E92000001,England,E13000001,Inner London,208,Lambeth,E09000022,CLA 2 years on 31 March,Mid-year moves,Total children,193,100
2024,Reporting year,Local authority,E92000001,England,E13000001,Inner London,208,Lambeth,E09000022,CLA 2 years on 31 March,Mid-year moves,With one or more mid-year moves during the previous 2 years,26,13
2024,Reporting year,Local authority,E92000001,England,E13000001,Inner London,208,Lambeth,E09000022,CLA on 31 March,Any moves,Total children,256,100
2024,Reporting year,Local authority,E92000001,England,E13000001,Inner London,208,Lambeth,E09000022,CLA on 31 March,Any moves,With one or more moves during the year,24,9
2024,Reporting year,Local authority,E92000001,England,E13000001,Inner London,208,Lambeth,E09000022,CLA on 31 March,Mid-year moves,Total children,256,100
2024,Reporting year,Local authority,E92000001,England,E13000001,Inner London,208,Lambeth,E09000022,CLA on 31 March,Mid-year moves,With one or more mid-year moves during the year,20,8
2024,Reporting year,Local authority,E92000001,England,E13000001,Inner London,209,Lewisham,E09000023,CLA 2 years on 31 March,Any moves,Total children,223,100
2024,Reporting year,Local authority,E92000001,England,E13000001,Inner London,209,Lewisham,E09000023,CLA 2 years on 31 March,Any moves,With one or more moves during the previous 2 years,45,20
2024,Reporting year,Local authority,E92000001,England,E13000001,Inner London,209,Lewisham,E09000023,CLA 2 years on 31 March,Mid-year moves,Total children,223,100
2024,Reporting year,Local authority,E92000001,England,E13000001,Inner London,209,Lewisham,E09000023,CLA 2 years on 31 March,Mid-year moves,With one or more mid-year moves during the previous 2 years,34,15
2024,Reporting year,Local authority,E92000001,England,E13000001,Inner London,209,Lewisham,E09000023,CLA on 31 March,Any moves,Total children,275,100
2024,Reporting year,Local authority,E92000001,England,E13000001,Inner London,209,Lewisham,E09000023,CLA on 31 March,Any moves,With one or more moves during the year,29,11
2024,Reporting year,Local authority,E92000001,England,E13000001,Inner London,209,Lewisham,E09000023,CLA on 31 March,Mid-year moves,Total children,275,100
2024,Reporting year,Local authority,E92000001,England,E13000001,Inner London,209,Lewisham,E09000023,CLA on 31 March,Mid-year moves,With one or more mid-year moves during the year,22,8
2024,Reporting year,Local authority,E92000001,England,E13000001,Inner London,316,Newham,E09000025,CLA 2 years on 31 March,Any moves,Total children,222,100
2024,Reporting year,Local authority,E92000001,England,E13000001,Inner London,316,Newham,E09000025,CLA 2 years on 31 March,Any moves,With one or more moves during the previous 2 years,50,23
2024,Reporting year,Local authority,E92000001,England,E13000001,Inner London,316,Newham,E09000025,CLA 2 years on 31 March,Mid-year moves,Total children,222,100
2024,Reporting year,Local authority,E92000001,England,E13000001,Inner London,316,Newham,E09000025,CLA 2 years on 31 March,Mid-year moves,With one or more mid-year moves during the previous 2 years,34,15
2024,Reporting year,Local authority,E92000001,England,E13000001,Inner London,316,Newham,E09000025,CLA on 31 March,Any moves,Total children,262,100
2024,Reporting year,Local authority,E92000001,England,E13000001,Inner London,316,Newham,E09000025,CLA on 31 March,Any moves,With one or more moves during the year,26,10
2024,Reporting year,Local authority,E92000001,England,E13000001,Inner London,316,Newham,E09000025,CLA on 31 March,Mid-year moves,Total children,262,100
2024,Reporting year,Local authority,E92000001,England,E13000001,Inner London,316,Newham,E09000025,CLA on 31 March,Mid-year moves,With one or more mid-year moves during the year,19,7
2024,Reporting year,Local authority,E92000001,England,E13000001,Inner London,210,Southwark,E09000028,CLA 2 years on 31 March,Any moves,Total children,228,100
2024,Reporting year,Local authority,E92000001,England,E13000001,Inner London,210,Southwark,E09000028,CLA 2 years on 31 March,Any moves,With one or more moves during the previous 2 years,38,17
2024,Reporting year,Local authority,E92000001,England,E13000001,Inner London,210,Southwark,E09000028,CLA 2 years on 31 March,Mid-year moves,Total children,228,100
2024,Reporting year,Local authority,E92000001,England,E13000001,Inner London,210,Southwark,E09000028,CLA 2 years on 31 March,Mid-year moves,With one or more mid-year moves during the previous 2 years,33,14
2024,Reporting year,Local authority,E92000001,England,E13000001,Inner London,210,Southwark,E09000028,CLA on 31 March,Any moves,Total children,252,100
2024,Reporting year,Local authority,E92000001,England,E13000001,Inner London,210,Southwark,E09000028,CLA on 31 March,Any moves,With one or more moves during the year,19,8
2024,Reporting year,Local authority,E92000001,England,E13000001,Inner London,210,Southwark,E09000028,CLA on 31 March,Mid-year moves,Total children,252,100
2024,Reporting year,Local authority,E92000001,England,E13000001,Inner London,210,Southwark,E09000028,CLA on 31 March,Mid-year moves,With one or more mid-year moves during the year,17,7
2024,Reporting year,Local authority,E92000001,England,E13000001,Inner London,211,Tower Hamlets,E09000030,CLA 2 years on 31 March,Any moves,Total children,139,100
2024,Reporting year,Local authority,E92000001,England,E13000001,Inner London,211,Tower Hamlets,E09000030,CLA 2 years on 31 March,Any moves,With one or more moves during the previous 2 years,33,24
2024,Reporting year,Local authority,E92000001,England,E13000001,Inner London,211,Tower Hamlets,E09000030,CLA 2 years on 31 March,Mid-year moves,Total children,139,100
2024,Reporting year,Local authority,E92000001,England,E13000001,Inner London,211,Tower Hamlets,E09000030,CLA 2 years on 31 March,Mid-year moves,With one or more mid-year moves during the previous 2 years,20,14
2024,Reporting year,Local authority,E92000001,England,E13000001,Inner London,211,Tower Hamlets,E09000030,CLA on 31 March,Any moves,Total children,158,100
2024,Reporting year,Local authority,E92000001,England,E13000001,Inner London,211,Tower Hamlets,E09000030,CLA on 31 March,Any moves,With one or more moves during the year,17,11
2024,Reporting year,Local authority,E92000001,England,E13000001,Inner London,211,Tower Hamlets,E09000030,CLA on 31 March,Mid-year moves,Total children,158,100
2024,Reporting year,Local authority,E92000001,England,E13000001,Inner London,211,Tower Hamlets,E09000030,CLA on 31 March,Mid-year moves,With one or more mid-year moves during the year,12,8
2024,Reporting year,Local authority,E92000001,England,E13000001,Inner London,212,Wandsworth,E09000032,CLA 2 years on 31 March,Any moves,Total children,123,100
2024,Reporting year,Local authority,E92000001,England,E13000001,Inner London,212,Wandsworth,E09000032,CLA 2 years on 31 March,Any moves,With one or more moves during the previous 2 years,27,22
2024,Reporting year,Local authority,E92000001,England,E13000001,Inner London,212,Wandsworth,E09000032,CLA 2 years on 31 March,Mid-year moves,Total children,123,100
2024,Reporting year,Local authority,E92000001,England,E13000001,Inner London,212,Wandsworth,E09000032,CLA 2 years on 31 March,Mid-year moves,With one or more mid-year moves during the previous 2 years,15,12
2024,Reporting year,Local authority,E92000001,England,E13000001,Inner London,212,Wandsworth,E09000032,CLA on 31 March,Any moves,Total children,136,100
2024,Reporting year,Local authority,E92000001,England,E13000001,Inner London,212,Wandsworth,E09000032,CLA on 31 March,Any moves,With one or more moves during the year,15,11
2024,Reporting year,Local authority,E92000001,England,E13000001,Inner London,212,Wandsworth,E09000032,CLA on 31 March,Mid-year moves,Total children,136,100
2024,Reporting year,Local authority,E92000001,England,E13000001,Inner London,212,Wandsworth,E09000032,CLA on 31 March,Mid-year moves,With one or more mid-year moves during the year,8,6
2024,Reporting year,Local authority,E92000001,England,E13000001,Inner London,213,Westminster,E09000033,CLA 2 years on 31 March,Any moves,Total children,64,100
2024,Reporting year,Local authority,E92000001,England,E13000001,Inner London,213,Westminster,E09000033,CLA 2 years on 31 March,Any moves,With one or more moves during the previous 2 years,12,19
2024,Reporting year,Local authority,E92000001,England,E13000001,Inner London,213,Westminster,E09000033,CLA 2 years on 31 March,Mid-year moves,Total children,64,100
2024,Reporting year,Local authority,E92000001,England,E13000001,Inner London,213,Westminster,E09000033,CLA 2 years on 31 March,Mid-year moves,With one or more mid-year moves during the previous 2 years,8,13
2024,Reporting year,Local authority,E92000001,England,E13000001,Inner London,213,Westminster,E09000033,CLA on 31 March,Any moves,Total children,104,100
2024,Reporting year,Local authority,E92000001,England,E13000001,Inner London,213,Westminster,E09000033,CLA on 31 March,Any moves,With one or more moves during the year,8,8
2024,Reporting year,Local authority,E92000001,England,E13000001,Inner London,213,Westminster,E09000033,CLA on 31 March,Mid-year moves,Total children,104,100
2024,Reporting year,Local authority,E92000001,England,E13000001,Inner London,213,Westminster,E09000033,CLA on 31 March,Mid-year moves,With one or more mid-year moves during the year,8,8
2024,Reporting year,Local authority,E92000001,England,E13000002,Outer London,301,Barking and Dagenham,E09000002,CLA 2 years on 31 March,Any moves,Total children,229,100
2024,Reporting year,Local authority,E92000001,England,E13000002,Outer London,301,Barking and Dagenham,E09000002,CLA 2 years on 31 March,Any moves,With one or more moves during the previous 2 years,38,17
2024,Reporting year,Local authority,E92000001,England,E13000002,Outer London,301,Barking and Dagenham,E09000002,CLA 2 years on 31 March,Mid-year moves,Total children,229,100
2024,Reporting year,Local authority,E92000001,England,E13000002,Outer London,301,Barking and Dagenham,E09000002,CLA 2 years on 31 March,Mid-year moves,With one or more mid-year moves during the previous 2 years,29,13
2024,Reporting year,Local authority,E92000001,England,E13000002,Outer London,301,Barking and Dagenham,E09000002,CLA on 31 March,Any moves,Total children,280,100
2024,Reporting year,Local authority,E92000001,England,E13000002,Outer London,301,Barking and Dagenham,E09000002,CLA on 31 March,Any moves,With one or more moves during the year,28,10
2024,Reporting year,Local authority,E92000001,England,E13000002,Outer London,301,Barking and Dagenham,E09000002,CLA on 31 March,Mid-year moves,Total children,280,100
2024,Reporting year,Local authority,E92000001,England,E13000002,Outer London,301,Barking and Dagenham,E09000002,CLA on 31 March,Mid-year moves,With one or more mid-year moves during the year,25,9
2024,Reporting year,Local authority,E92000001,England,E13000002,Outer London,302,Barnet,E09000003,CLA 2 years on 31 March,Any moves,Total children,139,100
2024,Reporting year,Local authority,E92000001,England,E13000002,Outer London,302,Barnet,E09000003,CLA 2 years on 31 March,Any moves,With one or more moves during the previous 2 years,35,25
2024,Reporting year,Local authority,E92000001,England,E13000002,Outer London,302,Barnet,E09000003,CLA 2 years on 31 March,Mid-year moves,Total children,139,100
2024,Reporting year,Local authority,E92000001,England,E13000002,Outer London,302,Barnet,E09000003,CLA 2 years on 31 March,Mid-year moves,With one or more mid-year moves during the previous 2 years,20,14
2024,Reporting year,Local authority,E92000001,England,E13000002,Outer London,302,Barnet,E09000003,CLA on 31 March,Any moves,Total children,173,100
2024,Reporting year,Local authority,E92000001,England,E13000002,Outer London,302,Barnet,E09000003,CLA on 31 March,Any moves,With one or more moves during the year,23,13
2024,Reporting year,Local authority,E92000001,England,E13000002,Outer London,302,Barnet,E09000003,CLA on 31 March,Mid-year moves,Total children,173,100
2024,Reporting year,Local authority,E92000001,England,E13000002,Outer London,302,Barnet,E09000003,CLA on 31 March,Mid-year moves,With one or more mid-year moves during the year,17,10
2024,Reporting year,Local authority,E92000001,England,E13000002,Outer London,303,Bexley,E09000004,CLA 2 years on 31 March,Any moves,Total children,138,100
2024,Reporting year,Local authority,E92000001,England,E13000002,Outer London,303,Bexley,E09000004,CLA 2 years on 31 March,Any moves,With one or more moves during the previous 2 years,35,25
2024,Reporting year,Local authority,E92000001,England,E13000002,Outer London,303,Bexley,E09000004,CLA 2 years on 31 March,Mid-year moves,Total children,138,100
2024,Reporting year,Local authority,E92000001,England,E13000002,Outer London,303,Bexley,E09000004,CLA 2 years on 31 March,Mid-year moves,With one or more mid-year moves during the previous 2 years,27,20
2024,Reporting year,Local authority,E92000001,England,E13000002,Outer London,303,Bexley,E09000004,CLA on 31 March,Any moves,Total children,187,100
2024,Reporting year,Local authority,E92000001,England,E13000002,Outer London,303,Bexley,E09000004,CLA on 31 March,Any moves,With one or more moves during the year,18,10
2024,Reporting year,Local authority,E92000001,England,E13000002,Outer London,303,Bexley,E09000004,CLA on 31 March,Mid-year moves,Total children,187,100
2024,Reporting year,Local authority,E92000001,England,E13000002,Outer London,303,Bexley,E09000004,CLA on 31 March,Mid-year moves,With one or more mid-year moves during the year,13,7
2024,Reporting year,Local authority,E92000001,England,E13000002,Outer London,304,Brent,E09000005,CLA 2 years on 31 March,Any moves,Total children,154,100
2024,Reporting year,Local authority,E92000001,England,E13000002,Outer London,304,Brent,E09000005,CLA 2 years on 31 March,Any moves,With one or more moves during the previous 2 years,21,14
2024,Reporting year,Local authority,E92000001,England,E13000002,Outer London,304,Brent,E09000005,CLA 2 years on 31 March,Mid-year moves,Total children,154,100
2024,Reporting year,Local authority,E92000001,England,E13000002,Outer London,304,Brent,E09000005,CLA 2 years on 31 March,Mid-year moves,With one or more mid-year moves during the previous 2 years,15,10
2024,Reporting year,Local authority,E92000001,England,E13000002,Outer London,304,Brent,E09000005,CLA on 31 March,Any moves,Total children,185,100
2024,Reporting year,Local authority,E92000001,England,E13000002,Outer London,304,Brent,E09000005,CLA on 31 March,Any moves,With one or more moves during the year,18,10
2024,Reporting year,Local authority,E92000001,England,E13000002,Outer London,304,Brent,E09000005,CLA on 31 March,Mid-year moves,Total children,185,100
2024,Reporting year,Local authority,E92000001,England,E13000002,Outer London,304,Brent,E09000005,CLA on 31 March,Mid-year moves,With one or more mid-year moves during the year,11,6
2024,Reporting year,Local authority,E92000001,England,E13000002,Outer London,305,Bromley,E09000006,CLA 2 years on 31 March,Any moves,Total children,191,100
2024,Reporting year,Local authority,E92000001,England,E13000002,Outer London,305,Bromley,E09000006,CLA 2 years on 31 March,Any moves,With one or more moves during the previous 2 years,33,17
2024,Reporting year,Local authority,E92000001,England,E13000002,Outer London,305,Bromley,E09000006,CLA 2 years on 31 March,Mid-year moves,Total children,191,100
2024,Reporting year,Local authority,E92000001,England,E13000002,Outer London,305,Bromley,E09000006,CLA 2 years on 31 March,Mid-year moves,With one or more mid-year moves during the previous 2 years,28,15
2024,Reporting year,Local authority,E92000001,England,E13000002,Outer London,305,Bromley,E09000006,CLA on 31 March,Any moves,Total children,218,100
2024,Reporting year,Local authority,E92000001,England,E13000002,Outer London,305,Bromley,E09000006,CLA on 31 March,Any moves,With one or more moves during the year,17,8
2024,Reporting year,Local authority,E92000001,England,E13000002,Outer London,305,Bromley,E09000006,CLA on 31 March,Mid-year moves,Total children,218,100
2024,Reporting year,Local authority,E92000001,England,E13000002,Outer London,305,Bromley,E09000006,CLA on 31 March,Mid-year moves,With one or more mid-year moves during the year,15,7
2024,Reporting year,Local authority,E92000001,England,E13000002,Outer London,306,Croydon,E09000008,CLA 2 years on 31 March,Any moves,Total children,247,100
2024,Reporting year,Local authority,E92000001,England,E13000002,Outer London,306,Croydon,E09000008,CLA 2 years on 31 March,Any moves,With one or more moves during the previous 2 years,61,25
2024,Reporting year,Local authority,E92000001,England,E13000002,Outer London,306,Croydon,E09000008,CLA 2 years on 31 March,Mid-year moves,Total children,247,100
2024,Reporting year,Local authority,E92000001,England,E13000002,Outer London,306,Croydon,E09000008,CLA 2 years on 31 March,Mid-year moves,With one or more mid-year moves during the previous 2 years,48,19
2024,Reporting year,Local authority,E92000001,England,E13000002,Outer London,306,Croydon,E09000008,CLA on 31 March,Any moves,Total children,292,100
2024,Reporting year,Local authority,E92000001,England,E13000002,Outer London,306,Croydon,E09000008,CLA on 31 March,Any moves,With one or more moves during the year,42,14
2024,Reporting year,Local authority,E92000001,England,E13000002,Outer London,306,Croydon,E09000008,CLA on 31 March,Mid-year moves,Total children,292,100
2024,Reporting year,Local authority,E92000001,England,E13000002,Outer London,306,Croydon,E09000008,CLA on 31 March,Mid-year moves,With one or more mid-year moves during the year,37,13
2024,Reporting year,Local authority,E92000001,England,E13000002,Outer London,307,Ealing,E09000009,CLA 2 years on 31 March,Any moves,Total children,146,100
2024,Reporting year,Local authority,E92000001,England,E13000002,Outer London,307,Ealing,E09000009,CLA 2 years on 31 March,Any moves,With one or more moves during the previous 2 years,32,22
2024,Reporting year,Local authority,E92000001,England,E13000002,Outer London,307,Ealing,E09000009,CLA 2 years on 31 March,Mid-year moves,Total children,146,100
2024,Reporting year,Local authority,E92000001,England,E13000002,Outer London,307,Ealing,E09000009,CLA 2 years on 31 March,Mid-year moves,With one or more mid-year moves during the previous 2 years,28,19
2024,Reporting year,Local authority,E92000001,England,E13000002,Outer London,307,Ealing,E09000009,CLA on 31 March,Any moves,Total children,170,100
2024,Reporting year,Local authority,E92000001,England,E13000002,Outer London,307,Ealing,E09000009,CLA on 31 March,Any moves,With one or more moves during the year,20,12
2024,Reporting year,Local authority,E92000001,England,E13000002,Outer London,307,Ealing,E09000009,CLA on 31 March,Mid-year moves,Total children,170,100
2024,Reporting year,Local authority,E92000001,England,E13000002,Outer London,307,Ealing,E09000009,CLA on 31 March,Mid-year moves,With one or more mid-year moves during the year,18,11
2024,Reporting year,Local authority,E92000001,England,E13000002,Outer London,308,Enfield,E09000010,CLA 2 years on 31 March,Any moves,Total children,191,100
2024,Reporting year,Local authority,E92000001,England,E13000002,Outer London,308,Enfield,E09000010,CLA 2 years on 31 March,Any moves,With one or more moves during the previous 2 years,36,19
2024,Reporting year,Local authority,E92000001,England,E13000002,Outer London,308,Enfield,E09000010,CLA 2 years on 31 March,Mid-year moves,Total children,191,100
2024,Reporting year,Local authority,E92000001,England,E13000002,Outer London,308,Enfield,E09000010,CLA 2 years on 31 March,Mid-year moves,With one or more mid-year moves during the previous 2 years,23,12
2024,Reporting year,Local authority,E92000001,England,E13000002,Outer London,308,Enfield,E09000010,CLA on 31 March,Any moves,Total children,252,100
2024,Reporting year,Local authority,E92000001,England,E13000002,Outer London,308,Enfield,E09000010,CLA on 31 March,Any moves,With one or more moves during the year,26,10
2024,Reporting year,Local authority,E92000001,England,E13000002,Outer London,308,Enfield,E09000010,CLA on 31 March,Mid-year moves,Total children,252,100
2024,Reporting year,Local authority,E92000001,England,E13000002,Outer London,308,Enfield,E09000010,CLA on 31 March,Mid-year moves,With one or more mid-year moves during the year,19,8
2024,Reporting year,Local authority,E92000001,England,E13000002,Outer London,203,Greenwich,E09000011,CLA 2 years on 31 March,Any moves,Total children,236,100
2024,Reporting year,Local authority,E92000001,England,E13000002,Outer London,203,Greenwich,E09000011,CLA 2 years on 31 March,Any moves,With one or more moves during the previous 2 years,39,17
2024,Reporting year,Local authority,E92000001,England,E13000002,Outer London,203,Greenwich,E09000011,CLA 2 years on 31 March,Mid-year moves,Total children,236,100
2024,Reporting year,Local authority,E92000001,England,E13000002,Outer London,203,Greenwich,E09000011,CLA 2 years on 31 March,Mid-year moves,With one or more mid-year moves during the previous 2 years,32,14
2024,Reporting year,Local authority,E92000001,England,E13000002,Outer London,203,Greenwich,E09000011,CLA on 31 March,Any moves,Total children,275,100
2024,Reporting year,Local authority,E92000001,England,E13000002,Outer London,203,Greenwich,E09000011,CLA on 31 March,Any moves,With one or more moves during the year,35,13
2024,Reporting year,Local authority,E92000001,England,E13000002,Outer London,203,Greenwich,E09000011,CLA on 31 March,Mid-year moves,Total children,275,100
2024,Reporting year,Local authority,E92000001,England,E13000002,Outer London,203,Greenwich,E09000011,CLA on 31 March,Mid-year moves,With one or more mid-year moves during the year,30,11
2024,Reporting year,Local authority,E92000001,England,E13000002,Outer London,310,Harrow,E09000015,CLA 2 years on 31 March,Any moves,Total children,79,100
2024,Reporting year,Local authority,E92000001,England,E13000002,Outer London,310,Harrow,E09000015,CLA 2 years on 31 March,Any moves,With one or more moves during the previous 2 years,21,27
2024,Reporting year,Local authority,E92000001,England,E13000002,Outer London,310,Harrow,E09000015,CLA 2 years on 31 March,Mid-year moves,Total children,79,100
2024,Reporting year,Local authority,E92000001,England,E13000002,Outer London,310,Harrow,E09000015,CLA 2 years on 31 March,Mid-year moves,With one or more mid-year moves during the previous 2 years,16,20
2024,Reporting year,Local authority,E92000001,England,E13000002,Outer London,310,Harrow,E09000015,CLA on 31 March,Any moves,Total children,90,100
2024,Reporting year,Local authority,E92000001,England,E13000002,Outer London,310,Harrow,E09000015,CLA on 31 March,Any moves,With one or more moves during the year,9,10
2024,Reporting year,Local authority,E92000001,England,E13000002,Outer London,310,Harrow,E09000015,CLA on 31 March,Mid-year moves,Total children,90,100
2024,Reporting year,Local authority,E92000001,England,E13000002,Outer London,310,Harrow,E09000015,CLA on 31 March,Mid-year moves,With one or more mid-year moves during the year,8,9
2024,Reporting year,Local authority,E92000001,England,E13000002,Outer London,311,Havering,E09000016,CLA 2 years on 31 March,Any moves,Total children,135,100
2024,Reporting year,Local authority,E92000001,England,E13000002,Outer London,311,Havering,E09000016,CLA 2 years on 31 March,Any moves,With one or more moves during the previous 2 years,25,19
2024,Reporting year,Local authority,E92000001,England,E13000002,Outer London,311,Havering,E09000016,CLA 2 years on 31 March,Mid-year moves,Total children,135,100
2024,Reporting year,Local authority,E92000001,England,E13000002,Outer London,311,Havering,E09000016,CLA 2 years on 31 March,Mid-year moves,With one or more mid-year moves during the previous 2 years,17,13
2024,Reporting year,Local authority,E92000001,England,E13000002,Outer London,311,Havering,E09000016,CLA on 31 March,Any moves,Total children,202,100
2024,Reporting year,Local authority,E92000001,England,E13000002,Outer London,311,Havering,E09000016,CLA on 31 March,Any moves,With one or more moves during the year,25,12
2024,Reporting year,Local authority,E92000001,England,E13000002,Outer London,311,Havering,E09000016,CLA on 31 March,Mid-year moves,Total children,202,100
2024,Reporting year,Local authority,E92000001,England,E13000002,Outer London,311,Havering,E09000016,CLA on 31 March,Mid-year moves,With one or more mid-year moves during the year,21,10
2024,Reporting year,Local authority,E92000001,England,E13000002,Outer London,312,Hillingdon,E09000017,CLA 2 years on 31 March,Any moves,Total children,139,100
2024,Reporting year,Local authority,E92000001,England,E13000002,Outer London,312,Hillingdon,E09000017,CLA 2 years on 31 March,Any moves,With one or more moves during the previous 2 years,35,25
2024,Reporting year,Local authority,E92000001,England,E13000002,Outer London,312,Hillingdon,E09000017,CLA 2 years on 31 March,Mid-year moves,Total children,139,100
2024,Reporting year,Local authority,E92000001,England,E13000002,Outer London,312,Hillingdon,E09000017,CLA 2 years on 31 March,Mid-year moves,With one or more mid-year moves during the previous 2 years,29,21
2024,Reporting year,Local authority,E92000001,England,E13000002,Outer London,312,Hillingdon,E09000017,CLA on 31 March,Any moves,Total children,156,100
2024,Reporting year,Local authority,E92000001,England,E13000002,Outer London,312,Hillingdon,E09000017,CLA on 31 March,Any moves,With one or more moves during the year,22,14
2024,Reporting year,Local authority,E92000001,England,E13000002,Outer London,312,Hillingdon,E09000017,CLA on 31 March,Mid-year moves,Total children,156,100
2024,Reporting year,Local authority,E92000001,England,E13000002,Outer London,312,Hillingdon,E09000017,CLA on 31 March,Mid-year moves,With one or more mid-year moves during the year,18,12
2024,Reporting year,Local authority,E92000001,England,E13000002,Outer London,313,Hounslow,E09000018,CLA 2 years on 31 March,Any moves,Total children,119,100
2024,Reporting year,Local authority,E92000001,England,E13000002,Outer London,313,Hounslow,E09000018,CLA 2 years on 31 March,Any moves,With one or more moves during the previous 2 years,26,22
2024,Reporting year,Local authority,E92000001,England,E13000002,Outer London,313,Hounslow,E09000018,CLA 2 years on 31 March,Mid-year moves,Total children,119,100
2024,Reporting year,Local authority,E92000001,England,E13000002,Outer London,313,Hounslow,E09000018,CLA 2 years on 31 March,Mid-year moves,With one or more mid-year moves during the previous 2 years,19,16
2024,Reporting year,Local authority,E92000001,England,E13000002,Outer London,313,Hounslow,E09000018,CLA on 31 March,Any moves,Total children,142,100
2024,Reporting year,Local authority,E92000001,England,E13000002,Outer London,313,Hounslow,E09000018,CLA on 31 March,Any moves,With one or more moves during the year,19,13
2024,Reporting year,Local authority,E92000001,England,E13000002,Outer London,313,Hounslow,E09000018,CLA on 31 March,Mid-year moves,Total children,142,100
2024,Reporting year,Local authority,E92000001,England,E13000002,Outer London,313,Hounslow,E09000018,CLA on 31 March,Mid-year moves,With one or more mid-year moves during the year,14,10
2024,Reporting year,Local authority,E92000001,England,E13000002,Outer London,314,Kingston upon Thames,E09000021,CLA 2 years on 31 March,Any moves,Total children,57,100
2024,Reporting year,Local authority,E92000001,England,E13000002,Outer London,314,Kingston upon Thames,E09000021,CLA 2 years on 31 March,Any moves,With one or more moves during the previous 2 years,14,25
2024,Reporting year,Local authority,E92000001,England,E13000002,Outer London,314,Kingston upon Thames,E09000021,CLA 2 years on 31 March,Mid-year moves,Total children,57,100
2024,Reporting year,Local authority,E92000001,England,E13000002,Outer London,314,Kingston upon Thames,E09000021,CLA 2 years on 31 March,Mid-year moves,With one or more mid-year moves during the previous 2 years,12,21
2024,Reporting year,Local authority,E92000001,England,E13000002,Outer London,314,Kingston upon Thames,E09000021,CLA on 31 March,Any moves,Total children,82,100
2024,Reporting year,Local authority,E92000001,England,E13000002,Outer London,314,Kingston upon Thames,E09000021,CLA on 31 March,Any moves,With one or more moves during the year,15,18
2024,Reporting year,Local authority,E92000001,England,E13000002,Outer London,314,Kingston upon Thames,E09000021,CLA on 31 March,Mid-year moves,Total children,82,100
2024,Reporting year,Local authority,E92000001,England,E13000002,Outer London,314,Kingston upon Thames,E09000021,CLA on 31 March,Mid-year moves,With one or more mid-year moves during the year,10,12
2024,Reporting year,Local authority,E92000001,England,E13000002,Outer London,315,Merton,E09000024,CLA 2 years on 31 March,Any moves,Total children,58,100
2024,Reporting year,Local authority,E92000001,England,E13000002,Outer London,315,Merton,E09000024,CLA 2 years on 31 March,Any moves,With one or more moves during the previous 2 years,8,14
2024,Reporting year,Local authority,E92000001,England,E13000002,Outer London,315,Merton,E09000024,CLA 2 years on 31 March,Mid-year moves,Total children,58,100
2024,Reporting year,Local authority,E92000001,England,E13000002,Outer London,315,Merton,E09000024,CLA 2 years on 31 March,Mid-year moves,With one or more mid-year moves during the previous 2 years,7,12
2024,Reporting year,Local authority,E92000001,England,E13000002,Outer London,315,Merton,E09000024,CLA on 31 March,Any moves,Total children,76,100
2024,Reporting year,Local authority,E92000001,England,E13000002,Outer London,315,Merton,E09000024,CLA on 31 March,Any moves,With one or more moves during the year,c,c
2024,Reporting year,Local authority,E92000001,England,E13000002,Outer London,315,Merton,E09000024,CLA on 31 March,Mid-year moves,Total children,76,100
2024,Reporting year,Local authority,E92000001,England,E13000002,Outer London,315,Merton,E09000024,CLA on 31 March,Mid-year moves,With one or more mid-year moves during the year,c,c
2024,Reporting year,Local authority,E92000001,England,E13000002,Outer London,317,Redbridge,E09000026,CLA 2 years on 31 March,Any moves,Total children,139,100
2024,Reporting year,Local authority,E92000001,England,E13000002,Outer London,317,Redbridge,E09000026,CLA 2 years on 31 March,Any moves,With one or more moves during the previous 2 years,23,17
2024,Reporting year,Local authority,E92000001,England,E13000002,Outer London,317,Redbridge,E09000026,CLA 2 years on 31 March,Mid-year moves,Total children,139,100
2024,Reporting year,Local authority,E92000001,England,E13000002,Outer London,317,Redbridge,E09000026,CLA 2 years on 31 March,Mid-year moves,With one or more mid-year moves during the previous 2 years,21,15
2024,Reporting year,Local authority,E92000001,England,E13000002,Outer London,317,Redbridge,E09000026,CLA on 31 March,Any moves,Total children,172,100
2024,Reporting year,Local authority,E92000001,England,E13000002,Outer London,317,Redbridge,E09000026,CLA on 31 March,Any moves,With one or more moves during the year,20,12
2024,Reporting year,Local authority,E92000001,England,E13000002,Outer London,317,Redbridge,E09000026,CLA on 31 March,Mid-year moves,Total children,172,100
2024,Reporting year,Local authority,E92000001,England,E13000002,Outer London,317,Redbridge,E09000026,CLA on 31 March,Mid-year moves,With one or more mid-year moves during the year,19,11
2024,Reporting year,Local authority,E92000001,England,E13000002,Outer London,318,Richmond upon Thames,E09000027,CLA 2 years on 31 March,Any moves,Total children,50,100
2024,Reporting year,Local authority,E92000001,England,E13000002,Outer London,318,Richmond upon Thames,E09000027,CLA 2 years on 31 March,Any moves,With one or more moves during the previous 2 years,12,24
2024,Reporting year,Local authority,E92000001,England,E13000002,Outer London,318,Richmond upon Thames,E09000027,CLA 2 years on 31 March,Mid-year moves,Total children,50,100
2024,Reporting year,Local authority,E92000001,England,E13000002,Outer London,318,Richmond upon Thames,E09000027,CLA 2 years on 31 March,Mid-year moves,With one or more mid-year moves during the previous 2 years,10,20
2024,Reporting year,Local authority,E92000001,England,E13000002,Outer London,318,Richmond upon Thames,E09000027,CLA on 31 March,Any moves,Total children,64,100
2024,Reporting year,Local authority,E92000001,England,E13000002,Outer London,318,Richmond upon Thames,E09000027,CLA on 31 March,Any moves,With one or more moves during the year,7,11
2024,Reporting year,Local authority,E92000001,England,E13000002,Outer London,318,Richmond upon Thames,E09000027,CLA on 31 March,Mid-year moves,Total children,64,100
2024,Reporting year,Local authority,E92000001,England,E13000002,Outer London,318,Richmond upon Thames,E09000027,CLA on 31 March,Mid-year moves,With one or more mid-year moves during the year,c,c
2024,Reporting year,Local authority,E92000001,England,E13000002,Outer London,319,Sutton,E09000029,CLA 2 years on 31 March,Any moves,Total children,107,100
2024,Reporting year,Local authority,E92000001,England,E13000002,Outer London,319,Sutton,E09000029,CLA 2 years on 31 March,Any moves,With one or more moves during the previous 2 years,26,24
2024,Reporting year,Local authority,E92000001,England,E13000002,Outer London,319,Sutton,E09000029,CLA 2 years on 31 March,Mid-year moves,Total children,107,100
2024,Reporting year,Local authority,E92000001,England,E13000002,Outer London,319,Sutton,E09000029,CLA 2 years on 31 March,Mid-year moves,With one or more mid-year moves during the previous 2 years,21,20
2024,Reporting year,Local authority,E92000001,England,E13000002,Outer London,319,Sutton,E09000029,CLA on 31 March,Any moves,Total children,148,100
2024,Reporting year,Local authority,E92000001,England,E13000002,Outer London,319,Sutton,E09000029,CLA on 31 March,Any moves,With one or more moves during the year,24,16
2024,Reporting year,Local authority,E92000001,England,E13000002,Outer London,319,Sutton,E09000029,CLA on 31 March,Mid-year moves,Total children,148,100
2024,Reporting year,Local authority,E92000001,England,E13000002,Outer London,319,Sutton,E09000029,CLA on 31 March,Mid-year moves,With one or more mid-year moves during the year,19,13
2024,Reporting year,Local authority,E92000001,England,E13000002,Outer London,320,Waltham Forest,E09000031,CLA 2 years on 31 March,Any moves,Total children,158,100
2024,Reporting year,Local authority,E92000001,England,E13000002,Outer London,320,Waltham Forest,E09000031,CLA 2 years on 31 March,Any moves,With one or more moves during the previous 2 years,33,21
2024,Reporting year,Local authority,E92000001,England,E13000002,Outer London,320,Waltham Forest,E09000031,CLA 2 years on 31 March,Mid-year moves,Total children,158,100
2024,Reporting year,Local authority,E92000001,England,E13000002,Outer London,320,Waltham Forest,E09000031,CLA 2 years on 31 March,Mid-year moves,With one or more mid-year moves during the previous 2 years,27,17
2024,Reporting year,Local authority,E92000001,England,E13000002,Outer London,320,Waltham Forest,E09000031,CLA on 31 March,Any moves,Total children,196,100
2024,Reporting year,Local authority,E92000001,England,E13000002,Outer London,320,Waltham Forest,E09000031,CLA on 31 March,Any moves,With one or more moves during the year,29,15
2024,Reporting year,Local authority,E92000001,England,E13000002,Outer London,320,Waltham Forest,E09000031,CLA on 31 March,Mid-year moves,Total children,196,100
2024,Reporting year,Local authority,E92000001,England,E13000002,Outer London,320,Waltham Forest,E09000031,CLA on 31 March,Mid-year moves,With one or more mid-year moves during the year,23,12
2023,Reporting year,National,E92000001,England,,,,,,CLA 2 years on 31 March,Any moves,Total children,46220,100
2023,Reporting year,National,E92000001,England,,,,,,CLA 2 years on 31 March,Any moves,With one or more moves during the previous 2 years,9250,20
2023,Reporting year,National,E92000001,England,,,,,,CLA 2 years on 31 March,Mid-year moves,Total children,46220,100
2023,Reporting year,National,E92000001,England,,,,,,CLA 2 years on 31 March,Mid-year moves,With one or more mid-year moves during the previous 2 years,6580,14
2023,Reporting year,National,E92000001,England,,,,,,CLA on 31 March,Any moves,Total children,53490,100
2023,Reporting year,National,E92000001,England,,,,,,CLA on 31 March,Any moves,With one or more moves during the year,6060,11
2023,Reporting year,National,E92000001,England,,,,,,CLA on 31 March,Mid-year moves,Total children,53490,100
2023,Reporting year,National,E92000001,England,,,,,,CLA on 31 March,Mid-year moves,With one or more mid-year moves during the year,4320,8
2023,Reporting year,Regional,E92000001,England,E12000001,North East,,,,CLA 2 years on 31 March,Any moves,Total children,3420,100
2023,Reporting year,Regional,E92000001,England,E12000001,North East,,,,CLA 2 years on 31 March,Any moves,With one or more moves during the previous 2 years,600,17
2023,Reporting year,Regional,E92000001,England,E12000001,North East,,,,CLA 2 years on 31 March,Mid-year moves,Total children,3420,100
2023,Reporting year,Regional,E92000001,England,E12000001,North East,,,,CLA 2 years on 31 March,Mid-year moves,With one or more mid-year moves during the previous 2 years,390,12
2023,Reporting year,Regional,E92000001,England,E12000001,North East,,,,CLA on 31 March,Any moves,Total children,4100,100
2023,Reporting year,Regional,E92000001,England,E12000001,North East,,,,CLA on 31 March,Any moves,With one or more moves during the year,370,9
2023,Reporting year,Regional,E92000001,England,E12000001,North East,,,,CLA on 31 March,Mid-year moves,Total children,4100,100
2023,Reporting year,Regional,E92000001,England,E12000001,North East,,,,CLA on 31 March,Mid-year moves,With one or more mid-year moves during the year,230,6
2023,Reporting year,Regional,E92000001,England,E12000002,North West,,,,CLA 2 years on 31 March,Any moves,Total children,8930,100
2023,Reporting year,Regional,E92000001,England,E12000002,North West,,,,CLA 2 years on 31 March,Any moves,With one or more moves during the previous 2 years,1470,16
2023,Reporting year,Regional,E92000001,England,E12000002,North West,,,,CLA 2 years on 31 March,Mid-year moves,Total children,8930,100
2023,Reporting year,Regional,E92000001,England,E12000002,North West,,,,CLA 2 years on 31 March,Mid-year moves,With one or more mid-year moves during the previous 2 years,990,11
2023,Reporting year,Regional,E92000001,England,E12000002,North West,,,,CLA on 31 March,Any moves,Total children,10190,100
2023,Reporting year,Regional,E92000001,England,E12000002,North West,,,,CLA on 31 March,Any moves,With one or more moves during the year,930,9
2023,Reporting year,Regional,E92000001,England,E12000002,North West,,,,CLA on 31 March,Mid-year moves,Total children,10190,100
2023,Reporting year,Regional,E92000001,England,E12000002,North West,,,,CLA on 31 March,Mid-year moves,With one or more mid-year moves during the year,660,7
2023,Reporting year,Regional,E92000001,England,E12000003,Yorkshire and The Humber,,,,CLA 2 years on 31 March,Any moves,Total children,5370,100
2023,Reporting year,Regional,E92000001,England,E12000003,Yorkshire and The Humber,,,,CLA 2 years on 31 March,Any moves,With one or more moves during the previous 2 years,1090,20
2023,Reporting year,Regional,E92000001,England,E12000003,Yorkshire and The Humber,,,,CLA 2 years on 31 March,Mid-year moves,Total children,5370,100
2023,Reporting year,Regional,E92000001,England,E12000003,Yorkshire and The Humber,,,,CLA 2 years on 31 March,Mid-year moves,With one or more mid-year moves during the previous 2 years,780,15
2023,Reporting year,Regional,E92000001,England,E12000003,Yorkshire and The Humber,,,,CLA on 31 March,Any moves,Total children,6190,100
2023,Reporting year,Regional,E92000001,England,E12000003,Yorkshire and The Humber,,,,CLA on 31 March,Any moves,With one or more moves during the year,700,11
2023,Reporting year,Regional,E92000001,England,E12000003,Yorkshire and The Humber,,,,CLA on 31 March,Mid-year moves,Total children,6190,100
2023,Reporting year,Regional,E92000001,England,E12000003,Yorkshire and The Humber,,,,CLA on 31 March,Mid-year moves,With one or more mid-year moves during the year,490,8
2023,Reporting year,Regional,E92000001,England,E12000004,East Midlands,,,,CLA 2 years on 31 March,Any moves,Total children,3620,100
2023,Reporting year,Regional,E92000001,England,E12000004,East Midlands,,,,CLA 2 years on 31 March,Any moves,With one or more moves during the previous 2 years,840,23
2023,Reporting year,Regional,E92000001,England,E12000004,East Midlands,,,,CLA 2 years on 31 March,Mid-year moves,Total children,3620,100
2023,Reporting year,Regional,E92000001,England,E12000004,East Midlands,,,,CLA 2 years on 31 March,Mid-year moves,With one or more mid-year moves during the previous 2 years,630,17
2023,Reporting year,Regional,E92000001,England,E12000004,East Midlands,,,,CLA on 31 March,Any moves,Total children,4230,100
2023,Reporting year,Regional,E92000001,England,E12000004,East Midlands,,,,CLA on 31 March,Any moves,With one or more moves during the year,580,14
2023,Reporting year,Regional,E92000001,England,E12000004,East Midlands,,,,CLA on 31 March,Mid-year moves,Total children,4230,100
2023,Reporting year,Regional,E92000001,England,E12000004,East Midlands,,,,CLA on 31 March,Mid-year moves,With one or more mid-year moves during the year,450,11
2023,Reporting year,Regional,E92000001,England,E12000005,West Midlands,,,,CLA 2 years on 31 March,Any moves,Total children,6880,100
2023,Reporting year,Regional,E92000001,England,E12000005,West Midlands,,,,CLA 2 years on 31 March,Any moves,With one or more moves during the previous 2 years,1320,19
2023,Reporting year,Regional,E92000001,England,E12000005,West Midlands,,,,CLA 2 years on 31 March,Mid-year moves,Total children,6880,100
2023,Reporting year,Regional,E92000001,England,E12000005,West Midlands,,,,CLA 2 years on 31 March,Mid-year moves,With one or more mid-year moves during the previous 2 years,960,14
2023,Reporting year,Regional,E92000001,England,E12000005,West Midlands,,,,CLA on 31 March,Any moves,Total children,7610,100
2023,Reporting year,Regional,E92000001,England,E12000005,West Midlands,,,,CLA on 31 March,Any moves,With one or more moves during the year,840,11
2023,Reporting year,Regional,E92000001,England,E12000005,West Midlands,,,,CLA on 31 March,Mid-year moves,Total children,7610,100
2023,Reporting year,Regional,E92000001,England,E12000005,West Midlands,,,,CLA on 31 March,Mid-year moves,With one or more mid-year moves during the year,610,8
2023,Reporting year,Regional,E92000001,England,E12000006,East of England,,,,CLA 2 years on 31 March,Any moves,Total children,3790,100
2023,Reporting year,Regional,E92000001,England,E12000006,East of England,,,,CLA 2 years on 31 March,Any moves,With one or more moves during the previous 2 years,880,23
2023,Reporting year,Regional,E92000001,England,E12000006,East of England,,,,CLA 2 years on 31 March,Mid-year moves,Total children,3790,100
2023,Reporting year,Regional,E92000001,England,E12000006,East of England,,,,CLA 2 years on 31 March,Mid-year moves,With one or more mid-year moves during the previous 2 years,640,17
2023,Reporting year,Regional,E92000001,England,E12000006,East of England,,,,CLA on 31 March,Any moves,Total children,4280,100
2023,Reporting year,Regional,E92000001,England,E12000006,East of England,,,,CLA on 31 March,Any moves,With one or more moves during the year,560,13
2023,Reporting year,Regional,E92000001,England,E12000006,East of England,,,,CLA on 31 March,Mid-year moves,Total children,4280,100
2023,Reporting year,Regional,E92000001,England,E12000006,East of England,,,,CLA on 31 March,Mid-year moves,With one or more mid-year moves during the year,390,9
2023,Reporting year,Regional,E92000001,England,E12000007,London,,,,CLA 2 years on 31 March,Any moves,Total children,4680,100
2023,Reporting year,Regional,E92000001,England,E12000007,London,,,,CLA 2 years on 31 March,Any moves,With one or more moves during the previous 2 years,920,20
2023,Reporting year,Regional,E92000001,England,E12000007,London,,,,CLA 2 years on 31 March,Mid-year moves,Total children,4680,100
2023,Reporting year,Regional,E92000001,England,E12000007,London,,,,CLA 2 years on 31 March,Mid-year moves,With one or more mid-year moves during the previous 2 years,660,14
2023,Reporting year,Regional,E92000001,England,E12000007,London,,,,CLA on 31 March,Any moves,Total children,5690,100
2023,Reporting year,Regional,E92000001,England,E12000007,London,,,,CLA on 31 March,Any moves,With one or more moves during the year,630,11
2023,Reporting year,Regional,E92000001,England,E12000007,London,,,,CLA on 31 March,Mid-year moves,Total children,5690,100
2023,Reporting year,Regional,E92000001,England,E12000007,London,,,,CLA on 31 March,Mid-year moves,With one or more mid-year moves during the year,460,8
2023,Reporting year,Regional,E92000001,England,E12000008,South East,,,,CLA 2 years on 31 March,Any moves,Total children,5800,100
2023,Reporting year,Regional,E92000001,England,E12000008,South East,,,,CLA 2 years on 31 March,Any moves,With one or more moves during the previous 2 years,1250,21
2023,Reporting year,Regional,E92000001,England,E12000008,South East,,,,CLA 2 years on 31 March,Mid-year moves,Total children,5800,100
2023,Reporting year,Regional,E92000001,England,E12000008,South East,,,,CLA 2 years on 31 March,Mid-year moves,With one or more mid-year moves during the previous 2 years,900,16
2023,Reporting year,Regional,E92000001,England,E12000008,South East,,,,CLA on 31 March,Any moves,Total children,6820,100
2023,Reporting year,Regional,E92000001,England,E12000008,South East,,,,CLA on 31 March,Any moves,With one or more moves during the year,830,12
2023,Reporting year,Regional,E92000001,England,E12000008,South East,,,,CLA on 31 March,Mid-year moves,Total children,6820,100
2023,Reporting year,Regional,E92000001,England,E12000008,South East,,,,CLA on 31 March,Mid-year moves,With one or more mid-year moves during the year,590,9
2023,Reporting year,Regional,E92000001,England,E12000009,South West,,,,CLA 2 years on 31 March,Any moves,Total children,3730,100
2023,Reporting year,Regional,E92000001,England,E12000009,South West,,,,CLA 2 years on 31 March,Any moves,With one or more moves during the previous 2 years,880,24
2023,Reporting year,Regional,E92000001,England,E12000009,South West,,,,CLA 2 years on 31 March,Mid-year moves,Total children,3730,100
2023,Reporting year,Regional,E92000001,England,E12000009,South West,,,,CLA 2 years on 31 March,Mid-year moves,With one or more mid-year moves during the previous 2 years,630,17
2023,Reporting year,Regional,E92000001,England,E12000009,South West,,,,CLA on 31 March,Any moves,Total children,4400,100
2023,Reporting year,Regional,E92000001,England,E12000009,South West,,,,CLA on 31 March,Any moves,With one or more moves during the year,620,14
2023,Reporting year,Regional,E92000001,England,E12000009,South West,,,,CLA on 31 March,Mid-year moves,Total children,4400,100
2023,Reporting year,Regional,E92000001,England,E12000009,South West,,,,CLA on 31 March,Mid-year moves,With one or more mid-year moves during the year,440,10
2023,Reporting year,Regional,E92000001,England,E13000001,Inner London,,,,CLA 2 years on 31 March,Any moves,Total children,1990,100
2023,Reporting year,Regional,E92000001,England,E13000001,Inner London,,,,CLA 2 years on 31 March,Any moves,With one or more moves during the previous 2 years,400,20
2023,Reporting year,Regional,E92000001,England,E13000001,Inner London,,,,CLA 2 years on 31 March,Mid-year moves,Total children,1990,100
2023,Reporting year,Regional,E92000001,England,E13000001,Inner London,,,,CLA 2 years on 31 March,Mid-year moves,With one or more mid-year moves during the previous 2 years,290,15
2023,Reporting year,Regional,E92000001,England,E13000001,Inner London,,,,CLA on 31 March,Any moves,Total children,2370,100
2023,Reporting year,Regional,E92000001,England,E13000001,Inner London,,,,CLA on 31 March,Any moves,With one or more moves during the year,260,11
2023,Reporting year,Regional,E92000001,England,E13000001,Inner London,,,,CLA on 31 March,Mid-year moves,Total children,2370,100
2023,Reporting year,Regional,E92000001,England,E13000001,Inner London,,,,CLA on 31 March,Mid-year moves,With one or more mid-year moves during the year,190,8
2023,Reporting year,Regional,E92000001,England,E13000002,Outer London,,,,CLA 2 years on 31 March,Any moves,Total children,2700,100
2023,Reporting year,Regional,E92000001,England,E13000002,Outer London,,,,CLA 2 years on 31 March,Any moves,With one or more moves during the previous 2 years,520,19
2023,Reporting year,Regional,E92000001,England,E13000002,Outer London,,,,CLA 2 years on 31 March,Mid-year moves,Total children,2700,100
2023,Reporting year,Regional,E92000001,England,E13000002,Outer London,,,,CLA 2 years on 31 March,Mid-year moves,With one or more mid-year moves during the previous 2 years,370,14
2023,Reporting year,Regional,E92000001,England,E13000002,Outer London,,,,CLA on 31 March,Any moves,Total children,3320,100
2023,Reporting year,Regional,E92000001,England,E13000002,Outer London,,,,CLA on 31 March,Any moves,With one or more moves during the year,370,11
2023,Reporting year,Regional,E92000001,England,E13000002,Outer London,,,,CLA on 31 March,Mid-year moves,Total children,3320,100
2023,Reporting year,Regional,E92000001,England,E13000002,Outer London,,,,CLA on 31 March,Mid-year moves,With one or more mid-year moves during the year,280,8
2023,Reporting year,Local authority,E92000001,England,E12000001,North East,805,Hartlepool,E06000001,CLA 2 years on 31 March,Any moves,Total children,189,100
2023,Reporting year,Local authority,E92000001,England,E12000001,North East,805,Hartlepool,E06000001,CLA 2 years on 31 March,Any moves,With one or more moves during the previous 2 years,35,19
2023,Reporting year,Local authority,E92000001,England,E12000001,North East,805,Hartlepool,E06000001,CLA 2 years on 31 March,Mid-year moves,Total children,189,100
2023,Reporting year,Local authority,E92000001,England,E12000001,North East,805,Hartlepool,E06000001,CLA 2 years on 31 March,Mid-year moves,With one or more mid-year moves during the previous 2 years,20,11
2023,Reporting year,Local authority,E92000001,England,E12000001,North East,805,Hartlepool,E06000001,CLA on 31 March,Any moves,Total children,240,100
2023,Reporting year,Local authority,E92000001,England,E12000001,North East,805,Hartlepool,E06000001,CLA on 31 March,Any moves,With one or more moves during the year,21,9
2023,Reporting year,Local authority,E92000001,England,E12000001,North East,805,Hartlepool,E06000001,CLA on 31 March,Mid-year moves,Total children,240,100
2023,Reporting year,Local authority,E92000001,England,E12000001,North East,805,Hartlepool,E06000001,CLA on 31 March,Mid-year moves,With one or more mid-year moves during the year,12,5
2023,Reporting year,Local authority,E92000001,England,E12000001,North East,806,Middlesbrough,E06000002,CLA 2 years on 31 March,Any moves,Total children,286,100
2023,Reporting year,Local authority,E92000001,England,E12000001,North East,806,Middlesbrough,E06000002,CLA 2 years on 31 March,Any moves,With one or more moves during the previous 2 years,43,15
2023,Reporting year,Local authority,E92000001,England,E12000001,North East,806,Middlesbrough,E06000002,CLA 2 years on 31 March,Mid-year moves,Total children,286,100
2023,Reporting year,Local authority,E92000001,England,E12000001,North East,806,Middlesbrough,E06000002,CLA 2 years on 31 March,Mid-year moves,With one or more mid-year moves during the previous 2 years,30,10
2023,Reporting year,Local authority,E92000001,England,E12000001,North East,806,Middlesbrough,E06000002,CLA on 31 March,Any moves,Total children,341,100
2023,Reporting year,Local authority,E92000001,England,E12000001,North East,806,Middlesbrough,E06000002,CLA on 31 March,Any moves,With one or more moves during the year,22,6
2023,Reporting year,Local authority,E92000001,England,E12000001,North East,806,Middlesbrough,E06000002,CLA on 31 March,Mid-year moves,Total children,341,100
2023,Reporting year,Local authority,E92000001,England,E12000001,North East,806,Middlesbrough,E06000002,CLA on 31 March,Mid-year moves,With one or more mid-year moves during the year,14,4
2023,Reporting year,Local authority,E92000001,England,E12000001,North East,807,Redcar and Cleveland,E06000003,CLA 2 years on 31 March,Any moves,Total children,197,100
2023,Reporting year,Local authority,E92000001,England,E12000001,North East,807,Redcar and Cleveland,E06000003,CLA 2 years on 31 March,Any moves,With one or more moves during the previous 2 years,27,14
2023,Reporting year,Local authority,E92000001,England,E12000001,North East,807,Redcar and Cleveland,E06000003,CLA 2 years on 31 March,Mid-year moves,Total children,197,100
2023,Reporting year,Local authority,E92000001,England,E12000001,North East,807,Redcar and Cleveland,E06000003,CLA 2 years on 31 March,Mid-year moves,With one or more mid-year moves during the previous 2 years,16,8
2023,Reporting year,Local authority,E92000001,England,E12000001,North East,807,Redcar and Cleveland,E06000003,CLA on 31 March,Any moves,Total children,270,100
2023,Reporting year,Local authority,E92000001,England,E12000001,North East,807,Redcar and Cleveland,E06000003,CLA on 31 March,Any moves,With one or more moves during the year,15,6
2023,Reporting year,Local authority,E92000001,England,E12000001,North East,807,Redcar and Cleveland,E06000003,CLA on 31 March,Mid-year moves,Total children,270,100
2023,Reporting year,Local authority,E92000001,England,E12000001,North East,807,Redcar and Cleveland,E06000003,CLA on 31 March,Mid-year moves,With one or more mid-year moves during the year,13,5
2023,Reporting year,Local authority,E92000001,England,E12000001,North East,808,Stockton-on-Tees,E06000004,CLA 2 years on 31 March,Any moves,Total children,367,100
2023,Reporting year,Local authority,E92000001,England,E12000001,North East,808,Stockton-on-Tees,E06000004,CLA 2 years on 31 March,Any moves,With one or more moves during the previous 2 years,61,17
2023,Reporting year,Local authority,E92000001,England,E12000001,North East,808,Stockton-on-Tees,E06000004,CLA 2 years on 31 March,Mid-year moves,Total children,367,100
2023,Reporting year,Local authority,E92000001,England,E12000001,North East,808,Stockton-on-Tees,E06000004,CLA 2 years on 31 March,Mid-year moves,With one or more mid-year moves during the previous 2 years,38,10
2023,Reporting year,Local authority,E92000001,England,E12000001,North East,808,Stockton-on-Tees,E06000004,CLA on 31 March,Any moves,Total children,410,100
2023,Reporting year,Local authority,E92000001,England,E12000001,North East,808,Stockton-on-Tees,E06000004,CLA on 31 March,Any moves,With one or more moves during the year,39,10
2023,Reporting year,Local authority,E92000001,England,E12000001,North East,808,Stockton-on-Tees,E06000004,CLA on 31 March,Mid-year moves,Total children,410,100
2023,Reporting year,Local authority,E92000001,England,E12000001,North East,808,Stockton-on-Tees,E06000004,CLA on 31 March,Mid-year moves,With one or more mid-year moves during the year,23,6
2023,Reporting year,Local authority,E92000001,England,E12000001,North East,841,Darlington,E06000005,CLA 2 years on 31 March,Any moves,Total children,172,100
2023,Reporting year,Local authority,E92000001,England,E12000001,North East,841,Darlington,E06000005,CLA 2 years on 31 March,Any moves,With one or more moves during the previous 2 years,23,13
2023,Reporting year,Local authority,E92000001,England,E12000001,North East,841,Darlington,E06000005,CLA 2 years on 31 March,Mid-year moves,Total children,172,100
2023,Reporting year,Local authority,E92000001,England,E12000001,North East,841,Darlington,E06000005,CLA 2 years on 31 March,Mid-year moves,With one or more mid-year moves during the previous 2 years,14,8
2023,Reporting year,Local authority,E92000001,England,E12000001,North East,841,Darlington,E06000005,CLA on 31 March,Any moves,Total children,215,100
2023,Reporting year,Local authority,E92000001,England,E12000001,North East,841,Darlington,E06000005,CLA on 31 March,Any moves,With one or more moves during the year,20,9
2023,Reporting year,Local authority,E92000001,England,E12000001,North East,841,Darlington,E06000005,CLA on 31 March,Mid-year moves,Total children,215,100
2023,Reporting year,Local authority,E92000001,England,E12000001,North East,841,Darlington,E06000005,CLA on 31 March,Mid-year moves,With one or more mid-year moves during the year,12,6
2023,Reporting year,Local authority,E92000001,England,E12000001,North East,840,County Durham,E06000047,CLA 2 years on 31 March,Any moves,Total children,599,100
2023,Reporting year,Local authority,E92000001,England,E12000001,North East,840,County Durham,E06000047,CLA 2 years on 31 March,Any moves,With one or more moves during the previous 2 years,101,17
2023,Reporting year,Local authority,E92000001,England,E12000001,North East,840,County Durham,E06000047,CLA 2 years on 31 March,Mid-year moves,Total children,599,100
2023,Reporting year,Local authority,E92000001,England,E12000001,North East,840,County Durham,E06000047,CLA 2 years on 31 March,Mid-year moves,With one or more mid-year moves during the previous 2 years,71,12
2023,Reporting year,Local authority,E92000001,England,E12000001,North East,840,County Durham,E06000047,CLA on 31 March,Any moves,Total children,692,100
2023,Reporting year,Local authority,E92000001,England,E12000001,North East,840,County Durham,E06000047,CLA on 31 March,Any moves,With one or more moves during the year,68,10
2023,Reporting year,Local authority,E92000001,England,E12000001,North East,840,County Durham,E06000047,CLA on 31 March,Mid-year moves,Total children,692,100
2023,Reporting year,Local authority,E92000001,England,E12000001,North East,840,County Durham,E06000047,CLA on 31 March,Mid-year moves,With one or more mid-year moves during the year,44,6
2023,Reporting year,Local authority,E92000001,England,E12000001,North East,929,Northumberland,E06000057,CLA 2 years on 31 March,Any moves,Total children,228,100
2023,Reporting year,Local authority,E92000001,England,E12000001,North East,929,Northumberland,E06000057,CLA 2 years on 31 March,Any moves,With one or more moves during the previous 2 years,39,17
2023,Reporting year,Local authority,E92000001,England,E12000001,North East,929,Northumberland,E06000057,CLA 2 years on 31 March,Mid-year moves,Total children,228,100
2023,Reporting year,Local authority,E92000001,England,E12000001,North East,929,Northumberland,E06000057,CLA 2 years on 31 March,Mid-year moves,With one or more mid-year moves during the previous 2 years,25,11
2023,Reporting year,Local authority,E92000001,England,E12000001,North East,929,Northumberland,E06000057,CLA on 31 March,Any moves,Total children,287,100
2023,Reporting year,Local authority,E92000001,England,E12000001,North East,929,Northumberland,E06000057,CLA on 31 March,Any moves,With one or more moves during the year,18,6
2023,Reporting year,Local authority,E92000001,England,E12000001,North East,929,Northumberland,E06000057,CLA on 31 March,Mid-year moves,Total children,287,100
2023,Reporting year,Local authority,E92000001,England,E12000001,North East,929,Northumberland,E06000057,CLA on 31 March,Mid-year moves,With one or more mid-year moves during the year,12,4
2023,Reporting year,Local authority,E92000001,England,E12000001,North East,391,Newcastle upon Tyne,E08000021,CLA 2 years on 31 March,Any moves,Total children,428,100
2023,Reporting year,Local authority,E92000001,England,E12000001,North East,391,Newcastle upon Tyne,E08000021,CLA 2 years on 31 March,Any moves,With one or more moves during the previous 2 years,77,18
2023,Reporting year,Local authority,E92000001,England,E12000001,North East,391,Newcastle upon Tyne,E08000021,CLA 2 years on 31 March,Mid-year moves,Total children,428,100
2023,Reporting year,Local authority,E92000001,England,E12000001,North East,391,Newcastle upon Tyne,E08000021,CLA 2 years on 31 March,Mid-year moves,With one or more mid-year moves during the previous 2 years,46,11
2023,Reporting year,Local authority,E92000001,England,E12000001,North East,391,Newcastle upon Tyne,E08000021,CLA on 31 March,Any moves,Total children,470,100
2023,Reporting year,Local authority,E92000001,England,E12000001,North East,391,Newcastle upon Tyne,E08000021,CLA on 31 March,Any moves,With one or more moves during the year,58,12
2023,Reporting year,Local authority,E92000001,England,E12000001,North East,391,Newcastle upon Tyne,E08000021,CLA on 31 March,Mid-year moves,Total children,470,100
2023,Reporting year,Local authority,E92000001,England,E12000001,North East,391,Newcastle upon Tyne,E08000021,CLA on 31 March,Mid-year moves,With one or more mid-year moves during the year,31,7
2023,Reporting year,Local authority,E92000001,England,E12000001,North East,392,North Tyneside,E08000022,CLA 2 years on 31 March,Any moves,Total children,180,100
2023,Reporting year,Local authority,E92000001,England,E12000001,North East,392,North Tyneside,E08000022,CLA 2 years on 31 March,Any moves,With one or more moves during the previous 2 years,23,13
2023,Reporting year,Local authority,E92000001,England,E12000001,North East,392,North Tyneside,E08000022,CLA 2 years on 31 March,Mid-year moves,Total children,180,100
2023,Reporting year,Local authority,E92000001,England,E12000001,North East,392,North Tyneside,E08000022,CLA 2 years on 31 March,Mid-year moves,With one or more mid-year moves during the previous 2 years,16,9
2023,Reporting year,Local authority,E92000001,England,E12000001,North East,392,North Tyneside,E08000022,CLA on 31 March,Any moves,Total children,234,100
2023,Reporting year,Local authority,E92000001,England,E12000001,North East,392,North Tyneside,E08000022,CLA on 31 March,Any moves,With one or more moves during the year,13,6
2023,Reporting year,Local authority,E92000001,England,E12000001,North East,392,North Tyneside,E08000022,CLA on 31 March,Mid-year moves,Total children,234,100
2023,Reporting year,Local authority,E92000001,England,E12000001,North East,392,North Tyneside,E08000022,CLA on 31 March,Mid-year moves,With one or more mid-year moves during the year,10,4
2023,Reporting year,Local authority,E92000001,England,E12000001,North East,393,South Tyneside,E08000023,CLA 2 years on 31 March,Any moves,Total children,167,100
2023,Reporting year,Local authority,E92000001,England,E12000001,North East,393,South Tyneside,E08000023,CLA 2 years on 31 March,Any moves,With one or more moves during the previous 2 years,21,13
2023,Reporting year,Local authority,E92000001,England,E12000001,North East,393,South Tyneside,E08000023,CLA 2 years on 31 March,Mid-year moves,Total children,167,100
2023,Reporting year,Local authority,E92000001,England,E12000001,North East,393,South Tyneside,E08000023,CLA 2 years on 31 March,Mid-year moves,With one or more mid-year moves during the previous 2 years,12,7
2023,Reporting year,Local authority,E92000001,England,E12000001,North East,393,South Tyneside,E08000023,CLA on 31 March,Any moves,Total children,200,100
2023,Reporting year,Local authority,E92000001,England,E12000001,North East,393,South Tyneside,E08000023,CLA on 31 March,Any moves,With one or more moves during the year,9,5
2023,Reporting year,Local authority,E92000001,England,E12000001,North East,393,South Tyneside,E08000023,CLA on 31 March,Mid-year moves,Total children,200,100
2023,Reporting year,Local authority,E92000001,England,E12000001,North East,393,South Tyneside,E08000023,CLA on 31 March,Mid-year moves,With one or more mid-year moves during the year,7,4
2023,Reporting year,Local authority,E92000001,England,E12000001,North East,394,Sunderland,E08000024,CLA 2 years on 31 March,Any moves,Total children,321,100
2023,Reporting year,Local authority,E92000001,England,E12000001,North East,394,Sunderland,E08000024,CLA 2 years on 31 March,Any moves,With one or more moves during the previous 2 years,89,28
2023,Reporting year,Local authority,E92000001,England,E12000001,North East,394,Sunderland,E08000024,CLA 2 years on 31 March,Mid-year moves,Total children,321,100
2023,Reporting year,Local authority,E92000001,England,E12000001,North East,394,Sunderland,E08000024,CLA 2 years on 31 March,Mid-year moves,With one or more mid-year moves during the previous 2 years,66,21
2023,Reporting year,Local authority,E92000001,England,E12000001,North East,394,Sunderland,E08000024,CLA on 31 March,Any moves,Total children,353,100
2023,Reporting year,Local authority,E92000001,England,E12000001,North East,394,Sunderland,E08000024,CLA on 31 March,Any moves,With one or more moves during the year,48,14
2023,Reporting year,Local authority,E92000001,England,E12000001,North East,394,Sunderland,E08000024,CLA on 31 March,Mid-year moves,Total children,353,100
2023,Reporting year,Local authority,E92000001,England,E12000001,North East,394,Sunderland,E08000024,CLA on 31 March,Mid-year moves,With one or more mid-year moves during the year,33,9
2023,Reporting year,Local authority,E92000001,England,E12000001,North East,390,Gateshead,E08000037,CLA 2 years on 31 March,Any moves,Total children,286,100
2023,Reporting year,Local authority,E92000001,England,E12000001,North East,390,Gateshead,E08000037,CLA 2 years on 31 March,Any moves,With one or more moves during the previous 2 years,57,20
2023,Reporting year,Local authority,E92000001,England,E12000001,North East,390,Gateshead,E08000037,CLA 2 years on 31 March,Mid-year moves,Total children,286,100
2023,Reporting year,Local authority,E92000001,England,E12000001,North East,390,Gateshead,E08000037,CLA 2 years on 31 March,Mid-year moves,With one or more mid-year moves during the previous 2 years,40,14
2023,Reporting year,Local authority,E92000001,England,E12000001,North East,390,Gateshead,E08000037,CLA on 31 March,Any moves,Total children,386,100
2023,Reporting year,Local authority,E92000001,England,E12000001,North East,390,Gateshead,E08000037,CLA on 31 March,Any moves,With one or more moves during the year,35,9
2023,Reporting year,Local authority,E92000001,England,E12000001,North East,390,Gateshead,E08000037,CLA on 31 March,Mid-year moves,Total children,386,100
2023,Reporting year,Local authority,E92000001,England,E12000001,North East,390,Gateshead,E08000037,CLA on 31 March,Mid-year moves,With one or more mid-year moves during the year,22,6
2023,Reporting year,Local authority,E92000001,England,E12000002,North West,876,Halton,E06000006,CLA 2 years on 31 March,Any moves,Total children,194,100
2023,Reporting year,Local authority,E92000001,England,E12000002,North West,876,Halton,E06000006,CLA 2 years on 31 March,Any moves,With one or more moves during the previous 2 years,33,17
2023,Reporting year,Local authority,E92000001,England,E12000002,North West,876,Halton,E06000006,CLA 2 years on 31 March,Mid-year moves,Total children,194,100
2023,Reporting year,Local authority,E92000001,England,E12000002,North West,876,Halton,E06000006,CLA 2 years on 31 March,Mid-year moves,With one or more mid-year moves during the previous 2 years,21,11
2023,Reporting year,Local authority,E92000001,England,E12000002,North West,876,Halton,E06000006,CLA on 31 March,Any moves,Total children,247,100
2023,Reporting year,Local authority,E92000001,England,E12000002,North West,876,Halton,E06000006,CLA on 31 March,Any moves,With one or more moves during the year,20,8
2023,Reporting year,Local authority,E92000001,England,E12000002,North West,876,Halton,E06000006,CLA on 31 March,Mid-year moves,Total children,247,100
2023,Reporting year,Local authority,E92000001,England,E12000002,North West,876,Halton,E06000006,CLA on 31 March,Mid-year moves,With one or more mid-year moves during the year,13,5
2023,Reporting year,Local authority,E92000001,England,E12000002,North West,877,Warrington,E06000007,CLA 2 years on 31 March,Any moves,Total children,188,100
2023,Reporting year,Local authority,E92000001,England,E12000002,North West,877,Warrington,E06000007,CLA 2 years on 31 March,Any moves,With one or more moves during the previous 2 years,26,14
2023,Reporting year,Local authority,E92000001,England,E12000002,North West,877,Warrington,E06000007,CLA 2 years on 31 March,Mid-year moves,Total children,188,100
2023,Reporting year,Local authority,E92000001,England,E12000002,North West,877,Warrington,E06000007,CLA 2 years on 31 March,Mid-year moves,With one or more mid-year moves during the previous 2 years,18,10
2023,Reporting year,Local authority,E92000001,England,E12000002,North West,877,Warrington,E06000007,CLA on 31 March,Any moves,Total children,224,100
2023,Reporting year,Local authority,E92000001,England,E12000002,North West,877,Warrington,E06000007,CLA on 31 March,Any moves,With one or more moves during the year,15,7
2023,Reporting year,Local authority,E92000001,England,E12000002,North West,877,Warrington,E06000007,CLA on 31 March,Mid-year moves,Total children,224,100
2023,Reporting year,Local authority,E92000001,England,E12000002,North West,877,Warrington,E06000007,CLA on 31 March,Mid-year moves,With one or more mid-year moves during the year,11,5
2023,Reporting year,Local authority,E92000001,England,E12000002,North West,889,Blackburn with Darwen,E06000008,CLA 2 years on 31 March,Any moves,Total children,211,100
2023,Reporting year,Local authority,E92000001,England,E12000002,North West,889,Blackburn with Darwen,E06000008,CLA 2 years on 31 March,Any moves,With one or more moves during the previous 2 years,39,18
2023,Reporting year,Local authority,E92000001,England,E12000002,North West,889,Blackburn with Darwen,E06000008,CLA 2 years on 31 March,Mid-year moves,Total children,211,100
2023,Reporting year,Local authority,E92000001,England,E12000002,North West,889,Blackburn with Darwen,E06000008,CLA 2 years on 31 March,Mid-year moves,With one or more mid-year moves during the previous 2 years,24,11
2023,Reporting year,Local authority,E92000001,England,E12000002,North West,889,Blackburn with Darwen,E06000008,CLA on 31 March,Any moves,Total children,229,100
2023,Reporting year,Local authority,E92000001,England,E12000002,North West,889,Blackburn with Darwen,E06000008,CLA on 31 March,Any moves,With one or more moves during the year,30,13
2023,Reporting year,Local authority,E92000001,England,E12000002,North West,889,Blackburn with Darwen,E06000008,CLA on 31 March,Mid-year moves,Total children,229,100
2023,Reporting year,Local authority,E92000001,England,E12000002,North West,889,Blackburn with Darwen,E06000008,CLA on 31 March,Mid-year moves,With one or more mid-year moves during the year,17,7
2023,Reporting year,Local authority,E92000001,England,E12000002,North West,890,Blackpool,E06000009,CLA 2 years on 31 March,Any moves,Total children,316,100
2023,Reporting year,Local authority,E92000001,England,E12000002,North West,890,Blackpool,E06000009,CLA 2 years on 31 March,Any moves,With one or more moves during the previous 2 years,70,22
2023,Reporting year,Local authority,E92000001,England,E12000002,North West,890,Blackpool,E06000009,CLA 2 years on 31 March,Mid-year moves,Total children,316,100
2023,Reporting year,Local authority,E92000001,England,E12000002,North West,890,Blackpool,E06000009,CLA 2 years on 31 March,Mid-year moves,With one or more mid-year moves during the previous 2 years,56,18
2023,Reporting year,Local authority,E92000001,England,E12000002,North West,890,Blackpool,E06000009,CLA on 31 March,Any moves,Total children,342,100
2023,Reporting year,Local authority,E92000001,England,E12000002,North West,890,Blackpool,E06000009,CLA on 31 March,Any moves,With one or more moves during the year,48,14
2023,Reporting year,Local authority,E92000001,England,E12000002,North West,890,Blackpool,E06000009,CLA on 31 March,Mid-year moves,Total children,342,100
2023,Reporting year,Local authority,E92000001,England,E12000002,North West,890,Blackpool,E06000009,CLA on 31 March,Mid-year moves,With one or more mid-year moves during the year,37,11
2023,Reporting year,Local authority,E92000001,England,E12000002,North West,895,Cheshire East,E06000049,CLA 2 years on 31 March,Any moves,Total children,292,100
2023,Reporting year,Local authority,E92000001,England,E12000002,North West,895,Cheshire East,E06000049,CLA 2 years on 31 March,Any moves,With one or more moves during the previous 2 years,35,12
2023,Reporting year,Local authority,E92000001,England,E12000002,North West,895,Cheshire East,E06000049,CLA 2 years on 31 March,Mid-year moves,Total children,292,100
2023,Reporting year,Local authority,E92000001,England,E12000002,North West,895,Cheshire East,E06000049,CLA 2 years on 31 March,Mid-year moves,With one or more mid-year moves during the previous 2 years,24,8
2023,Reporting year,Local authority,E92000001,England,E12000002,North West,895,Cheshire East,E06000049,CLA on 31 March,Any moves,Total children,337,100
2023,Reporting year,Local authority,E92000001,England,E12000002,North West,895,Cheshire East,E06000049,CLA on 31 March,Any moves,With one or more moves during the year,24,7
2023,Reporting year,Local authority,E92000001,England,E12000002,North West,895,Cheshire East,E06000049,CLA on 31 March,Mid-year moves,Total children,337,100
2023,Reporting year,Local authority,E92000001,England,E12000002,North West,895,Cheshire East,E06000049,CLA on 31 March,Mid-year moves,With one or more mid-year moves during the year,17,5
2023,Reporting year,Local authority,E92000001,England,E12000002,North West,896,Cheshire West and Chester,E06000050,CLA 2 years on 31 March,Any moves,Total children,323,100
2023,Reporting year,Local authority,E92000001,England,E12000002,North West,896,Cheshire West and Chester,E06000050,CLA 2 years on 31 March,Any moves,With one or more moves during the previous 2 years,46,14
2023,Reporting year,Local authority,E92000001,England,E12000002,North West,896,Cheshire West and Chester,E06000050,CLA 2 years on 31 March,Mid-year moves,Total children,323,100
2023,Reporting year,Local authority,E92000001,England,E12000002,North West,896,Cheshire West and Chester,E06000050,CLA 2 years on 31 March,Mid-year moves,With one or more mid-year moves during the previous 2 years,31,10
2023,Reporting year,Local authority,E92000001,England,E12000002,North West,896,Cheshire West and Chester,E06000050,CLA on 31 March,Any moves,Total children,373,100
2023,Reporting year,Local authority,E92000001,England,E12000002,North West,896,Cheshire West and Chester,E06000050,CLA on 31 March,Any moves,With one or more moves during the year,28,8
2023,Reporting year,Local authority,E92000001,England,E12000002,North West,896,Cheshire West and Chester,E06000050,CLA on 31 March,Mid-year moves,Total children,373,100
2023,Reporting year,Local authority,E92000001,England,E12000002,North West,896,Cheshire West and Chester,E06000050,CLA on 31 March,Mid-year moves,With one or more mid-year moves during the year,19,5
2023,Reporting year,Local authority,E92000001,England,E12000002,North West,942,Cumberland,E06000063,CLA 2 years on 31 March,Any moves,Total children,z,z
2023,Reporting year,Local authority,E92000001,England,E12000002,North West,942,Cumberland,E06000063,CLA 2 years on 31 March,Any moves,With one or more moves during the previous 2 years,z,z
2023,Reporting year,Local authority,E92000001,England,E12000002,North West,942,Cumberland,E06000063,CLA 2 years on 31 March,Mid-year moves,Total children,z,z
2023,Reporting year,Local authority,E92000001,England,E12000002,North West,942,Cumberland,E06000063,CLA 2 years on 31 March,Mid-year moves,With one or more mid-year moves during the previous 2 years,z,z
2023,Reporting year,Local authority,E92000001,England,E12000002,North West,942,Cumberland,E06000063,CLA on 31 March,Any moves,Total children,z,z
2023,Reporting year,Local authority,E92000001,England,E12000002,North West,942,Cumberland,E06000063,CLA on 31 March,Any moves,With one or more moves during the year,z,z
2023,Reporting year,Local authority,E92000001,England,E12000002,North West,942,Cumberland,E06000063,CLA on 31 March,Mid-year moves,Total children,z,z
2023,Reporting year,Local authority,E92000001,England,E12000002,North West,942,Cumberland,E06000063,CLA on 31 March,Mid-year moves,With one or more mid-year moves during the year,z,z
2023,Reporting year,Local authority,E92000001,England,E12000002,North West,943,Westmorland and Furness,E06000064,CLA 2 years on 31 March,Any moves,Total children,z,z
2023,Reporting year,Local authority,E92000001,England,E12000002,North West,943,Westmorland and Furness,E06000064,CLA 2 years on 31 March,Any moves,With one or more moves during the previous 2 years,z,z
2023,Reporting year,Local authority,E92000001,England,E12000002,North West,943,Westmorland and Furness,E06000064,CLA 2 years on 31 March,Mid-year moves,Total children,z,z
2023,Reporting year,Local authority,E92000001,England,E12000002,North West,943,Westmorland and Furness,E06000064,CLA 2 years on 31 March,Mid-year moves,With one or more mid-year moves during the previous 2 years,z,z
2023,Reporting year,Local authority,E92000001,England,E12000002,North West,943,Westmorland and Furness,E06000064,CLA on 31 March,Any moves,Total children,z,z
2023,Reporting year,Local authority,E92000001,England,E12000002,North West,943,Westmorland and Furness,E06000064,CLA on 31 March,Any moves,With one or more moves during the year,z,z
2023,Reporting year,Local authority,E92000001,England,E12000002,North West,943,Westmorland and Furness,E06000064,CLA on 31 March,Mid-year moves,Total children,z,z
2023,Reporting year,Local authority,E92000001,England,E12000002,North West,943,Westmorland and Furness,E06000064,CLA on 31 March,Mid-year moves,With one or more mid-year moves during the year,z,z
2023,Reporting year,Local authority,E92000001,England,E12000002,North West,350,Bolton,E08000001,CLA 2 years on 31 March,Any moves,Total children,335,100
2023,Reporting year,Local authority,E92000001,England,E12000002,North West,350,Bolton,E08000001,CLA 2 years on 31 March,Any moves,With one or more moves during the previous 2 years,47,14
2023,Reporting year,Local authority,E92000001,England,E12000002,North West,350,Bolton,E08000001,CLA 2 years on 31 March,Mid-year moves,Total children,335,100
2023,Reporting year,Local authority,E92000001,England,E12000002,North West,350,Bolton,E08000001,CLA 2 years on 31 March,Mid-year moves,With one or more mid-year moves during the previous 2 years,39,12
2023,Reporting year,Local authority,E92000001,England,E12000002,North West,350,Bolton,E08000001,CLA on 31 March,Any moves,Total children,383,100
2023,Reporting year,Local authority,E92000001,England,E12000002,North West,350,Bolton,E08000001,CLA on 31 March,Any moves,With one or more moves during the year,39,10
2023,Reporting year,Local authority,E92000001,England,E12000002,North West,350,Bolton,E08000001,CLA on 31 March,Mid-year moves,Total children,383,100
2023,Reporting year,Local authority,E92000001,England,E12000002,North West,350,Bolton,E08000001,CLA on 31 March,Mid-year moves,With one or more mid-year moves during the year,32,8
2023,Reporting year,Local authority,E92000001,England,E12000002,North West,351,Bury,E08000002,CLA 2 years on 31 March,Any moves,Total children,216,100
2023,Reporting year,Local authority,E92000001,England,E12000002,North West,351,Bury,E08000002,CLA 2 years on 31 March,Any moves,With one or more moves during the previous 2 years,36,17
2023,Reporting year,Local authority,E92000001,England,E12000002,North West,351,Bury,E08000002,CLA 2 years on 31 March,Mid-year moves,Total children,216,100
2023,Reporting year,Local authority,E92000001,England,E12000002,North West,351,Bury,E08000002,CLA 2 years on 31 March,Mid-year moves,With one or more mid-year moves during the previous 2 years,25,12
2023,Reporting year,Local authority,E92000001,England,E12000002,North West,351,Bury,E08000002,CLA on 31 March,Any moves,Total children,226,100
2023,Reporting year,Local authority,E92000001,England,E12000002,North West,351,Bury,E08000002,CLA on 31 March,Any moves,With one or more moves during the year,26,12
2023,Reporting year,Local authority,E92000001,England,E12000002,North West,351,Bury,E08000002,CLA on 31 March,Mid-year moves,Total children,226,100
2023,Reporting year,Local authority,E92000001,England,E12000002,North West,351,Bury,E08000002,CLA on 31 March,Mid-year moves,With one or more mid-year moves during the year,20,9
2023,Reporting year,Local authority,E92000001,England,E12000002,North West,352,Manchester,E08000003,CLA 2 years on 31 March,Any moves,Total children,743,100
2023,Reporting year,Local authority,E92000001,England,E12000002,North West,352,Manchester,E08000003,CLA 2 years on 31 March,Any moves,With one or more moves during the previous 2 years,138,19
2023,Reporting year,Local authority,E92000001,England,E12000002,North West,352,Manchester,E08000003,CLA 2 years on 31 March,Mid-year moves,Total children,743,100
2023,Reporting year,Local authority,E92000001,England,E12000002,North West,352,Manchester,E08000003,CLA 2 years on 31 March,Mid-year moves,With one or more mid-year moves during the previous 2 years,79,11
2023,Reporting year,Local authority,E92000001,England,E12000002,North West,352,Manchester,E08000003,CLA on 31 March,Any moves,Total children,846,100
2023,Reporting year,Local authority,E92000001,England,E12000002,North West,352,Manchester,E08000003,CLA on 31 March,Any moves,With one or more moves during the year,64,8
2023,Reporting year,Local authority,E92000001,England,E12000002,North West,352,Manchester,E08000003,CLA on 31 March,Mid-year moves,Total children,846,100
2023,Reporting year,Local authority,E92000001,England,E12000002,North West,352,Manchester,E08000003,CLA on 31 March,Mid-year moves,With one or more mid-year moves during the year,44,5
2023,Reporting year,Local authority,E92000001,England,E12000002,North West,353,Oldham,E08000004,CLA 2 years on 31 March,Any moves,Total children,316,100
2023,Reporting year,Local authority,E92000001,England,E12000002,North West,353,Oldham,E08000004,CLA 2 years on 31 March,Any moves,With one or more moves during the previous 2 years,56,18
2023,Reporting year,Local authority,E92000001,England,E12000002,North West,353,Oldham,E08000004,CLA 2 years on 31 March,Mid-year moves,Total children,316,100
2023,Reporting year,Local authority,E92000001,England,E12000002,North West,353,Oldham,E08000004,CLA 2 years on 31 March,Mid-year moves,With one or more mid-year moves during the previous 2 years,40,13
2023,Reporting year,Local authority,E92000001,England,E12000002,North West,353,Oldham,E08000004,CLA on 31 March,Any moves,Total children,359,100
2023,Reporting year,Local authority,E92000001,England,E12000002,North West,353,Oldham,E08000004,CLA on 31 March,Any moves,With one or more moves during the year,44,12
2023,Reporting year,Local authority,E92000001,England,E12000002,North West,353,Oldham,E08000004,CLA on 31 March,Mid-year moves,Total children,359,100
2023,Reporting year,Local authority,E92000001,England,E12000002,North West,353,Oldham,E08000004,CLA on 31 March,Mid-year moves,With one or more mid-year moves during the year,30,8
2023,Reporting year,Local authority,E92000001,England,E12000002,North West,354,Rochdale,E08000005,CLA 2 years on 31 March,Any moves,Total children,332,100
2023,Reporting year,Local authority,E92000001,England,E12000002,North West,354,Rochdale,E08000005,CLA 2 years on 31 March,Any moves,With one or more moves during the previous 2 years,79,24
2023,Reporting year,Local authority,E92000001,England,E12000002,North West,354,Rochdale,E08000005,CLA 2 years on 31 March,Mid-year moves,Total children,332,100
2023,Reporting year,Local authority,E92000001,England,E12000002,North West,354,Rochdale,E08000005,CLA 2 years on 31 March,Mid-year moves,With one or more mid-year moves during the previous 2 years,56,17
2023,Reporting year,Local authority,E92000001,England,E12000002,North West,354,Rochdale,E08000005,CLA on 31 March,Any moves,Total children,399,100
2023,Reporting year,Local authority,E92000001,England,E12000002,North West,354,Rochdale,E08000005,CLA on 31 March,Any moves,With one or more moves during the year,40,10
2023,Reporting year,Local authority,E92000001,England,E12000002,North West,354,Rochdale,E08000005,CLA on 31 March,Mid-year moves,Total children,399,100
2023,Reporting year,Local authority,E92000001,England,E12000002,North West,354,Rochdale,E08000005,CLA on 31 March,Mid-year moves,With one or more mid-year moves during the year,30,8
2023,Reporting year,Local authority,E92000001,England,E12000002,North West,355,Salford,E08000006,CLA 2 years on 31 March,Any moves,Total children,312,100
2023,Reporting year,Local authority,E92000001,England,E12000002,North West,355,Salford,E08000006,CLA 2 years on 31 March,Any moves,With one or more moves during the previous 2 years,53,17
2023,Reporting year,Local authority,E92000001,England,E12000002,North West,355,Salford,E08000006,CLA 2 years on 31 March,Mid-year moves,Total children,312,100
2023,Reporting year,Local authority,E92000001,England,E12000002,North West,355,Salford,E08000006,CLA 2 years on 31 March,Mid-year moves,With one or more mid-year moves during the previous 2 years,33,11
2023,Reporting year,Local authority,E92000001,England,E12000002,North West,355,Salford,E08000006,CLA on 31 March,Any moves,Total children,392,100
2023,Reporting year,Local authority,E92000001,England,E12000002,North West,355,Salford,E08000006,CLA on 31 March,Any moves,With one or more moves during the year,43,11
2023,Reporting year,Local authority,E92000001,England,E12000002,North West,355,Salford,E08000006,CLA on 31 March,Mid-year moves,Total children,392,100
2023,Reporting year,Local authority,E92000001,England,E12000002,North West,355,Salford,E08000006,CLA on 31 March,Mid-year moves,With one or more mid-year moves during the year,28,7
2023,Reporting year,Local authority,E92000001,England,E12000002,North West,356,Stockport,E08000007,CLA 2 years on 31 March,Any moves,Total children,268,100
2023,Reporting year,Local authority,E92000001,England,E12000002,North West,356,Stockport,E08000007,CLA 2 years on 31 March,Any moves,With one or more moves during the previous 2 years,31,12
2023,Reporting year,Local authority,E92000001,England,E12000002,North West,356,Stockport,E08000007,CLA 2 years on 31 March,Mid-year moves,Total children,268,100
2023,Reporting year,Local authority,E92000001,England,E12000002,North West,356,Stockport,E08000007,CLA 2 years on 31 March,Mid-year moves,With one or more mid-year moves during the previous 2 years,21,8
2023,Reporting year,Local authority,E92000001,England,E12000002,North West,356,Stockport,E08000007,CLA on 31 March,Any moves,Total children,331,100
2023,Reporting year,Local authority,E92000001,England,E12000002,North West,356,Stockport,E08000007,CLA on 31 March,Any moves,With one or more moves during the year,27,8
2023,Reporting year,Local authority,E92000001,England,E12000002,North West,356,Stockport,E08000007,CLA on 31 March,Mid-year moves,Total children,331,100
2023,Reporting year,Local authority,E92000001,England,E12000002,North West,356,Stockport,E08000007,CLA on 31 March,Mid-year moves,With one or more mid-year moves during the year,19,6
2023,Reporting year,Local authority,E92000001,England,E12000002,North West,357,Tameside,E08000008,CLA 2 years on 31 March,Any moves,Total children,397,100
2023,Reporting year,Local authority,E92000001,England,E12000002,North West,357,Tameside,E08000008,CLA 2 years on 31 March,Any moves,With one or more moves during the previous 2 years,64,16
2023,Reporting year,Local authority,E92000001,England,E12000002,North West,357,Tameside,E08000008,CLA 2 years on 31 March,Mid-year moves,Total children,397,100
2023,Reporting year,Local authority,E92000001,England,E12000002,North West,357,Tameside,E08000008,CLA 2 years on 31 March,Mid-year moves,With one or more mid-year moves during the previous 2 years,42,11
2023,Reporting year,Local authority,E92000001,England,E12000002,North West,357,Tameside,E08000008,CLA on 31 March,Any moves,Total children,449,100
2023,Reporting year,Local authority,E92000001,England,E12000002,North West,357,Tameside,E08000008,CLA on 31 March,Any moves,With one or more moves during the year,44,10
2023,Reporting year,Local authority,E92000001,England,E12000002,North West,357,Tameside,E08000008,CLA on 31 March,Mid-year moves,Total children,449,100
2023,Reporting year,Local authority,E92000001,England,E12000002,North West,357,Tameside,E08000008,CLA on 31 March,Mid-year moves,With one or more mid-year moves during the year,28,6
2023,Reporting year,Local authority,E92000001,England,E12000002,North West,358,Trafford,E08000009,CLA 2 years on 31 March,Any moves,Total children,209,100
2023,Reporting year,Local authority,E92000001,England,E12000002,North West,358,Trafford,E08000009,CLA 2 years on 31 March,Any moves,With one or more moves during the previous 2 years,27,13
2023,Reporting year,Local authority,E92000001,England,E12000002,North West,358,Trafford,E08000009,CLA 2 years on 31 March,Mid-year moves,Total children,209,100
2023,Reporting year,Local authority,E92000001,England,E12000002,North West,358,Trafford,E08000009,CLA 2 years on 31 March,Mid-year moves,With one or more mid-year moves during the previous 2 years,18,9
2023,Reporting year,Local authority,E92000001,England,E12000002,North West,358,Trafford,E08000009,CLA on 31 March,Any moves,Total children,251,100
2023,Reporting year,Local authority,E92000001,England,E12000002,North West,358,Trafford,E08000009,CLA on 31 March,Any moves,With one or more moves during the year,17,7
2023,Reporting year,Local authority,E92000001,England,E12000002,North West,358,Trafford,E08000009,CLA on 31 March,Mid-year moves,Total children,251,100
2023,Reporting year,Local authority,E92000001,England,E12000002,North West,358,Trafford,E08000009,CLA on 31 March,Mid-year moves,With one or more mid-year moves during the year,13,5
2023,Reporting year,Local authority,E92000001,England,E12000002,North West,359,Wigan,E08000010,CLA 2 years on 31 March,Any moves,Total children,387,100
2023,Reporting year,Local authority,E92000001,England,E12000002,North West,359,Wigan,E08000010,CLA 2 years on 31 March,Any moves,With one or more moves during the previous 2 years,62,16
2023,Reporting year,Local authority,E92000001,England,E12000002,North West,359,Wigan,E08000010,CLA 2 years on 31 March,Mid-year moves,Total children,387,100
2023,Reporting year,Local authority,E92000001,England,E12000002,North West,359,Wigan,E08000010,CLA 2 years on 31 March,Mid-year moves,With one or more mid-year moves during the previous 2 years,49,13
2023,Reporting year,Local authority,E92000001,England,E12000002,North West,359,Wigan,E08000010,CLA on 31 March,Any moves,Total children,449,100
2023,Reporting year,Local authority,E92000001,England,E12000002,North West,359,Wigan,E08000010,CLA on 31 March,Any moves,With one or more moves during the year,53,12
2023,Reporting year,Local authority,E92000001,England,E12000002,North West,359,Wigan,E08000010,CLA on 31 March,Mid-year moves,Total children,449,100
2023,Reporting year,Local authority,E92000001,England,E12000002,North West,359,Wigan,E08000010,CLA on 31 March,Mid-year moves,With one or more mid-year moves during the year,40,9
2023,Reporting year,Local authority,E92000001,England,E12000002,North West,340,Knowsley,E08000011,CLA 2 years on 31 March,Any moves,Total children,198,100
2023,Reporting year,Local authority,E92000001,England,E12000002,North West,340,Knowsley,E08000011,CLA 2 years on 31 March,Any moves,With one or more moves during the previous 2 years,28,14
2023,Reporting year,Local authority,E92000001,England,E12000002,North West,340,Knowsley,E08000011,CLA 2 years on 31 March,Mid-year moves,Total children,198,100
2023,Reporting year,Local authority,E92000001,England,E12000002,North West,340,Knowsley,E08000011,CLA 2 years on 31 March,Mid-year moves,With one or more mid-year moves during the previous 2 years,19,10
2023,Reporting year,Local authority,E92000001,England,E12000002,North West,340,Knowsley,E08000011,CLA on 31 March,Any moves,Total children,214,100
2023,Reporting year,Local authority,E92000001,England,E12000002,North West,340,Knowsley,E08000011,CLA on 31 March,Any moves,With one or more moves during the year,20,9
2023,Reporting year,Local authority,E92000001,England,E12000002,North West,340,Knowsley,E08000011,CLA on 31 March,Mid-year moves,Total children,214,100
2023,Reporting year,Local authority,E92000001,England,E12000002,North West,340,Knowsley,E08000011,CLA on 31 March,Mid-year moves,With one or more mid-year moves during the year,14,7
2023,Reporting year,Local authority,E92000001,England,E12000002,North West,341,Liverpool,E08000012,CLA 2 years on 31 March,Any moves,Total children,965,100
2023,Reporting year,Local authority,E92000001,England,E12000002,North West,341,Liverpool,E08000012,CLA 2 years on 31 March,Any moves,With one or more moves during the previous 2 years,172,18
2023,Reporting year,Local authority,E92000001,England,E12000002,North West,341,Liverpool,E08000012,CLA 2 years on 31 March,Mid-year moves,Total children,965,100
2023,Reporting year,Local authority,E92000001,England,E12000002,North West,341,Liverpool,E08000012,CLA 2 years on 31 March,Mid-year moves,With one or more mid-year moves during the previous 2 years,119,12
2023,Reporting year,Local authority,E92000001,England,E12000002,North West,341,Liverpool,E08000012,CLA on 31 March,Any moves,Total children,1043,100
2023,Reporting year,Local authority,E92000001,England,E12000002,North West,341,Liverpool,E08000012,CLA on 31 March,Any moves,With one or more moves during the year,79,8
2023,Reporting year,Local authority,E92000001,England,E12000002,North West,341,Liverpool,E08000012,CLA on 31 March,Mid-year moves,Total children,1043,100
2023,Reporting year,Local authority,E92000001,England,E12000002,North West,341,Liverpool,E08000012,CLA on 31 March,Mid-year moves,With one or more mid-year moves during the year,59,6
2023,Reporting year,Local authority,E92000001,England,E12000002,North West,342,St. Helens,E08000013,CLA 2 years on 31 March,Any moves,Total children,290,100
2023,Reporting year,Local authority,E92000001,England,E12000002,North West,342,St. Helens,E08000013,CLA 2 years on 31 March,Any moves,With one or more moves during the previous 2 years,49,17
2023,Reporting year,Local authority,E92000001,England,E12000002,North West,342,St. Helens,E08000013,CLA 2 years on 31 March,Mid-year moves,Total children,290,100
2023,Reporting year,Local authority,E92000001,England,E12000002,North West,342,St. Helens,E08000013,CLA 2 years on 31 March,Mid-year moves,With one or more mid-year moves during the previous 2 years,36,12
2023,Reporting year,Local authority,E92000001,England,E12000002,North West,342,St. Helens,E08000013,CLA on 31 March,Any moves,Total children,330,100
2023,Reporting year,Local authority,E92000001,England,E12000002,North West,342,St. Helens,E08000013,CLA on 31 March,Any moves,With one or more moves during the year,37,11
2023,Reporting year,Local authority,E92000001,England,E12000002,North West,342,St. Helens,E08000013,CLA on 31 March,Mid-year moves,Total children,330,100
2023,Reporting year,Local authority,E92000001,England,E12000002,North West,342,St. Helens,E08000013,CLA on 31 March,Mid-year moves,With one or more mid-year moves during the year,30,9
2023,Reporting year,Local authority,E92000001,England,E12000002,North West,343,Sefton,E08000014,CLA 2 years on 31 March,Any moves,Total children,369,100
2023,Reporting year,Local authority,E92000001,England,E12000002,North West,343,Sefton,E08000014,CLA 2 years on 31 March,Any moves,With one or more moves during the previous 2 years,62,17
2023,Reporting year,Local authority,E92000001,England,E12000002,North West,343,Sefton,E08000014,CLA 2 years on 31 March,Mid-year moves,Total children,369,100
2023,Reporting year,Local authority,E92000001,England,E12000002,North West,343,Sefton,E08000014,CLA 2 years on 31 March,Mid-year moves,With one or more mid-year moves during the previous 2 years,42,11
2023,Reporting year,Local authority,E92000001,England,E12000002,North West,343,Sefton,E08000014,CLA on 31 March,Any moves,Total children,425,100
2023,Reporting year,Local authority,E92000001,England,E12000002,North West,343,Sefton,E08000014,CLA on 31 March,Any moves,With one or more moves during the year,39,9
2023,Reporting year,Local authority,E92000001,England,E12000002,North West,343,Sefton,E08000014,CLA on 31 March,Mid-year moves,Total children,425,100
2023,Reporting year,Local authority,E92000001,England,E12000002,North West,343,Sefton,E08000014,CLA on 31 March,Mid-year moves,With one or more mid-year moves during the year,28,7
2023,Reporting year,Local authority,E92000001,England,E12000002,North West,344,Wirral,E08000015,CLA 2 years on 31 March,Any moves,Total children,502,100
2023,Reporting year,Local authority,E92000001,England,E12000002,North West,344,Wirral,E08000015,CLA 2 years on 31 March,Any moves,With one or more moves during the previous 2 years,57,11
2023,Reporting year,Local authority,E92000001,England,E12000002,North West,344,Wirral,E08000015,CLA 2 years on 31 March,Mid-year moves,Total children,502,100
2023,Reporting year,Local authority,E92000001,England,E12000002,North West,344,Wirral,E08000015,CLA 2 years on 31 March,Mid-year moves,With one or more mid-year moves during the previous 2 years,31,6
2023,Reporting year,Local authority,E92000001,England,E12000002,North West,344,Wirral,E08000015,CLA on 31 March,Any moves,Total children,569,100
2023,Reporting year,Local authority,E92000001,England,E12000002,North West,344,Wirral,E08000015,CLA on 31 March,Any moves,With one or more moves during the year,38,7
2023,Reporting year,Local authority,E92000001,England,E12000002,North West,344,Wirral,E08000015,CLA on 31 March,Mid-year moves,Total children,569,100
2023,Reporting year,Local authority,E92000001,England,E12000002,North West,344,Wirral,E08000015,CLA on 31 March,Mid-year moves,With one or more mid-year moves during the year,20,4
2023,Reporting year,Local authority,E92000001,England,E12000002,North West,909,Cumbria,E10000006,CLA 2 years on 31 March,Any moves,Total children,401,100
2023,Reporting year,Local authority,E92000001,England,E12000002,North West,909,Cumbria,E10000006,CLA 2 years on 31 March,Any moves,With one or more moves during the previous 2 years,80,20
2023,Reporting year,Local authority,E92000001,England,E12000002,North West,909,Cumbria,E10000006,CLA 2 years on 31 March,Mid-year moves,Total children,401,100
2023,Reporting year,Local authority,E92000001,England,E12000002,North West,909,Cumbria,E10000006,CLA 2 years on 31 March,Mid-year moves,With one or more mid-year moves during the previous 2 years,51,13
2023,Reporting year,Local authority,E92000001,England,E12000002,North West,909,Cumbria,E10000006,CLA on 31 March,Any moves,Total children,456,100
2023,Reporting year,Local authority,E92000001,England,E12000002,North West,909,Cumbria,E10000006,CLA on 31 March,Any moves,With one or more moves during the year,65,14
2023,Reporting year,Local authority,E92000001,England,E12000002,North West,909,Cumbria,E10000006,CLA on 31 March,Mid-year moves,Total children,456,100
2023,Reporting year,Local authority,E92000001,England,E12000002,North West,909,Cumbria,E10000006,CLA on 31 March,Mid-year moves,With one or more mid-year moves during the year,47,10
2023,Reporting year,Local authority,E92000001,England,E12000002,North West,888,Lancashire,E10000017,CLA 2 years on 31 March,Any moves,Total children,1169,100
2023,Reporting year,Local authority,E92000001,England,E12000002,North West,888,Lancashire,E10000017,CLA 2 years on 31 March,Any moves,With one or more moves during the previous 2 years,180,15
2023,Reporting year,Local authority,E92000001,England,E12000002,North West,888,Lancashire,E10000017,CLA 2 years on 31 March,Mid-year moves,Total children,1169,100
2023,Reporting year,Local authority,E92000001,England,E12000002,North West,888,Lancashire,E10000017,CLA 2 years on 31 March,Mid-year moves,With one or more mid-year moves during the previous 2 years,114,10
2023,Reporting year,Local authority,E92000001,England,E12000002,North West,888,Lancashire,E10000017,CLA on 31 March,Any moves,Total children,1313,100
2023,Reporting year,Local authority,E92000001,England,E12000002,North West,888,Lancashire,E10000017,CLA on 31 March,Any moves,With one or more moves during the year,93,7
2023,Reporting year,Local authority,E92000001,England,E12000002,North West,888,Lancashire,E10000017,CLA on 31 March,Mid-year moves,Total children,1313,100
2023,Reporting year,Local authority,E92000001,England,E12000002,North West,888,Lancashire,E10000017,CLA on 31 March,Mid-year moves,With one or more mid-year moves during the year,67,5
2023,Reporting year,Local authority,E92000001,England,E12000003,Yorkshire and The Humber,810,"Kingston upon Hull, City of",E06000010,CLA 2 years on 31 March,Any moves,Total children,483,100
2023,Reporting year,Local authority,E92000001,England,E12000003,Yorkshire and The Humber,810,"Kingston upon Hull, City of",E06000010,CLA 2 years on 31 March,Any moves,With one or more moves during the previous 2 years,120,25
2023,Reporting year,Local authority,E92000001,England,E12000003,Yorkshire and The Humber,810,"Kingston upon Hull, City of",E06000010,CLA 2 years on 31 March,Mid-year moves,Total children,483,100
2023,Reporting year,Local authority,E92000001,England,E12000003,Yorkshire and The Humber,810,"Kingston upon Hull, City of",E06000010,CLA 2 years on 31 March,Mid-year moves,With one or more mid-year moves during the previous 2 years,95,20
2023,Reporting year,Local authority,E92000001,England,E12000003,Yorkshire and The Humber,810,"Kingston upon Hull, City of",E06000010,CLA on 31 March,Any moves,Total children,543,100
2023,Reporting year,Local authority,E92000001,England,E12000003,Yorkshire and The Humber,810,"Kingston upon Hull, City of",E06000010,CLA on 31 March,Any moves,With one or more moves during the year,71,13
2023,Reporting year,Local authority,E92000001,England,E12000003,Yorkshire and The Humber,810,"Kingston upon Hull, City of",E06000010,CLA on 31 March,Mid-year moves,Total children,543,100
2023,Reporting year,Local authority,E92000001,England,E12000003,Yorkshire and The Humber,810,"Kingston upon Hull, City of",E06000010,CLA on 31 March,Mid-year moves,With one or more mid-year moves during the year,50,9
2023,Reporting year,Local authority,E92000001,England,E12000003,Yorkshire and The Humber,811,East Riding of Yorkshire,E06000011,CLA 2 years on 31 March,Any moves,Total children,181,100
2023,Reporting year,Local authority,E92000001,England,E12000003,Yorkshire and The Humber,811,East Riding of Yorkshire,E06000011,CLA 2 years on 31 March,Any moves,With one or more moves during the previous 2 years,29,16
2023,Reporting year,Local authority,E92000001,England,E12000003,Yorkshire and The Humber,811,East Riding of Yorkshire,E06000011,CLA 2 years on 31 March,Mid-year moves,Total children,181,100
2023,Reporting year,Local authority,E92000001,England,E12000003,Yorkshire and The Humber,811,East Riding of Yorkshire,E06000011,CLA 2 years on 31 March,Mid-year moves,With one or more mid-year moves during the previous 2 years,20,11
2023,Reporting year,Local authority,E92000001,England,E12000003,Yorkshire and The Humber,811,East Riding of Yorkshire,E06000011,CLA on 31 March,Any moves,Total children,214,100
2023,Reporting year,Local authority,E92000001,England,E12000003,Yorkshire and The Humber,811,East Riding of Yorkshire,E06000011,CLA on 31 March,Any moves,With one or more moves during the year,18,8
2023,Reporting year,Local authority,E92000001,England,E12000003,Yorkshire and The Humber,811,East Riding of Yorkshire,E06000011,CLA on 31 March,Mid-year moves,Total children,214,100
2023,Reporting year,Local authority,E92000001,England,E12000003,Yorkshire and The Humber,811,East Riding of Yorkshire,E06000011,CLA on 31 March,Mid-year moves,With one or more mid-year moves during the year,10,5
2023,Reporting year,Local authority,E92000001,England,E12000003,Yorkshire and The Humber,812,North East Lincolnshire,E06000012,CLA 2 years on 31 March,Any moves,Total children,339,100
2023,Reporting year,Local authority,E92000001,England,E12000003,Yorkshire and The Humber,812,North East Lincolnshire,E06000012,CLA 2 years on 31 March,Any moves,With one or more moves during the previous 2 years,104,31
2023,Reporting year,Local authority,E92000001,England,E12000003,Yorkshire and The Humber,812,North East Lincolnshire,E06000012,CLA 2 years on 31 March,Mid-year moves,Total children,339,100
2023,Reporting year,Local authority,E92000001,England,E12000003,Yorkshire and The Humber,812,North East Lincolnshire,E06000012,CLA 2 years on 31 March,Mid-year moves,With one or more mid-year moves during the previous 2 years,88,26
2023,Reporting year,Local authority,E92000001,England,E12000003,Yorkshire and The Humber,812,North East Lincolnshire,E06000012,CLA on 31 March,Any moves,Total children,377,100
2023,Reporting year,Local authority,E92000001,England,E12000003,Yorkshire and The Humber,812,North East Lincolnshire,E06000012,CLA on 31 March,Any moves,With one or more moves during the year,61,16
2023,Reporting year,Local authority,E92000001,England,E12000003,Yorkshire and The Humber,812,North East Lincolnshire,E06000012,CLA on 31 March,Mid-year moves,Total children,377,100
2023,Reporting year,Local authority,E92000001,England,E12000003,Yorkshire and The Humber,812,North East Lincolnshire,E06000012,CLA on 31 March,Mid-year moves,With one or more mid-year moves during the year,55,15
2023,Reporting year,Local authority,E92000001,England,E12000003,Yorkshire and The Humber,813,North Lincolnshire,E06000013,CLA 2 years on 31 March,Any moves,Total children,109,100
2023,Reporting year,Local authority,E92000001,England,E12000003,Yorkshire and The Humber,813,North Lincolnshire,E06000013,CLA 2 years on 31 March,Any moves,With one or more moves during the previous 2 years,10,9
2023,Reporting year,Local authority,E92000001,England,E12000003,Yorkshire and The Humber,813,North Lincolnshire,E06000013,CLA 2 years on 31 March,Mid-year moves,Total children,109,100
2023,Reporting year,Local authority,E92000001,England,E12000003,Yorkshire and The Humber,813,North Lincolnshire,E06000013,CLA 2 years on 31 March,Mid-year moves,With one or more mid-year moves during the previous 2 years,9,8
2023,Reporting year,Local authority,E92000001,England,E12000003,Yorkshire and The Humber,813,North Lincolnshire,E06000013,CLA on 31 March,Any moves,Total children,129,100
2023,Reporting year,Local authority,E92000001,England,E12000003,Yorkshire and The Humber,813,North Lincolnshire,E06000013,CLA on 31 March,Any moves,With one or more moves during the year,8,6
2023,Reporting year,Local authority,E92000001,England,E12000003,Yorkshire and The Humber,813,North Lincolnshire,E06000013,CLA on 31 March,Mid-year moves,Total children,129,100
2023,Reporting year,Local authority,E92000001,England,E12000003,Yorkshire and The Humber,813,North Lincolnshire,E06000013,CLA on 31 March,Mid-year moves,With one or more mid-year moves during the year,7,5
2023,Reporting year,Local authority,E92000001,England,E12000003,Yorkshire and The Humber,816,York,E06000014,CLA 2 years on 31 March,Any moves,Total children,164,100
2023,Reporting year,Local authority,E92000001,England,E12000003,Yorkshire and The Humber,816,York,E06000014,CLA 2 years on 31 March,Any moves,With one or more moves during the previous 2 years,33,20
2023,Reporting year,Local authority,E92000001,England,E12000003,Yorkshire and The Humber,816,York,E06000014,CLA 2 years on 31 March,Mid-year moves,Total children,164,100
2023,Reporting year,Local authority,E92000001,England,E12000003,Yorkshire and The Humber,816,York,E06000014,CLA 2 years on 31 March,Mid-year moves,With one or more mid-year moves during the previous 2 years,27,16
2023,Reporting year,Local authority,E92000001,England,E12000003,Yorkshire and The Humber,816,York,E06000014,CLA on 31 March,Any moves,Total children,174,100
2023,Reporting year,Local authority,E92000001,England,E12000003,Yorkshire and The Humber,816,York,E06000014,CLA on 31 March,Any moves,With one or more moves during the year,23,13
2023,Reporting year,Local authority,E92000001,England,E12000003,Yorkshire and The Humber,816,York,E06000014,CLA on 31 March,Mid-year moves,Total children,174,100
2023,Reporting year,Local authority,E92000001,England,E12000003,Yorkshire and The Humber,816,York,E06000014,CLA on 31 March,Mid-year moves,With one or more mid-year moves during the year,20,11
2023,Reporting year,Local authority,E92000001,England,E12000003,Yorkshire and The Humber,815,North Yorkshire,E06000065,CLA 2 years on 31 March,Any moves,Total children,251,100
2023,Reporting year,Local authority,E92000001,England,E12000003,Yorkshire and The Humber,815,North Yorkshire,E06000065,CLA 2 years on 31 March,Any moves,With one or more moves during the previous 2 years,36,14
2023,Reporting year,Local authority,E92000001,England,E12000003,Yorkshire and The Humber,815,North Yorkshire,E06000065,CLA 2 years on 31 March,Mid-year moves,Total children,251,100
2023,Reporting year,Local authority,E92000001,England,E12000003,Yorkshire and The Humber,815,North Yorkshire,E06000065,CLA 2 years on 31 March,Mid-year moves,With one or more mid-year moves during the previous 2 years,20,8
2023,Reporting year,Local authority,E92000001,England,E12000003,Yorkshire and The Humber,815,North Yorkshire,E06000065,CLA on 31 March,Any moves,Total children,296,100
2023,Reporting year,Local authority,E92000001,England,E12000003,Yorkshire and The Humber,815,North Yorkshire,E06000065,CLA on 31 March,Any moves,With one or more moves during the year,30,10
2023,Reporting year,Local authority,E92000001,England,E12000003,Yorkshire and The Humber,815,North Yorkshire,E06000065,CLA on 31 March,Mid-year moves,Total children,296,100
2023,Reporting year,Local authority,E92000001,England,E12000003,Yorkshire and The Humber,815,North Yorkshire,E06000065,CLA on 31 March,Mid-year moves,With one or more mid-year moves during the year,22,7
2023,Reporting year,Local authority,E92000001,England,E12000003,Yorkshire and The Humber,370,Barnsley,E08000016,CLA 2 years on 31 March,Any moves,Total children,189,100
2023,Reporting year,Local authority,E92000001,England,E12000003,Yorkshire and The Humber,370,Barnsley,E08000016,CLA 2 years on 31 March,Any moves,With one or more moves during the previous 2 years,32,17
2023,Reporting year,Local authority,E92000001,England,E12000003,Yorkshire and The Humber,370,Barnsley,E08000016,CLA 2 years on 31 March,Mid-year moves,Total children,189,100
2023,Reporting year,Local authority,E92000001,England,E12000003,Yorkshire and The Humber,370,Barnsley,E08000016,CLA 2 years on 31 March,Mid-year moves,With one or more mid-year moves during the previous 2 years,9,5
2023,Reporting year,Local authority,E92000001,England,E12000003,Yorkshire and The Humber,370,Barnsley,E08000016,CLA on 31 March,Any moves,Total children,244,100
2023,Reporting year,Local authority,E92000001,England,E12000003,Yorkshire and The Humber,370,Barnsley,E08000016,CLA on 31 March,Any moves,With one or more moves during the year,16,7
2023,Reporting year,Local authority,E92000001,England,E12000003,Yorkshire and The Humber,370,Barnsley,E08000016,CLA on 31 March,Mid-year moves,Total children,244,100
2023,Reporting year,Local authority,E92000001,England,E12000003,Yorkshire and The Humber,370,Barnsley,E08000016,CLA on 31 March,Mid-year moves,With one or more mid-year moves during the year,c,c
2023,Reporting year,Local authority,E92000001,England,E12000003,Yorkshire and The Humber,371,Doncaster,E08000017,CLA 2 years on 31 March,Any moves,Total children,289,100
2023,Reporting year,Local authority,E92000001,England,E12000003,Yorkshire and The Humber,371,Doncaster,E08000017,CLA 2 years on 31 March,Any moves,With one or more moves during the previous 2 years,45,16
2023,Reporting year,Local authority,E92000001,England,E12000003,Yorkshire and The Humber,371,Doncaster,E08000017,CLA 2 years on 31 March,Mid-year moves,Total children,289,100
2023,Reporting year,Local authority,E92000001,England,E12000003,Yorkshire and The Humber,371,Doncaster,E08000017,CLA 2 years on 31 March,Mid-year moves,With one or more mid-year moves during the previous 2 years,30,10
2023,Reporting year,Local authority,E92000001,England,E12000003,Yorkshire and The Humber,371,Doncaster,E08000017,CLA on 31 March,Any moves,Total children,317,100
2023,Reporting year,Local authority,E92000001,England,E12000003,Yorkshire and The Humber,371,Doncaster,E08000017,CLA on 31 March,Any moves,With one or more moves during the year,26,8
2023,Reporting year,Local authority,E92000001,England,E12000003,Yorkshire and The Humber,371,Doncaster,E08000017,CLA on 31 March,Mid-year moves,Total children,317,100
2023,Reporting year,Local authority,E92000001,England,E12000003,Yorkshire and The Humber,371,Doncaster,E08000017,CLA on 31 March,Mid-year moves,With one or more mid-year moves during the year,18,6
2023,Reporting year,Local authority,E92000001,England,E12000003,Yorkshire and The Humber,372,Rotherham,E08000018,CLA 2 years on 31 March,Any moves,Total children,337,100
2023,Reporting year,Local authority,E92000001,England,E12000003,Yorkshire and The Humber,372,Rotherham,E08000018,CLA 2 years on 31 March,Any moves,With one or more moves during the previous 2 years,59,18
2023,Reporting year,Local authority,E92000001,England,E12000003,Yorkshire and The Humber,372,Rotherham,E08000018,CLA 2 years on 31 March,Mid-year moves,Total children,337,100
2023,Reporting year,Local authority,E92000001,England,E12000003,Yorkshire and The Humber,372,Rotherham,E08000018,CLA 2 years on 31 March,Mid-year moves,With one or more mid-year moves during the previous 2 years,39,12
2023,Reporting year,Local authority,E92000001,England,E12000003,Yorkshire and The Humber,372,Rotherham,E08000018,CLA on 31 March,Any moves,Total children,370,100
2023,Reporting year,Local authority,E92000001,England,E12000003,Yorkshire and The Humber,372,Rotherham,E08000018,CLA on 31 March,Any moves,With one or more moves during the year,27,7
2023,Reporting year,Local authority,E92000001,England,E12000003,Yorkshire and The Humber,372,Rotherham,E08000018,CLA on 31 March,Mid-year moves,Total children,370,100
2023,Reporting year,Local authority,E92000001,England,E12000003,Yorkshire and The Humber,372,Rotherham,E08000018,CLA on 31 March,Mid-year moves,With one or more mid-year moves during the year,17,5
2023,Reporting year,Local authority,E92000001,England,E12000003,Yorkshire and The Humber,373,Sheffield,E08000019,CLA 2 years on 31 March,Any moves,Total children,358,100
2023,Reporting year,Local authority,E92000001,England,E12000003,Yorkshire and The Humber,373,Sheffield,E08000019,CLA 2 years on 31 March,Any moves,With one or more moves during the previous 2 years,80,22
2023,Reporting year,Local authority,E92000001,England,E12000003,Yorkshire and The Humber,373,Sheffield,E08000019,CLA 2 years on 31 March,Mid-year moves,Total children,358,100
2023,Reporting year,Local authority,E92000001,England,E12000003,Yorkshire and The Humber,373,Sheffield,E08000019,CLA 2 years on 31 March,Mid-year moves,With one or more mid-year moves during the previous 2 years,63,18
2023,Reporting year,Local authority,E92000001,England,E12000003,Yorkshire and The Humber,373,Sheffield,E08000019,CLA on 31 March,Any moves,Total children,402,100
2023,Reporting year,Local authority,E92000001,England,E12000003,Yorkshire and The Humber,373,Sheffield,E08000019,CLA on 31 March,Any moves,With one or more moves during the year,56,14
2023,Reporting year,Local authority,E92000001,England,E12000003,Yorkshire and The Humber,373,Sheffield,E08000019,CLA on 31 March,Mid-year moves,Total children,402,100
2023,Reporting year,Local authority,E92000001,England,E12000003,Yorkshire and The Humber,373,Sheffield,E08000019,CLA on 31 March,Mid-year moves,With one or more mid-year moves during the year,44,11
2023,Reporting year,Local authority,E92000001,England,E12000003,Yorkshire and The Humber,380,Bradford,E08000032,CLA 2 years on 31 March,Any moves,Total children,884,100
2023,Reporting year,Local authority,E92000001,England,E12000003,Yorkshire and The Humber,380,Bradford,E08000032,CLA 2 years on 31 March,Any moves,With one or more moves during the previous 2 years,170,19
2023,Reporting year,Local authority,E92000001,England,E12000003,Yorkshire and The Humber,380,Bradford,E08000032,CLA 2 years on 31 March,Mid-year moves,Total children,884,100
2023,Reporting year,Local authority,E92000001,England,E12000003,Yorkshire and The Humber,380,Bradford,E08000032,CLA 2 years on 31 March,Mid-year moves,With one or more mid-year moves during the previous 2 years,130,15
2023,Reporting year,Local authority,E92000001,England,E12000003,Yorkshire and The Humber,380,Bradford,E08000032,CLA on 31 March,Any moves,Total children,1078,100
2023,Reporting year,Local authority,E92000001,England,E12000003,Yorkshire and The Humber,380,Bradford,E08000032,CLA on 31 March,Any moves,With one or more moves during the year,120,11
2023,Reporting year,Local authority,E92000001,England,E12000003,Yorkshire and The Humber,380,Bradford,E08000032,CLA on 31 March,Mid-year moves,Total children,1078,100
2023,Reporting year,Local authority,E92000001,England,E12000003,Yorkshire and The Humber,380,Bradford,E08000032,CLA on 31 March,Mid-year moves,With one or more mid-year moves during the year,90,8
2023,Reporting year,Local authority,E92000001,England,E12000003,Yorkshire and The Humber,381,Calderdale,E08000033,CLA 2 years on 31 March,Any moves,Total children,205,100
2023,Reporting year,Local authority,E92000001,England,E12000003,Yorkshire and The Humber,381,Calderdale,E08000033,CLA 2 years on 31 March,Any moves,With one or more moves during the previous 2 years,45,22
2023,Reporting year,Local authority,E92000001,England,E12000003,Yorkshire and The Humber,381,Calderdale,E08000033,CLA 2 years on 31 March,Mid-year moves,Total children,205,100
2023,Reporting year,Local authority,E92000001,England,E12000003,Yorkshire and The Humber,381,Calderdale,E08000033,CLA 2 years on 31 March,Mid-year moves,With one or more mid-year moves during the previous 2 years,28,14
2023,Reporting year,Local authority,E92000001,England,E12000003,Yorkshire and The Humber,381,Calderdale,E08000033,CLA on 31 March,Any moves,Total children,227,100
2023,Reporting year,Local authority,E92000001,England,E12000003,Yorkshire and The Humber,381,Calderdale,E08000033,CLA on 31 March,Any moves,With one or more moves during the year,29,13
2023,Reporting year,Local authority,E92000001,England,E12000003,Yorkshire and The Humber,381,Calderdale,E08000033,CLA on 31 March,Mid-year moves,Total children,227,100
2023,Reporting year,Local authority,E92000001,England,E12000003,Yorkshire and The Humber,381,Calderdale,E08000033,CLA on 31 March,Mid-year moves,With one or more mid-year moves during the year,18,8
2023,Reporting year,Local authority,E92000001,England,E12000003,Yorkshire and The Humber,382,Kirklees,E08000034,CLA 2 years on 31 March,Any moves,Total children,370,100
2023,Reporting year,Local authority,E92000001,England,E12000003,Yorkshire and The Humber,382,Kirklees,E08000034,CLA 2 years on 31 March,Any moves,With one or more moves during the previous 2 years,58,16
2023,Reporting year,Local authority,E92000001,England,E12000003,Yorkshire and The Humber,382,Kirklees,E08000034,CLA 2 years on 31 March,Mid-year moves,Total children,370,100
2023,Reporting year,Local authority,E92000001,England,E12000003,Yorkshire and The Humber,382,Kirklees,E08000034,CLA 2 years on 31 March,Mid-year moves,With one or more mid-year moves during the previous 2 years,37,10
2023,Reporting year,Local authority,E92000001,England,E12000003,Yorkshire and The Humber,382,Kirklees,E08000034,CLA on 31 March,Any moves,Total children,391,100
2023,Reporting year,Local authority,E92000001,England,E12000003,Yorkshire and The Humber,382,Kirklees,E08000034,CLA on 31 March,Any moves,With one or more moves during the year,30,8
2023,Reporting year,Local authority,E92000001,England,E12000003,Yorkshire and The Humber,382,Kirklees,E08000034,CLA on 31 March,Mid-year moves,Total children,391,100
2023,Reporting year,Local authority,E92000001,England,E12000003,Yorkshire and The Humber,382,Kirklees,E08000034,CLA on 31 March,Mid-year moves,With one or more mid-year moves during the year,20,5
2023,Reporting year,Local authority,E92000001,England,E12000003,Yorkshire and The Humber,383,Leeds,E08000035,CLA 2 years on 31 March,Any moves,Total children,849,100
2023,Reporting year,Local authority,E92000001,England,E12000003,Yorkshire and The Humber,383,Leeds,E08000035,CLA 2 years on 31 March,Any moves,With one or more moves during the previous 2 years,161,19
2023,Reporting year,Local authority,E92000001,England,E12000003,Yorkshire and The Humber,383,Leeds,E08000035,CLA 2 years on 31 March,Mid-year moves,Total children,849,100
2023,Reporting year,Local authority,E92000001,England,E12000003,Yorkshire and The Humber,383,Leeds,E08000035,CLA 2 years on 31 March,Mid-year moves,With one or more mid-year moves during the previous 2 years,104,12
2023,Reporting year,Local authority,E92000001,England,E12000003,Yorkshire and The Humber,383,Leeds,E08000035,CLA on 31 March,Any moves,Total children,1004,100
2023,Reporting year,Local authority,E92000001,England,E12000003,Yorkshire and The Humber,383,Leeds,E08000035,CLA on 31 March,Any moves,With one or more moves during the year,105,10
2023,Reporting year,Local authority,E92000001,England,E12000003,Yorkshire and The Humber,383,Leeds,E08000035,CLA on 31 March,Mid-year moves,Total children,1004,100
2023,Reporting year,Local authority,E92000001,England,E12000003,Yorkshire and The Humber,383,Leeds,E08000035,CLA on 31 March,Mid-year moves,With one or more mid-year moves during the year,61,6
2023,Reporting year,Local authority,E92000001,England,E12000003,Yorkshire and The Humber,384,Wakefield,E08000036,CLA 2 years on 31 March,Any moves,Total children,365,100
2023,Reporting year,Local authority,E92000001,England,E12000003,Yorkshire and The Humber,384,Wakefield,E08000036,CLA 2 years on 31 March,Any moves,With one or more moves during the previous 2 years,109,30
2023,Reporting year,Local authority,E92000001,England,E12000003,Yorkshire and The Humber,384,Wakefield,E08000036,CLA 2 years on 31 March,Mid-year moves,Total children,365,100
2023,Reporting year,Local authority,E92000001,England,E12000003,Yorkshire and The Humber,384,Wakefield,E08000036,CLA 2 years on 31 March,Mid-year moves,With one or more mid-year moves during the previous 2 years,81,22
2023,Reporting year,Local authority,E92000001,England,E12000003,Yorkshire and The Humber,384,Wakefield,E08000036,CLA on 31 March,Any moves,Total children,422,100
2023,Reporting year,Local authority,E92000001,England,E12000003,Yorkshire and The Humber,384,Wakefield,E08000036,CLA on 31 March,Any moves,With one or more moves during the year,75,18
2023,Reporting year,Local authority,E92000001,England,E12000003,Yorkshire and The Humber,384,Wakefield,E08000036,CLA on 31 March,Mid-year moves,Total children,422,100
2023,Reporting year,Local authority,E92000001,England,E12000003,Yorkshire and The Humber,384,Wakefield,E08000036,CLA on 31 March,Mid-year moves,With one or more mid-year moves during the year,57,14
2023,Reporting year,Local authority,E92000001,England,E12000004,East Midlands,831,Derby,E06000015,CLA 2 years on 31 March,Any moves,Total children,356,100
2023,Reporting year,Local authority,E92000001,England,E12000004,East Midlands,831,Derby,E06000015,CLA 2 years on 31 March,Any moves,With one or more moves during the previous 2 years,98,28
2023,Reporting year,Local authority,E92000001,England,E12000004,East Midlands,831,Derby,E06000015,CLA 2 years on 31 March,Mid-year moves,Total children,356,100
2023,Reporting year,Local authority,E92000001,England,E12000004,East Midlands,831,Derby,E06000015,CLA 2 years on 31 March,Mid-year moves,With one or more mid-year moves during the previous 2 years,80,22
2023,Reporting year,Local authority,E92000001,England,E12000004,East Midlands,831,Derby,E06000015,CLA on 31 March,Any moves,Total children,398,100
2023,Reporting year,Local authority,E92000001,England,E12000004,East Midlands,831,Derby,E06000015,CLA on 31 March,Any moves,With one or more moves during the year,75,19
2023,Reporting year,Local authority,E92000001,England,E12000004,East Midlands,831,Derby,E06000015,CLA on 31 March,Mid-year moves,Total children,398,100
2023,Reporting year,Local authority,E92000001,England,E12000004,East Midlands,831,Derby,E06000015,CLA on 31 March,Mid-year moves,With one or more mid-year moves during the year,57,14
2023,Reporting year,Local authority,E92000001,England,E12000004,East Midlands,856,Leicester,E06000016,CLA 2 years on 31 March,Any moves,Total children,351,100
2023,Reporting year,Local authority,E92000001,England,E12000004,East Midlands,856,Leicester,E06000016,CLA 2 years on 31 March,Any moves,With one or more moves during the previous 2 years,72,21
2023,Reporting year,Local authority,E92000001,England,E12000004,East Midlands,856,Leicester,E06000016,CLA 2 years on 31 March,Mid-year moves,Total children,351,100
2023,Reporting year,Local authority,E92000001,England,E12000004,East Midlands,856,Leicester,E06000016,CLA 2 years on 31 March,Mid-year moves,With one or more mid-year moves during the previous 2 years,47,13
2023,Reporting year,Local authority,E92000001,England,E12000004,East Midlands,856,Leicester,E06000016,CLA on 31 March,Any moves,Total children,406,100
2023,Reporting year,Local authority,E92000001,England,E12000004,East Midlands,856,Leicester,E06000016,CLA on 31 March,Any moves,With one or more moves during the year,44,11
2023,Reporting year,Local authority,E92000001,England,E12000004,East Midlands,856,Leicester,E06000016,CLA on 31 March,Mid-year moves,Total children,406,100
2023,Reporting year,Local authority,E92000001,England,E12000004,East Midlands,856,Leicester,E06000016,CLA on 31 March,Mid-year moves,With one or more mid-year moves during the year,27,7
2023,Reporting year,Local authority,E92000001,England,E12000004,East Midlands,857,Rutland,E06000017,CLA 2 years on 31 March,Any moves,Total children,15,100
2023,Reporting year,Local authority,E92000001,England,E12000004,East Midlands,857,Rutland,E06000017,CLA 2 years on 31 March,Any moves,With one or more moves during the previous 2 years,c,c
2023,Reporting year,Local authority,E92000001,England,E12000004,East Midlands,857,Rutland,E06000017,CLA 2 years on 31 March,Mid-year moves,Total children,15,100
2023,Reporting year,Local authority,E92000001,England,E12000004,East Midlands,857,Rutland,E06000017,CLA 2 years on 31 March,Mid-year moves,With one or more mid-year moves during the previous 2 years,c,c
2023,Reporting year,Local authority,E92000001,England,E12000004,East Midlands,857,Rutland,E06000017,CLA on 31 March,Any moves,Total children,17,100
2023,Reporting year,Local authority,E92000001,England,E12000004,East Midlands,857,Rutland,E06000017,CLA on 31 March,Any moves,With one or more moves during the year,c,c
2023,Reporting year,Local authority,E92000001,England,E12000004,East Midlands,857,Rutland,E06000017,CLA on 31 March,Mid-year moves,Total children,17,100
2023,Reporting year,Local authority,E92000001,England,E12000004,East Midlands,857,Rutland,E06000017,CLA on 31 March,Mid-year moves,With one or more mid-year moves during the year,c,c
2023,Reporting year,Local authority,E92000001,England,E12000004,East Midlands,892,Nottingham,E06000018,CLA 2 years on 31 March,Any moves,Total children,407,100
2023,Reporting year,Local authority,E92000001,England,E12000004,East Midlands,892,Nottingham,E06000018,CLA 2 years on 31 March,Any moves,With one or more moves during the previous 2 years,96,24
2023,Reporting year,Local authority,E92000001,England,E12000004,East Midlands,892,Nottingham,E06000018,CLA 2 years on 31 March,Mid-year moves,Total children,407,100
2023,Reporting year,Local authority,E92000001,England,E12000004,East Midlands,892,Nottingham,E06000018,CLA 2 years on 31 March,Mid-year moves,With one or more mid-year moves during the previous 2 years,72,18
2023,Reporting year,Local authority,E92000001,England,E12000004,East Midlands,892,Nottingham,E06000018,CLA on 31 March,Any moves,Total children,486,100
2023,Reporting year,Local authority,E92000001,England,E12000004,East Midlands,892,Nottingham,E06000018,CLA on 31 March,Any moves,With one or more moves during the year,67,14
2023,Reporting year,Local authority,E92000001,England,E12000004,East Midlands,892,Nottingham,E06000018,CLA on 31 March,Mid-year moves,Total children,486,100
2023,Reporting year,Local authority,E92000001,England,E12000004,East Midlands,892,Nottingham,E06000018,CLA on 31 March,Mid-year moves,With one or more mid-year moves during the year,53,11
2023,Reporting year,Local authority,E92000001,England,E12000004,East Midlands,940,North Northamptonshire,E06000061,CLA 2 years on 31 March,Any moves,Total children,319,100
2023,Reporting year,Local authority,E92000001,England,E12000004,East Midlands,940,North Northamptonshire,E06000061,CLA 2 years on 31 March,Any moves,With one or more moves during the previous 2 years,63,20
2023,Reporting year,Local authority,E92000001,England,E12000004,East Midlands,940,North Northamptonshire,E06000061,CLA 2 years on 31 March,Mid-year moves,Total children,319,100
2023,Reporting year,Local authority,E92000001,England,E12000004,East Midlands,940,North Northamptonshire,E06000061,CLA 2 years on 31 March,Mid-year moves,With one or more mid-year moves during the previous 2 years,40,13
2023,Reporting year,Local authority,E92000001,England,E12000004,East Midlands,940,North Northamptonshire,E06000061,CLA on 31 March,Any moves,Total children,360,100
2023,Reporting year,Local authority,E92000001,England,E12000004,East Midlands,940,North Northamptonshire,E06000061,CLA on 31 March,Any moves,With one or more moves during the year,35,10
2023,Reporting year,Local authority,E92000001,England,E12000004,East Midlands,940,North Northamptonshire,E06000061,CLA on 31 March,Mid-year moves,Total children,360,100
2023,Reporting year,Local authority,E92000001,England,E12000004,East Midlands,940,North Northamptonshire,E06000061,CLA on 31 March,Mid-year moves,With one or more mid-year moves during the year,19,5
2023,Reporting year,Local authority,E92000001,England,E12000004,East Midlands,941,West Northamptonshire,E06000062,CLA 2 years on 31 March,Any moves,Total children,359,100
2023,Reporting year,Local authority,E92000001,England,E12000004,East Midlands,941,West Northamptonshire,E06000062,CLA 2 years on 31 March,Any moves,With one or more moves during the previous 2 years,65,18
2023,Reporting year,Local authority,E92000001,England,E12000004,East Midlands,941,West Northamptonshire,E06000062,CLA 2 years on 31 March,Mid-year moves,Total children,359,100
2023,Reporting year,Local authority,E92000001,England,E12000004,East Midlands,941,West Northamptonshire,E06000062,CLA 2 years on 31 March,Mid-year moves,With one or more mid-year moves during the previous 2 years,46,13
2023,Reporting year,Local authority,E92000001,England,E12000004,East Midlands,941,West Northamptonshire,E06000062,CLA on 31 March,Any moves,Total children,425,100
2023,Reporting year,Local authority,E92000001,England,E12000004,East Midlands,941,West Northamptonshire,E06000062,CLA on 31 March,Any moves,With one or more moves during the year,46,11
2023,Reporting year,Local authority,E92000001,England,E12000004,East Midlands,941,West Northamptonshire,E06000062,CLA on 31 March,Mid-year moves,Total children,425,100
2023,Reporting year,Local authority,E92000001,England,E12000004,East Midlands,941,West Northamptonshire,E06000062,CLA on 31 March,Mid-year moves,With one or more mid-year moves during the year,30,7
2023,Reporting year,Local authority,E92000001,England,E12000004,East Midlands,830,Derbyshire,E10000007,CLA 2 years on 31 March,Any moves,Total children,502,100
2023,Reporting year,Local authority,E92000001,England,E12000004,East Midlands,830,Derbyshire,E10000007,CLA 2 years on 31 March,Any moves,With one or more moves during the previous 2 years,126,25
2023,Reporting year,Local authority,E92000001,England,E12000004,East Midlands,830,Derbyshire,E10000007,CLA 2 years on 31 March,Mid-year moves,Total children,502,100
2023,Reporting year,Local authority,E92000001,England,E12000004,East Midlands,830,Derbyshire,E10000007,CLA 2 years on 31 March,Mid-year moves,With one or more mid-year moves during the previous 2 years,104,21
2023,Reporting year,Local authority,E92000001,England,E12000004,East Midlands,830,Derbyshire,E10000007,CLA on 31 March,Any moves,Total children,647,100
2023,Reporting year,Local authority,E92000001,England,E12000004,East Midlands,830,Derbyshire,E10000007,CLA on 31 March,Any moves,With one or more moves during the year,117,18
2023,Reporting year,Local authority,E92000001,England,E12000004,East Midlands,830,Derbyshire,E10000007,CLA on 31 March,Mid-year moves,Total children,647,100
2023,Reporting year,Local authority,E92000001,England,E12000004,East Midlands,830,Derbyshire,E10000007,CLA on 31 March,Mid-year moves,With one or more mid-year moves during the year,99,15
2023,Reporting year,Local authority,E92000001,England,E12000004,East Midlands,855,Leicestershire,E10000018,CLA 2 years on 31 March,Any moves,Total children,370,100
2023,Reporting year,Local authority,E92000001,England,E12000004,East Midlands,855,Leicestershire,E10000018,CLA 2 years on 31 March,Any moves,With one or more moves during the previous 2 years,77,21
2023,Reporting year,Local authority,E92000001,England,E12000004,East Midlands,855,Leicestershire,E10000018,CLA 2 years on 31 March,Mid-year moves,Total children,370,100
2023,Reporting year,Local authority,E92000001,England,E12000004,East Midlands,855,Leicestershire,E10000018,CLA 2 years on 31 March,Mid-year moves,With one or more mid-year moves during the previous 2 years,54,15
2023,Reporting year,Local authority,E92000001,England,E12000004,East Midlands,855,Leicestershire,E10000018,CLA on 31 March,Any moves,Total children,424,100
2023,Reporting year,Local authority,E92000001,England,E12000004,East Midlands,855,Leicestershire,E10000018,CLA on 31 March,Any moves,With one or more moves during the year,49,12
2023,Reporting year,Local authority,E92000001,England,E12000004,East Midlands,855,Leicestershire,E10000018,CLA on 31 March,Mid-year moves,Total children,424,100
2023,Reporting year,Local authority,E92000001,England,E12000004,East Midlands,855,Leicestershire,E10000018,CLA on 31 March,Mid-year moves,With one or more mid-year moves during the year,41,10
2023,Reporting year,Local authority,E92000001,England,E12000004,East Midlands,925,Lincolnshire,E10000019,CLA 2 years on 31 March,Any moves,Total children,399,100
2023,Reporting year,Local authority,E92000001,England,E12000004,East Midlands,925,Lincolnshire,E10000019,CLA 2 years on 31 March,Any moves,With one or more moves during the previous 2 years,92,23
2023,Reporting year,Local authority,E92000001,England,E12000004,East Midlands,925,Lincolnshire,E10000019,CLA 2 years on 31 March,Mid-year moves,Total children,399,100
2023,Reporting year,Local authority,E92000001,England,E12000004,East Midlands,925,Lincolnshire,E10000019,CLA 2 years on 31 March,Mid-year moves,With one or more mid-year moves during the previous 2 years,63,16
2023,Reporting year,Local authority,E92000001,England,E12000004,East Midlands,925,Lincolnshire,E10000019,CLA on 31 March,Any moves,Total children,452,100
2023,Reporting year,Local authority,E92000001,England,E12000004,East Midlands,925,Lincolnshire,E10000019,CLA on 31 March,Any moves,With one or more moves during the year,61,13
2023,Reporting year,Local authority,E92000001,England,E12000004,East Midlands,925,Lincolnshire,E10000019,CLA on 31 March,Mid-year moves,Total children,452,100
2023,Reporting year,Local authority,E92000001,England,E12000004,East Midlands,925,Lincolnshire,E10000019,CLA on 31 March,Mid-year moves,With one or more mid-year moves during the year,44,10
2023,Reporting year,Local authority,E92000001,England,E12000004,East Midlands,928,Northamptonshire,E10000021,CLA 2 years on 31 March,Any moves,Total children,z,z
2023,Reporting year,Local authority,E92000001,England,E12000004,East Midlands,928,Northamptonshire,E10000021,CLA 2 years on 31 March,Any moves,With one or more moves during the previous 2 years,z,z
2023,Reporting year,Local authority,E92000001,England,E12000004,East Midlands,928,Northamptonshire,E10000021,CLA 2 years on 31 March,Mid-year moves,Total children,z,z
2023,Reporting year,Local authority,E92000001,England,E12000004,East Midlands,928,Northamptonshire,E10000021,CLA 2 years on 31 March,Mid-year moves,With one or more mid-year moves during the previous 2 years,z,z
2023,Reporting year,Local authority,E92000001,England,E12000004,East Midlands,928,Northamptonshire,E10000021,CLA on 31 March,Any moves,Total children,z,z
2023,Reporting year,Local authority,E92000001,England,E12000004,East Midlands,928,Northamptonshire,E10000021,CLA on 31 March,Any moves,With one or more moves during the year,z,z
2023,Reporting year,Local authority,E92000001,England,E12000004,East Midlands,928,Northamptonshire,E10000021,CLA on 31 March,Mid-year moves,Total children,z,z
2023,Reporting year,Local authority,E92000001,England,E12000004,East Midlands,928,Northamptonshire,E10000021,CLA on 31 March,Mid-year moves,With one or more mid-year moves during the year,z,z
2023,Reporting year,Local authority,E92000001,England,E12000004,East Midlands,891,Nottinghamshire,E10000024,CLA 2 years on 31 March,Any moves,Total children,537,100
2023,Reporting year,Local authority,E92000001,England,E12000004,East Midlands,891,Nottinghamshire,E10000024,CLA 2 years on 31 March,Any moves,With one or more moves during the previous 2 years,149,28
2023,Reporting year,Local authority,E92000001,England,E12000004,East Midlands,891,Nottinghamshire,E10000024,CLA 2 years on 31 March,Mid-year moves,Total children,537,100
2023,Reporting year,Local authority,E92000001,England,E12000004,East Midlands,891,Nottinghamshire,E10000024,CLA 2 years on 31 March,Mid-year moves,With one or more mid-year moves during the previous 2 years,122,23
2023,Reporting year,Local authority,E92000001,England,E12000004,East Midlands,891,Nottinghamshire,E10000024,CLA on 31 March,Any moves,Total children,614,100
2023,Reporting year,Local authority,E92000001,England,E12000004,East Midlands,891,Nottinghamshire,E10000024,CLA on 31 March,Any moves,With one or more moves during the year,88,14
2023,Reporting year,Local authority,E92000001,England,E12000004,East Midlands,891,Nottinghamshire,E10000024,CLA on 31 March,Mid-year moves,Total children,614,100
2023,Reporting year,Local authority,E92000001,England,E12000004,East Midlands,891,Nottinghamshire,E10000024,CLA on 31 March,Mid-year moves,With one or more mid-year moves during the year,75,12
2023,Reporting year,Local authority,E92000001,England,E12000005,West Midlands,884,"Herefordshire, County of",E06000019,CLA 2 years on 31 March,Any moves,Total children,225,100
2023,Reporting year,Local authority,E92000001,England,E12000005,West Midlands,884,"Herefordshire, County of",E06000019,CLA 2 years on 31 March,Any moves,With one or more moves during the previous 2 years,33,15
2023,Reporting year,Local authority,E92000001,England,E12000005,West Midlands,884,"Herefordshire, County of",E06000019,CLA 2 years on 31 March,Mid-year moves,Total children,225,100
2023,Reporting year,Local authority,E92000001,England,E12000005,West Midlands,884,"Herefordshire, County of",E06000019,CLA 2 years on 31 March,Mid-year moves,With one or more mid-year moves during the previous 2 years,24,11
2023,Reporting year,Local authority,E92000001,England,E12000005,West Midlands,884,"Herefordshire, County of",E06000019,CLA on 31 March,Any moves,Total children,260,100
2023,Reporting year,Local authority,E92000001,England,E12000005,West Midlands,884,"Herefordshire, County of",E06000019,CLA on 31 March,Any moves,With one or more moves during the year,25,10
2023,Reporting year,Local authority,E92000001,England,E12000005,West Midlands,884,"Herefordshire, County of",E06000019,CLA on 31 March,Mid-year moves,Total children,260,100
2023,Reporting year,Local authority,E92000001,England,E12000005,West Midlands,884,"Herefordshire, County of",E06000019,CLA on 31 March,Mid-year moves,With one or more mid-year moves during the year,17,7
2023,Reporting year,Local authority,E92000001,England,E12000005,West Midlands,894,Telford and Wrekin,E06000020,CLA 2 years on 31 March,Any moves,Total children,258,100
2023,Reporting year,Local authority,E92000001,England,E12000005,West Midlands,894,Telford and Wrekin,E06000020,CLA 2 years on 31 March,Any moves,With one or more moves during the previous 2 years,58,22
2023,Reporting year,Local authority,E92000001,England,E12000005,West Midlands,894,Telford and Wrekin,E06000020,CLA 2 years on 31 March,Mid-year moves,Total children,258,100
2023,Reporting year,Local authority,E92000001,England,E12000005,West Midlands,894,Telford and Wrekin,E06000020,CLA 2 years on 31 March,Mid-year moves,With one or more mid-year moves during the previous 2 years,40,16
2023,Reporting year,Local authority,E92000001,England,E12000005,West Midlands,894,Telford and Wrekin,E06000020,CLA on 31 March,Any moves,Total children,298,100
2023,Reporting year,Local authority,E92000001,England,E12000005,West Midlands,894,Telford and Wrekin,E06000020,CLA on 31 March,Any moves,With one or more moves during the year,31,10
2023,Reporting year,Local authority,E92000001,England,E12000005,West Midlands,894,Telford and Wrekin,E06000020,CLA on 31 March,Mid-year moves,Total children,298,100
2023,Reporting year,Local authority,E92000001,England,E12000005,West Midlands,894,Telford and Wrekin,E06000020,CLA on 31 March,Mid-year moves,With one or more mid-year moves during the year,22,7
2023,Reporting year,Local authority,E92000001,England,E12000005,West Midlands,861,Stoke-on-Trent,E06000021,CLA 2 years on 31 March,Any moves,Total children,658,100
2023,Reporting year,Local authority,E92000001,England,E12000005,West Midlands,861,Stoke-on-Trent,E06000021,CLA 2 years on 31 March,Any moves,With one or more moves during the previous 2 years,150,23
2023,Reporting year,Local authority,E92000001,England,E12000005,West Midlands,861,Stoke-on-Trent,E06000021,CLA 2 years on 31 March,Mid-year moves,Total children,658,100
2023,Reporting year,Local authority,E92000001,England,E12000005,West Midlands,861,Stoke-on-Trent,E06000021,CLA 2 years on 31 March,Mid-year moves,With one or more mid-year moves during the previous 2 years,103,16
2023,Reporting year,Local authority,E92000001,England,E12000005,West Midlands,861,Stoke-on-Trent,E06000021,CLA on 31 March,Any moves,Total children,742,100
2023,Reporting year,Local authority,E92000001,England,E12000005,West Midlands,861,Stoke-on-Trent,E06000021,CLA on 31 March,Any moves,With one or more moves during the year,96,13
2023,Reporting year,Local authority,E92000001,England,E12000005,West Midlands,861,Stoke-on-Trent,E06000021,CLA on 31 March,Mid-year moves,Total children,742,100
2023,Reporting year,Local authority,E92000001,England,E12000005,West Midlands,861,Stoke-on-Trent,E06000021,CLA on 31 March,Mid-year moves,With one or more mid-year moves during the year,65,9
2023,Reporting year,Local authority,E92000001,England,E12000005,West Midlands,893,Shropshire,E06000051,CLA 2 years on 31 March,Any moves,Total children,348,100
2023,Reporting year,Local authority,E92000001,England,E12000005,West Midlands,893,Shropshire,E06000051,CLA 2 years on 31 March,Any moves,With one or more moves during the previous 2 years,75,22
2023,Reporting year,Local authority,E92000001,England,E12000005,West Midlands,893,Shropshire,E06000051,CLA 2 years on 31 March,Mid-year moves,Total children,348,100
2023,Reporting year,Local authority,E92000001,England,E12000005,West Midlands,893,Shropshire,E06000051,CLA 2 years on 31 March,Mid-year moves,With one or more mid-year moves during the previous 2 years,50,14
2023,Reporting year,Local authority,E92000001,England,E12000005,West Midlands,893,Shropshire,E06000051,CLA on 31 March,Any moves,Total children,406,100
2023,Reporting year,Local authority,E92000001,England,E12000005,West Midlands,893,Shropshire,E06000051,CLA on 31 March,Any moves,With one or more moves during the year,62,15
2023,Reporting year,Local authority,E92000001,England,E12000005,West Midlands,893,Shropshire,E06000051,CLA on 31 March,Mid-year moves,Total children,406,100
2023,Reporting year,Local authority,E92000001,England,E12000005,West Midlands,893,Shropshire,E06000051,CLA on 31 March,Mid-year moves,With one or more mid-year moves during the year,42,10
2023,Reporting year,Local authority,E92000001,England,E12000005,West Midlands,330,Birmingham,E08000025,CLA 2 years on 31 March,Any moves,Total children,1273,100
2023,Reporting year,Local authority,E92000001,England,E12000005,West Midlands,330,Birmingham,E08000025,CLA 2 years on 31 March,Any moves,With one or more moves during the previous 2 years,250,20
2023,Reporting year,Local authority,E92000001,England,E12000005,West Midlands,330,Birmingham,E08000025,CLA 2 years on 31 March,Mid-year moves,Total children,1273,100
2023,Reporting year,Local authority,E92000001,England,E12000005,West Midlands,330,Birmingham,E08000025,CLA 2 years on 31 March,Mid-year moves,With one or more mid-year moves during the previous 2 years,190,15
2023,Reporting year,Local authority,E92000001,England,E12000005,West Midlands,330,Birmingham,E08000025,CLA on 31 March,Any moves,Total children,1384,100
2023,Reporting year,Local authority,E92000001,England,E12000005,West Midlands,330,Birmingham,E08000025,CLA on 31 March,Any moves,With one or more moves during the year,142,10
2023,Reporting year,Local authority,E92000001,England,E12000005,West Midlands,330,Birmingham,E08000025,CLA on 31 March,Mid-year moves,Total children,1384,100
2023,Reporting year,Local authority,E92000001,England,E12000005,West Midlands,330,Birmingham,E08000025,CLA on 31 March,Mid-year moves,With one or more mid-year moves during the year,109,8
2023,Reporting year,Local authority,E92000001,England,E12000005,West Midlands,331,Coventry,E08000026,CLA 2 years on 31 March,Any moves,Total children,383,100
2023,Reporting year,Local authority,E92000001,England,E12000005,West Midlands,331,Coventry,E08000026,CLA 2 years on 31 March,Any moves,With one or more moves during the previous 2 years,68,18
2023,Reporting year,Local authority,E92000001,England,E12000005,West Midlands,331,Coventry,E08000026,CLA 2 years on 31 March,Mid-year moves,Total children,383,100
2023,Reporting year,Local authority,E92000001,England,E12000005,West Midlands,331,Coventry,E08000026,CLA 2 years on 31 March,Mid-year moves,With one or more mid-year moves during the previous 2 years,53,14
2023,Reporting year,Local authority,E92000001,England,E12000005,West Midlands,331,Coventry,E08000026,CLA on 31 March,Any moves,Total children,415,100
2023,Reporting year,Local authority,E92000001,England,E12000005,West Midlands,331,Coventry,E08000026,CLA on 31 March,Any moves,With one or more moves during the year,33,8
2023,Reporting year,Local authority,E92000001,England,E12000005,West Midlands,331,Coventry,E08000026,CLA on 31 March,Mid-year moves,Total children,415,100
2023,Reporting year,Local authority,E92000001,England,E12000005,West Midlands,331,Coventry,E08000026,CLA on 31 March,Mid-year moves,With one or more mid-year moves during the year,27,7
2023,Reporting year,Local authority,E92000001,England,E12000005,West Midlands,332,Dudley,E08000027,CLA 2 years on 31 March,Any moves,Total children,363,100
2023,Reporting year,Local authority,E92000001,England,E12000005,West Midlands,332,Dudley,E08000027,CLA 2 years on 31 March,Any moves,With one or more moves during the previous 2 years,62,17
2023,Reporting year,Local authority,E92000001,England,E12000005,West Midlands,332,Dudley,E08000027,CLA 2 years on 31 March,Mid-year moves,Total children,363,100
2023,Reporting year,Local authority,E92000001,England,E12000005,West Midlands,332,Dudley,E08000027,CLA 2 years on 31 March,Mid-year moves,With one or more mid-year moves during the previous 2 years,52,14
2023,Reporting year,Local authority,E92000001,England,E12000005,West Midlands,332,Dudley,E08000027,CLA on 31 March,Any moves,Total children,386,100
2023,Reporting year,Local authority,E92000001,England,E12000005,West Midlands,332,Dudley,E08000027,CLA on 31 March,Any moves,With one or more moves during the year,38,10
2023,Reporting year,Local authority,E92000001,England,E12000005,West Midlands,332,Dudley,E08000027,CLA on 31 March,Mid-year moves,Total children,386,100
2023,Reporting year,Local authority,E92000001,England,E12000005,West Midlands,332,Dudley,E08000027,CLA on 31 March,Mid-year moves,With one or more mid-year moves during the year,31,8
2023,Reporting year,Local authority,E92000001,England,E12000005,West Midlands,333,Sandwell,E08000028,CLA 2 years on 31 March,Any moves,Total children,545,100
2023,Reporting year,Local authority,E92000001,England,E12000005,West Midlands,333,Sandwell,E08000028,CLA 2 years on 31 March,Any moves,With one or more moves during the previous 2 years,105,19
2023,Reporting year,Local authority,E92000001,England,E12000005,West Midlands,333,Sandwell,E08000028,CLA 2 years on 31 March,Mid-year moves,Total children,545,100
2023,Reporting year,Local authority,E92000001,England,E12000005,West Midlands,333,Sandwell,E08000028,CLA 2 years on 31 March,Mid-year moves,With one or more mid-year moves during the previous 2 years,77,14
2023,Reporting year,Local authority,E92000001,England,E12000005,West Midlands,333,Sandwell,E08000028,CLA on 31 March,Any moves,Total children,585,100
2023,Reporting year,Local authority,E92000001,England,E12000005,West Midlands,333,Sandwell,E08000028,CLA on 31 March,Any moves,With one or more moves during the year,52,9
2023,Reporting year,Local authority,E92000001,England,E12000005,West Midlands,333,Sandwell,E08000028,CLA on 31 March,Mid-year moves,Total children,585,100
2023,Reporting year,Local authority,E92000001,England,E12000005,West Midlands,333,Sandwell,E08000028,CLA on 31 March,Mid-year moves,With one or more mid-year moves during the year,36,6
2023,Reporting year,Local authority,E92000001,England,E12000005,West Midlands,334,Solihull,E08000029,CLA 2 years on 31 March,Any moves,Total children,323,100
2023,Reporting year,Local authority,E92000001,England,E12000005,West Midlands,334,Solihull,E08000029,CLA 2 years on 31 March,Any moves,With one or more moves during the previous 2 years,48,15
2023,Reporting year,Local authority,E92000001,England,E12000005,West Midlands,334,Solihull,E08000029,CLA 2 years on 31 March,Mid-year moves,Total children,323,100
2023,Reporting year,Local authority,E92000001,England,E12000005,West Midlands,334,Solihull,E08000029,CLA 2 years on 31 March,Mid-year moves,With one or more mid-year moves during the previous 2 years,37,11
2023,Reporting year,Local authority,E92000001,England,E12000005,West Midlands,334,Solihull,E08000029,CLA on 31 March,Any moves,Total children,383,100
2023,Reporting year,Local authority,E92000001,England,E12000005,West Midlands,334,Solihull,E08000029,CLA on 31 March,Any moves,With one or more moves during the year,34,9
2023,Reporting year,Local authority,E92000001,England,E12000005,West Midlands,334,Solihull,E08000029,CLA on 31 March,Mid-year moves,Total children,383,100
2023,Reporting year,Local authority,E92000001,England,E12000005,West Midlands,334,Solihull,E08000029,CLA on 31 March,Mid-year moves,With one or more mid-year moves during the year,27,7
2023,Reporting year,Local authority,E92000001,England,E12000005,West Midlands,335,Walsall,E08000030,CLA 2 years on 31 March,Any moves,Total children,384,100
2023,Reporting year,Local authority,E92000001,England,E12000005,West Midlands,335,Walsall,E08000030,CLA 2 years on 31 March,Any moves,With one or more moves during the previous 2 years,72,19
2023,Reporting year,Local authority,E92000001,England,E12000005,West Midlands,335,Walsall,E08000030,CLA 2 years on 31 March,Mid-year moves,Total children,384,100
2023,Reporting year,Local authority,E92000001,England,E12000005,West Midlands,335,Walsall,E08000030,CLA 2 years on 31 March,Mid-year moves,With one or more mid-year moves during the previous 2 years,54,14
2023,Reporting year,Local authority,E92000001,England,E12000005,West Midlands,335,Walsall,E08000030,CLA on 31 March,Any moves,Total children,410,100
2023,Reporting year,Local authority,E92000001,England,E12000005,West Midlands,335,Walsall,E08000030,CLA on 31 March,Any moves,With one or more moves during the year,29,7
2023,Reporting year,Local authority,E92000001,England,E12000005,West Midlands,335,Walsall,E08000030,CLA on 31 March,Mid-year moves,Total children,410,100
2023,Reporting year,Local authority,E92000001,England,E12000005,West Midlands,335,Walsall,E08000030,CLA on 31 March,Mid-year moves,With one or more mid-year moves during the year,22,5
2023,Reporting year,Local authority,E92000001,England,E12000005,West Midlands,336,Wolverhampton,E08000031,CLA 2 years on 31 March,Any moves,Total children,322,100
2023,Reporting year,Local authority,E92000001,England,E12000005,West Midlands,336,Wolverhampton,E08000031,CLA 2 years on 31 March,Any moves,With one or more moves during the previous 2 years,40,12
2023,Reporting year,Local authority,E92000001,England,E12000005,West Midlands,336,Wolverhampton,E08000031,CLA 2 years on 31 March,Mid-year moves,Total children,322,100
2023,Reporting year,Local authority,E92000001,England,E12000005,West Midlands,336,Wolverhampton,E08000031,CLA 2 years on 31 March,Mid-year moves,With one or more mid-year moves during the previous 2 years,26,8
2023,Reporting year,Local authority,E92000001,England,E12000005,West Midlands,336,Wolverhampton,E08000031,CLA on 31 March,Any moves,Total children,326,100
2023,Reporting year,Local authority,E92000001,England,E12000005,West Midlands,336,Wolverhampton,E08000031,CLA on 31 March,Any moves,With one or more moves during the year,23,7
2023,Reporting year,Local authority,E92000001,England,E12000005,West Midlands,336,Wolverhampton,E08000031,CLA on 31 March,Mid-year moves,Total children,326,100
2023,Reporting year,Local authority,E92000001,England,E12000005,West Midlands,336,Wolverhampton,E08000031,CLA on 31 March,Mid-year moves,With one or more mid-year moves during the year,16,5
2023,Reporting year,Local authority,E92000001,England,E12000005,West Midlands,860,Staffordshire,E10000028,CLA 2 years on 31 March,Any moves,Total children,804,100
2023,Reporting year,Local authority,E92000001,England,E12000005,West Midlands,860,Staffordshire,E10000028,CLA 2 years on 31 March,Any moves,With one or more moves during the previous 2 years,175,22
2023,Reporting year,Local authority,E92000001,England,E12000005,West Midlands,860,Staffordshire,E10000028,CLA 2 years on 31 March,Mid-year moves,Total children,804,100
2023,Reporting year,Local authority,E92000001,England,E12000005,West Midlands,860,Staffordshire,E10000028,CLA 2 years on 31 March,Mid-year moves,With one or more mid-year moves during the previous 2 years,122,15
2023,Reporting year,Local authority,E92000001,England,E12000005,West Midlands,860,Staffordshire,E10000028,CLA on 31 March,Any moves,Total children,898,100
2023,Reporting year,Local authority,E92000001,England,E12000005,West Midlands,860,Staffordshire,E10000028,CLA on 31 March,Any moves,With one or more moves during the year,141,16
2023,Reporting year,Local authority,E92000001,England,E12000005,West Midlands,860,Staffordshire,E10000028,CLA on 31 March,Mid-year moves,Total children,898,100
2023,Reporting year,Local authority,E92000001,England,E12000005,West Midlands,860,Staffordshire,E10000028,CLA on 31 March,Mid-year moves,With one or more mid-year moves during the year,99,11
2023,Reporting year,Local authority,E92000001,England,E12000005,West Midlands,937,Warwickshire,E10000031,CLA 2 years on 31 March,Any moves,Total children,414,100
2023,Reporting year,Local authority,E92000001,England,E12000005,West Midlands,937,Warwickshire,E10000031,CLA 2 years on 31 March,Any moves,With one or more moves during the previous 2 years,73,18
2023,Reporting year,Local authority,E92000001,England,E12000005,West Midlands,937,Warwickshire,E10000031,CLA 2 years on 31 March,Mid-year moves,Total children,414,100
2023,Reporting year,Local authority,E92000001,England,E12000005,West Midlands,937,Warwickshire,E10000031,CLA 2 years on 31 March,Mid-year moves,With one or more mid-year moves during the previous 2 years,49,12
2023,Reporting year,Local authority,E92000001,England,E12000005,West Midlands,937,Warwickshire,E10000031,CLA on 31 March,Any moves,Total children,467,100
2023,Reporting year,Local authority,E92000001,England,E12000005,West Midlands,937,Warwickshire,E10000031,CLA on 31 March,Any moves,With one or more moves during the year,55,12
2023,Reporting year,Local authority,E92000001,England,E12000005,West Midlands,937,Warwickshire,E10000031,CLA on 31 March,Mid-year moves,Total children,467,100
2023,Reporting year,Local authority,E92000001,England,E12000005,West Midlands,937,Warwickshire,E10000031,CLA on 31 March,Mid-year moves,With one or more mid-year moves during the year,36,8
2023,Reporting year,Local authority,E92000001,England,E12000005,West Midlands,885,Worcestershire,E10000034,CLA 2 years on 31 March,Any moves,Total children,581,100
2023,Reporting year,Local authority,E92000001,England,E12000005,West Midlands,885,Worcestershire,E10000034,CLA 2 years on 31 March,Any moves,With one or more moves during the previous 2 years,113,19
2023,Reporting year,Local authority,E92000001,England,E12000005,West Midlands,885,Worcestershire,E10000034,CLA 2 years on 31 March,Mid-year moves,Total children,581,100
2023,Reporting year,Local authority,E92000001,England,E12000005,West Midlands,885,Worcestershire,E10000034,CLA 2 years on 31 March,Mid-year moves,With one or more mid-year moves during the previous 2 years,83,14
2023,Reporting year,Local authority,E92000001,England,E12000005,West Midlands,885,Worcestershire,E10000034,CLA on 31 March,Any moves,Total children,648,100
2023,Reporting year,Local authority,E92000001,England,E12000005,West Midlands,885,Worcestershire,E10000034,CLA on 31 March,Any moves,With one or more moves during the year,79,12
2023,Reporting year,Local authority,E92000001,England,E12000005,West Midlands,885,Worcestershire,E10000034,CLA on 31 March,Mid-year moves,Total children,648,100
2023,Reporting year,Local authority,E92000001,England,E12000005,West Midlands,885,Worcestershire,E10000034,CLA on 31 March,Mid-year moves,With one or more mid-year moves during the year,58,9
2023,Reporting year,Local authority,E92000001,England,E12000006,East of England,874,Peterborough,E06000031,CLA 2 years on 31 March,Any moves,Total children,207,100
2023,Reporting year,Local authority,E92000001,England,E12000006,East of England,874,Peterborough,E06000031,CLA 2 years on 31 March,Any moves,With one or more moves during the previous 2 years,43,21
2023,Reporting year,Local authority,E92000001,England,E12000006,East of England,874,Peterborough,E06000031,CLA 2 years on 31 March,Mid-year moves,Total children,207,100
2023,Reporting year,Local authority,E92000001,England,E12000006,East of England,874,Peterborough,E06000031,CLA 2 years on 31 March,Mid-year moves,With one or more mid-year moves during the previous 2 years,29,14
2023,Reporting year,Local authority,E92000001,England,E12000006,East of England,874,Peterborough,E06000031,CLA on 31 March,Any moves,Total children,238,100
2023,Reporting year,Local authority,E92000001,England,E12000006,East of England,874,Peterborough,E06000031,CLA on 31 March,Any moves,With one or more moves during the year,25,11
2023,Reporting year,Local authority,E92000001,England,E12000006,East of England,874,Peterborough,E06000031,CLA on 31 March,Mid-year moves,Total children,238,100
2023,Reporting year,Local authority,E92000001,England,E12000006,East of England,874,Peterborough,E06000031,CLA on 31 March,Mid-year moves,With one or more mid-year moves during the year,15,6
2023,Reporting year,Local authority,E92000001,England,E12000006,East of England,821,Luton,E06000032,CLA 2 years on 31 March,Any moves,Total children,204,100
2023,Reporting year,Local authority,E92000001,England,E12000006,East of England,821,Luton,E06000032,CLA 2 years on 31 March,Any moves,With one or more moves during the previous 2 years,40,20
2023,Reporting year,Local authority,E92000001,England,E12000006,East of England,821,Luton,E06000032,CLA 2 years on 31 March,Mid-year moves,Total children,204,100
2023,Reporting year,Local authority,E92000001,England,E12000006,East of England,821,Luton,E06000032,CLA 2 years on 31 March,Mid-year moves,With one or more mid-year moves during the previous 2 years,28,14
2023,Reporting year,Local authority,E92000001,England,E12000006,East of England,821,Luton,E06000032,CLA on 31 March,Any moves,Total children,241,100
2023,Reporting year,Local authority,E92000001,England,E12000006,East of England,821,Luton,E06000032,CLA on 31 March,Any moves,With one or more moves during the year,25,10
2023,Reporting year,Local authority,E92000001,England,E12000006,East of England,821,Luton,E06000032,CLA on 31 March,Mid-year moves,Total children,241,100
2023,Reporting year,Local authority,E92000001,England,E12000006,East of England,821,Luton,E06000032,CLA on 31 March,Mid-year moves,With one or more mid-year moves during the year,17,7
2023,Reporting year,Local authority,E92000001,England,E12000006,East of England,882,Southend-on-Sea,E06000033,CLA 2 years on 31 March,Any moves,Total children,187,100
2023,Reporting year,Local authority,E92000001,England,E12000006,East of England,882,Southend-on-Sea,E06000033,CLA 2 years on 31 March,Any moves,With one or more moves during the previous 2 years,37,20
2023,Reporting year,Local authority,E92000001,England,E12000006,East of England,882,Southend-on-Sea,E06000033,CLA 2 years on 31 March,Mid-year moves,Total children,187,100
2023,Reporting year,Local authority,E92000001,England,E12000006,East of England,882,Southend-on-Sea,E06000033,CLA 2 years on 31 March,Mid-year moves,With one or more mid-year moves during the previous 2 years,28,15
2023,Reporting year,Local authority,E92000001,England,E12000006,East of England,882,Southend-on-Sea,E06000033,CLA on 31 March,Any moves,Total children,201,100
2023,Reporting year,Local authority,E92000001,England,E12000006,East of England,882,Southend-on-Sea,E06000033,CLA on 31 March,Any moves,With one or more moves during the year,25,12
2023,Reporting year,Local authority,E92000001,England,E12000006,East of England,882,Southend-on-Sea,E06000033,CLA on 31 March,Mid-year moves,Total children,201,100
2023,Reporting year,Local authority,E92000001,England,E12000006,East of England,882,Southend-on-Sea,E06000033,CLA on 31 March,Mid-year moves,With one or more mid-year moves during the year,15,7
2023,Reporting year,Local authority,E92000001,England,E12000006,East of England,883,Thurrock,E06000034,CLA 2 years on 31 March,Any moves,Total children,167,100
2023,Reporting year,Local authority,E92000001,England,E12000006,East of England,883,Thurrock,E06000034,CLA 2 years on 31 March,Any moves,With one or more moves during the previous 2 years,42,25
2023,Reporting year,Local authority,E92000001,England,E12000006,East of England,883,Thurrock,E06000034,CLA 2 years on 31 March,Mid-year moves,Total children,167,100
2023,Reporting year,Local authority,E92000001,England,E12000006,East of England,883,Thurrock,E06000034,CLA 2 years on 31 March,Mid-year moves,With one or more mid-year moves during the previous 2 years,30,18
2023,Reporting year,Local authority,E92000001,England,E12000006,East of England,883,Thurrock,E06000034,CLA on 31 March,Any moves,Total children,178,100
2023,Reporting year,Local authority,E92000001,England,E12000006,East of England,883,Thurrock,E06000034,CLA on 31 March,Any moves,With one or more moves during the year,19,11
2023,Reporting year,Local authority,E92000001,England,E12000006,East of England,883,Thurrock,E06000034,CLA on 31 March,Mid-year moves,Total children,178,100
2023,Reporting year,Local authority,E92000001,England,E12000006,East of England,883,Thurrock,E06000034,CLA on 31 March,Mid-year moves,With one or more mid-year moves during the year,13,7
2023,Reporting year,Local authority,E92000001,England,E12000006,East of England,822,Bedford,E06000055,CLA 2 years on 31 March,Any moves,Total children,160,100
2023,Reporting year,Local authority,E92000001,England,E12000006,East of England,822,Bedford,E06000055,CLA 2 years on 31 March,Any moves,With one or more moves during the previous 2 years,44,28
2023,Reporting year,Local authority,E92000001,England,E12000006,East of England,822,Bedford,E06000055,CLA 2 years on 31 March,Mid-year moves,Total children,160,100
2023,Reporting year,Local authority,E92000001,England,E12000006,East of England,822,Bedford,E06000055,CLA 2 years on 31 March,Mid-year moves,With one or more mid-year moves during the previous 2 years,40,25
2023,Reporting year,Local authority,E92000001,England,E12000006,East of England,822,Bedford,E06000055,CLA on 31 March,Any moves,Total children,171,100
2023,Reporting year,Local authority,E92000001,England,E12000006,East of England,822,Bedford,E06000055,CLA on 31 March,Any moves,With one or more moves during the year,22,13
2023,Reporting year,Local authority,E92000001,England,E12000006,East of England,822,Bedford,E06000055,CLA on 31 March,Mid-year moves,Total children,171,100
2023,Reporting year,Local authority,E92000001,England,E12000006,East of England,822,Bedford,E06000055,CLA on 31 March,Mid-year moves,With one or more mid-year moves during the year,20,12
2023,Reporting year,Local authority,E92000001,England,E12000006,East of England,823,Central Bedfordshire,E06000056,CLA 2 years on 31 March,Any moves,Total children,213,100
2023,Reporting year,Local authority,E92000001,England,E12000006,East of England,823,Central Bedfordshire,E06000056,CLA 2 years on 31 March,Any moves,With one or more moves during the previous 2 years,40,19
2023,Reporting year,Local authority,E92000001,England,E12000006,East of England,823,Central Bedfordshire,E06000056,CLA 2 years on 31 March,Mid-year moves,Total children,213,100
2023,Reporting year,Local authority,E92000001,England,E12000006,East of England,823,Central Bedfordshire,E06000056,CLA 2 years on 31 March,Mid-year moves,With one or more mid-year moves during the previous 2 years,32,15
2023,Reporting year,Local authority,E92000001,England,E12000006,East of England,823,Central Bedfordshire,E06000056,CLA on 31 March,Any moves,Total children,241,100
2023,Reporting year,Local authority,E92000001,England,E12000006,East of England,823,Central Bedfordshire,E06000056,CLA on 31 March,Any moves,With one or more moves during the year,32,13
2023,Reporting year,Local authority,E92000001,England,E12000006,East of England,823,Central Bedfordshire,E06000056,CLA on 31 March,Mid-year moves,Total children,241,100
2023,Reporting year,Local authority,E92000001,England,E12000006,East of England,823,Central Bedfordshire,E06000056,CLA on 31 March,Mid-year moves,With one or more mid-year moves during the year,25,10
2023,Reporting year,Local authority,E92000001,England,E12000006,East of England,873,Cambridgeshire,E10000003,CLA 2 years on 31 March,Any moves,Total children,332,100
2023,Reporting year,Local authority,E92000001,England,E12000006,East of England,873,Cambridgeshire,E10000003,CLA 2 years on 31 March,Any moves,With one or more moves during the previous 2 years,66,20
2023,Reporting year,Local authority,E92000001,England,E12000006,East of England,873,Cambridgeshire,E10000003,CLA 2 years on 31 March,Mid-year moves,Total children,332,100
2023,Reporting year,Local authority,E92000001,England,E12000006,East of England,873,Cambridgeshire,E10000003,CLA 2 years on 31 March,Mid-year moves,With one or more mid-year moves during the previous 2 years,49,15
2023,Reporting year,Local authority,E92000001,England,E12000006,East of England,873,Cambridgeshire,E10000003,CLA on 31 March,Any moves,Total children,380,100
2023,Reporting year,Local authority,E92000001,England,E12000006,East of England,873,Cambridgeshire,E10000003,CLA on 31 March,Any moves,With one or more moves during the year,43,11
2023,Reporting year,Local authority,E92000001,England,E12000006,East of England,873,Cambridgeshire,E10000003,CLA on 31 March,Mid-year moves,Total children,380,100
2023,Reporting year,Local authority,E92000001,England,E12000006,East of England,873,Cambridgeshire,E10000003,CLA on 31 March,Mid-year moves,With one or more mid-year moves during the year,29,8
2023,Reporting year,Local authority,E92000001,England,E12000006,East of England,881,Essex,E10000012,CLA 2 years on 31 March,Any moves,Total children,602,100
2023,Reporting year,Local authority,E92000001,England,E12000006,East of England,881,Essex,E10000012,CLA 2 years on 31 March,Any moves,With one or more moves during the previous 2 years,163,27
2023,Reporting year,Local authority,E92000001,England,E12000006,East of England,881,Essex,E10000012,CLA 2 years on 31 March,Mid-year moves,Total children,602,100
2023,Reporting year,Local authority,E92000001,England,E12000006,East of England,881,Essex,E10000012,CLA 2 years on 31 March,Mid-year moves,With one or more mid-year moves during the previous 2 years,122,20
2023,Reporting year,Local authority,E92000001,England,E12000006,East of England,881,Essex,E10000012,CLA on 31 March,Any moves,Total children,695,100
2023,Reporting year,Local authority,E92000001,England,E12000006,East of England,881,Essex,E10000012,CLA on 31 March,Any moves,With one or more moves during the year,109,16
2023,Reporting year,Local authority,E92000001,England,E12000006,East of England,881,Essex,E10000012,CLA on 31 March,Mid-year moves,Total children,695,100
2023,Reporting year,Local authority,E92000001,England,E12000006,East of England,881,Essex,E10000012,CLA on 31 March,Mid-year moves,With one or more mid-year moves during the year,74,11
2023,Reporting year,Local authority,E92000001,England,E12000006,East of England,919,Hertfordshire,E10000015,CLA 2 years on 31 March,Any moves,Total children,556,100
2023,Reporting year,Local authority,E92000001,England,E12000006,East of England,919,Hertfordshire,E10000015,CLA 2 years on 31 March,Any moves,With one or more moves during the previous 2 years,127,23
2023,Reporting year,Local authority,E92000001,England,E12000006,East of England,919,Hertfordshire,E10000015,CLA 2 years on 31 March,Mid-year moves,Total children,556,100
2023,Reporting year,Local authority,E92000001,England,E12000006,East of England,919,Hertfordshire,E10000015,CLA 2 years on 31 March,Mid-year moves,With one or more mid-year moves during the previous 2 years,89,16
2023,Reporting year,Local authority,E92000001,England,E12000006,East of England,919,Hertfordshire,E10000015,CLA on 31 March,Any moves,Total children,611,100
2023,Reporting year,Local authority,E92000001,England,E12000006,East of England,919,Hertfordshire,E10000015,CLA on 31 March,Any moves,With one or more moves during the year,65,11
2023,Reporting year,Local authority,E92000001,England,E12000006,East of England,919,Hertfordshire,E10000015,CLA on 31 March,Mid-year moves,Total children,611,100
2023,Reporting year,Local authority,E92000001,England,E12000006,East of England,919,Hertfordshire,E10000015,CLA on 31 March,Mid-year moves,With one or more mid-year moves during the year,46,8
2023,Reporting year,Local authority,E92000001,England,E12000006,East of England,926,Norfolk,E10000020,CLA 2 years on 31 March,Any moves,Total children,620,100
2023,Reporting year,Local authority,E92000001,England,E12000006,East of England,926,Norfolk,E10000020,CLA 2 years on 31 March,Any moves,With one or more moves during the previous 2 years,143,23
2023,Reporting year,Local authority,E92000001,England,E12000006,East of England,926,Norfolk,E10000020,CLA 2 years on 31 March,Mid-year moves,Total children,620,100
2023,Reporting year,Local authority,E92000001,England,E12000006,East of England,926,Norfolk,E10000020,CLA 2 years on 31 March,Mid-year moves,With one or more mid-year moves during the previous 2 years,100,16
2023,Reporting year,Local authority,E92000001,England,E12000006,East of England,926,Norfolk,E10000020,CLA on 31 March,Any moves,Total children,690,100
2023,Reporting year,Local authority,E92000001,England,E12000006,East of England,926,Norfolk,E10000020,CLA on 31 March,Any moves,With one or more moves during the year,98,14
2023,Reporting year,Local authority,E92000001,England,E12000006,East of England,926,Norfolk,E10000020,CLA on 31 March,Mid-year moves,Total children,690,100
2023,Reporting year,Local authority,E92000001,England,E12000006,East of England,926,Norfolk,E10000020,CLA on 31 March,Mid-year moves,With one or more mid-year moves during the year,72,10
2023,Reporting year,Local authority,E92000001,England,E12000006,East of England,935,Suffolk,E10000029,CLA 2 years on 31 March,Any moves,Total children,537,100
2023,Reporting year,Local authority,E92000001,England,E12000006,East of England,935,Suffolk,E10000029,CLA 2 years on 31 March,Any moves,With one or more moves during the previous 2 years,138,26
2023,Reporting year,Local authority,E92000001,England,E12000006,East of England,935,Suffolk,E10000029,CLA 2 years on 31 March,Mid-year moves,Total children,537,100
2023,Reporting year,Local authority,E92000001,England,E12000006,East of England,935,Suffolk,E10000029,CLA 2 years on 31 March,Mid-year moves,With one or more mid-year moves during the previous 2 years,96,18
2023,Reporting year,Local authority,E92000001,England,E12000006,East of England,935,Suffolk,E10000029,CLA on 31 March,Any moves,Total children,629,100
2023,Reporting year,Local authority,E92000001,England,E12000006,East of England,935,Suffolk,E10000029,CLA on 31 March,Any moves,With one or more moves during the year,92,15
2023,Reporting year,Local authority,E92000001,England,E12000006,East of England,935,Suffolk,E10000029,CLA on 31 March,Mid-year moves,Total children,629,100
2023,Reporting year,Local authority,E92000001,England,E12000006,East of England,935,Suffolk,E10000029,CLA on 31 March,Mid-year moves,With one or more mid-year moves during the year,59,9
2023,Reporting year,Local authority,E92000001,England,E12000008,South East,887,Medway,E06000035,CLA 2 years on 31 March,Any moves,Total children,265,100
2023,Reporting year,Local authority,E92000001,England,E12000008,South East,887,Medway,E06000035,CLA 2 years on 31 March,Any moves,With one or more moves during the previous 2 years,47,18
2023,Reporting year,Local authority,E92000001,England,E12000008,South East,887,Medway,E06000035,CLA 2 years on 31 March,Mid-year moves,Total children,265,100
2023,Reporting year,Local authority,E92000001,England,E12000008,South East,887,Medway,E06000035,CLA 2 years on 31 March,Mid-year moves,With one or more mid-year moves during the previous 2 years,36,14
2023,Reporting year,Local authority,E92000001,England,E12000008,South East,887,Medway,E06000035,CLA on 31 March,Any moves,Total children,327,100
2023,Reporting year,Local authority,E92000001,England,E12000008,South East,887,Medway,E06000035,CLA on 31 March,Any moves,With one or more moves during the year,30,9
2023,Reporting year,Local authority,E92000001,England,E12000008,South East,887,Medway,E06000035,CLA on 31 March,Mid-year moves,Total children,327,100
2023,Reporting year,Local authority,E92000001,England,E12000008,South East,887,Medway,E06000035,CLA on 31 March,Mid-year moves,With one or more mid-year moves during the year,22,7
2023,Reporting year,Local authority,E92000001,England,E12000008,South East,867,Bracknell Forest,E06000036,CLA 2 years on 31 March,Any moves,Total children,63,100
2023,Reporting year,Local authority,E92000001,England,E12000008,South East,867,Bracknell Forest,E06000036,CLA 2 years on 31 March,Any moves,With one or more moves during the previous 2 years,7,11
2023,Reporting year,Local authority,E92000001,England,E12000008,South East,867,Bracknell Forest,E06000036,CLA 2 years on 31 March,Mid-year moves,Total children,63,100
2023,Reporting year,Local authority,E92000001,England,E12000008,South East,867,Bracknell Forest,E06000036,CLA 2 years on 31 March,Mid-year moves,With one or more mid-year moves during the previous 2 years,6,10
2023,Reporting year,Local authority,E92000001,England,E12000008,South East,867,Bracknell Forest,E06000036,CLA on 31 March,Any moves,Total children,82,100
2023,Reporting year,Local authority,E92000001,England,E12000008,South East,867,Bracknell Forest,E06000036,CLA on 31 March,Any moves,With one or more moves during the year,c,c
2023,Reporting year,Local authority,E92000001,England,E12000008,South East,867,Bracknell Forest,E06000036,CLA on 31 March,Mid-year moves,Total children,82,100
2023,Reporting year,Local authority,E92000001,England,E12000008,South East,867,Bracknell Forest,E06000036,CLA on 31 March,Mid-year moves,With one or more mid-year moves during the year,c,c
2023,Reporting year,Local authority,E92000001,England,E12000008,South East,869,West Berkshire,E06000037,CLA 2 years on 31 March,Any moves,Total children,79,100
2023,Reporting year,Local authority,E92000001,England,E12000008,South East,869,West Berkshire,E06000037,CLA 2 years on 31 March,Any moves,With one or more moves during the previous 2 years,16,20
2023,Reporting year,Local authority,E92000001,England,E12000008,South East,869,West Berkshire,E06000037,CLA 2 years on 31 March,Mid-year moves,Total children,79,100
2023,Reporting year,Local authority,E92000001,England,E12000008,South East,869,West Berkshire,E06000037,CLA 2 years on 31 March,Mid-year moves,With one or more mid-year moves during the previous 2 years,14,18
2023,Reporting year,Local authority,E92000001,England,E12000008,South East,869,West Berkshire,E06000037,CLA on 31 March,Any moves,Total children,110,100
2023,Reporting year,Local authority,E92000001,England,E12000008,South East,869,West Berkshire,E06000037,CLA on 31 March,Any moves,With one or more moves during the year,16,15
2023,Reporting year,Local authority,E92000001,England,E12000008,South East,869,West Berkshire,E06000037,CLA on 31 March,Mid-year moves,Total children,110,100
2023,Reporting year,Local authority,E92000001,England,E12000008,South East,869,West Berkshire,E06000037,CLA on 31 March,Mid-year moves,With one or more mid-year moves during the year,10,9
2023,Reporting year,Local authority,E92000001,England,E12000008,South East,870,Reading,E06000038,CLA 2 years on 31 March,Any moves,Total children,128,100
2023,Reporting year,Local authority,E92000001,England,E12000008,South East,870,Reading,E06000038,CLA 2 years on 31 March,Any moves,With one or more moves during the previous 2 years,25,20
2023,Reporting year,Local authority,E92000001,England,E12000008,South East,870,Reading,E06000038,CLA 2 years on 31 March,Mid-year moves,Total children,128,100
2023,Reporting year,Local authority,E92000001,England,E12000008,South East,870,Reading,E06000038,CLA 2 years on 31 March,Mid-year moves,With one or more mid-year moves during the previous 2 years,16,13
2023,Reporting year,Local authority,E92000001,England,E12000008,South East,870,Reading,E06000038,CLA on 31 March,Any moves,Total children,143,100
2023,Reporting year,Local authority,E92000001,England,E12000008,South East,870,Reading,E06000038,CLA on 31 March,Any moves,With one or more moves during the year,12,8
2023,Reporting year,Local authority,E92000001,England,E12000008,South East,870,Reading,E06000038,CLA on 31 March,Mid-year moves,Total children,143,100
2023,Reporting year,Local authority,E92000001,England,E12000008,South East,870,Reading,E06000038,CLA on 31 March,Mid-year moves,With one or more mid-year moves during the year,6,4
2023,Reporting year,Local authority,E92000001,England,E12000008,South East,871,Slough,E06000039,CLA 2 years on 31 March,Any moves,Total children,108,100
2023,Reporting year,Local authority,E92000001,England,E12000008,South East,871,Slough,E06000039,CLA 2 years on 31 March,Any moves,With one or more moves during the previous 2 years,22,20
2023,Reporting year,Local authority,E92000001,England,E12000008,South East,871,Slough,E06000039,CLA 2 years on 31 March,Mid-year moves,Total children,108,100
2023,Reporting year,Local authority,E92000001,England,E12000008,South East,871,Slough,E06000039,CLA 2 years on 31 March,Mid-year moves,With one or more mid-year moves during the previous 2 years,15,14
2023,Reporting year,Local authority,E92000001,England,E12000008,South East,871,Slough,E06000039,CLA on 31 March,Any moves,Total children,143,100
2023,Reporting year,Local authority,E92000001,England,E12000008,South East,871,Slough,E06000039,CLA on 31 March,Any moves,With one or more moves during the year,14,10
2023,Reporting year,Local authority,E92000001,England,E12000008,South East,871,Slough,E06000039,CLA on 31 March,Mid-year moves,Total children,143,100
2023,Reporting year,Local authority,E92000001,England,E12000008,South East,871,Slough,E06000039,CLA on 31 March,Mid-year moves,With one or more mid-year moves during the year,10,7
2023,Reporting year,Local authority,E92000001,England,E12000008,South East,868,Windsor and Maidenhead,E06000040,CLA 2 years on 31 March,Any moves,Total children,63,100
2023,Reporting year,Local authority,E92000001,England,E12000008,South East,868,Windsor and Maidenhead,E06000040,CLA 2 years on 31 March,Any moves,With one or more moves during the previous 2 years,8,13
2023,Reporting year,Local authority,E92000001,England,E12000008,South East,868,Windsor and Maidenhead,E06000040,CLA 2 years on 31 March,Mid-year moves,Total children,63,100
2023,Reporting year,Local authority,E92000001,England,E12000008,South East,868,Windsor and Maidenhead,E06000040,CLA 2 years on 31 March,Mid-year moves,With one or more mid-year moves during the previous 2 years,7,11
2023,Reporting year,Local authority,E92000001,England,E12000008,South East,868,Windsor and Maidenhead,E06000040,CLA on 31 March,Any moves,Total children,81,100
2023,Reporting year,Local authority,E92000001,England,E12000008,South East,868,Windsor and Maidenhead,E06000040,CLA on 31 March,Any moves,With one or more moves during the year,6,7
2023,Reporting year,Local authority,E92000001,England,E12000008,South East,868,Windsor and Maidenhead,E06000040,CLA on 31 March,Mid-year moves,Total children,81,100
2023,Reporting year,Local authority,E92000001,England,E12000008,South East,868,Windsor and Maidenhead,E06000040,CLA on 31 March,Mid-year moves,With one or more mid-year moves during the year,c,c
2023,Reporting year,Local authority,E92000001,England,E12000008,South East,872,Wokingham,E06000041,CLA 2 years on 31 March,Any moves,Total children,49,100
2023,Reporting year,Local authority,E92000001,England,E12000008,South East,872,Wokingham,E06000041,CLA 2 years on 31 March,Any moves,With one or more moves during the previous 2 years,10,20
2023,Reporting year,Local authority,E92000001,England,E12000008,South East,872,Wokingham,E06000041,CLA 2 years on 31 March,Mid-year moves,Total children,49,100
2023,Reporting year,Local authority,E92000001,England,E12000008,South East,872,Wokingham,E06000041,CLA 2 years on 31 March,Mid-year moves,With one or more mid-year moves during the previous 2 years,9,18
2023,Reporting year,Local authority,E92000001,England,E12000008,South East,872,Wokingham,E06000041,CLA on 31 March,Any moves,Total children,68,100
2023,Reporting year,Local authority,E92000001,England,E12000008,South East,872,Wokingham,E06000041,CLA on 31 March,Any moves,With one or more moves during the year,11,16
2023,Reporting year,Local authority,E92000001,England,E12000008,South East,872,Wokingham,E06000041,CLA on 31 March,Mid-year moves,Total children,68,100
2023,Reporting year,Local authority,E92000001,England,E12000008,South East,872,Wokingham,E06000041,CLA on 31 March,Mid-year moves,With one or more mid-year moves during the year,8,12
2023,Reporting year,Local authority,E92000001,England,E12000008,South East,826,Milton Keynes,E06000042,CLA 2 years on 31 March,Any moves,Total children,188,100
2023,Reporting year,Local authority,E92000001,England,E12000008,South East,826,Milton Keynes,E06000042,CLA 2 years on 31 March,Any moves,With one or more moves during the previous 2 years,51,27
2023,Reporting year,Local authority,E92000001,England,E12000008,South East,826,Milton Keynes,E06000042,CLA 2 years on 31 March,Mid-year moves,Total children,188,100
2023,Reporting year,Local authority,E92000001,England,E12000008,South East,826,Milton Keynes,E06000042,CLA 2 years on 31 March,Mid-year moves,With one or more mid-year moves during the previous 2 years,34,18
2023,Reporting year,Local authority,E92000001,England,E12000008,South East,826,Milton Keynes,E06000042,CLA on 31 March,Any moves,Total children,208,100
2023,Reporting year,Local authority,E92000001,England,E12000008,South East,826,Milton Keynes,E06000042,CLA on 31 March,Any moves,With one or more moves during the year,27,13
2023,Reporting year,Local authority,E92000001,England,E12000008,South East,826,Milton Keynes,E06000042,CLA on 31 March,Mid-year moves,Total children,208,100
2023,Reporting year,Local authority,E92000001,England,E12000008,South East,826,Milton Keynes,E06000042,CLA on 31 March,Mid-year moves,With one or more mid-year moves during the year,20,10
2023,Reporting year,Local authority,E92000001,England,E12000008,South East,846,Brighton and Hove,E06000043,CLA 2 years on 31 March,Any moves,Total children,181,100
2023,Reporting year,Local authority,E92000001,England,E12000008,South East,846,Brighton and Hove,E06000043,CLA 2 years on 31 March,Any moves,With one or more moves during the previous 2 years,40,22
2023,Reporting year,Local authority,E92000001,England,E12000008,South East,846,Brighton and Hove,E06000043,CLA 2 years on 31 March,Mid-year moves,Total children,181,100
2023,Reporting year,Local authority,E92000001,England,E12000008,South East,846,Brighton and Hove,E06000043,CLA 2 years on 31 March,Mid-year moves,With one or more mid-year moves during the previous 2 years,22,12
2023,Reporting year,Local authority,E92000001,England,E12000008,South East,846,Brighton and Hove,E06000043,CLA on 31 March,Any moves,Total children,213,100
2023,Reporting year,Local authority,E92000001,England,E12000008,South East,846,Brighton and Hove,E06000043,CLA on 31 March,Any moves,With one or more moves during the year,32,15
2023,Reporting year,Local authority,E92000001,England,E12000008,South East,846,Brighton and Hove,E06000043,CLA on 31 March,Mid-year moves,Total children,213,100
2023,Reporting year,Local authority,E92000001,England,E12000008,South East,846,Brighton and Hove,E06000043,CLA on 31 March,Mid-year moves,With one or more mid-year moves during the year,17,8
2023,Reporting year,Local authority,E92000001,England,E12000008,South East,851,Portsmouth,E06000044,CLA 2 years on 31 March,Any moves,Total children,213,100
2023,Reporting year,Local authority,E92000001,England,E12000008,South East,851,Portsmouth,E06000044,CLA 2 years on 31 March,Any moves,With one or more moves during the previous 2 years,38,18
2023,Reporting year,Local authority,E92000001,England,E12000008,South East,851,Portsmouth,E06000044,CLA 2 years on 31 March,Mid-year moves,Total children,213,100
2023,Reporting year,Local authority,E92000001,England,E12000008,South East,851,Portsmouth,E06000044,CLA 2 years on 31 March,Mid-year moves,With one or more mid-year moves during the previous 2 years,28,13
2023,Reporting year,Local authority,E92000001,England,E12000008,South East,851,Portsmouth,E06000044,CLA on 31 March,Any moves,Total children,250,100
2023,Reporting year,Local authority,E92000001,England,E12000008,South East,851,Portsmouth,E06000044,CLA on 31 March,Any moves,With one or more moves during the year,24,10
2023,Reporting year,Local authority,E92000001,England,E12000008,South East,851,Portsmouth,E06000044,CLA on 31 March,Mid-year moves,Total children,250,100
2023,Reporting year,Local authority,E92000001,England,E12000008,South East,851,Portsmouth,E06000044,CLA on 31 March,Mid-year moves,With one or more mid-year moves during the year,15,6
2023,Reporting year,Local authority,E92000001,England,E12000008,South East,852,Southampton,E06000045,CLA 2 years on 31 March,Any moves,Total children,326,100
2023,Reporting year,Local authority,E92000001,England,E12000008,South East,852,Southampton,E06000045,CLA 2 years on 31 March,Any moves,With one or more moves during the previous 2 years,87,27
2023,Reporting year,Local authority,E92000001,England,E12000008,South East,852,Southampton,E06000045,CLA 2 years on 31 March,Mid-year moves,Total children,326,100
2023,Reporting year,Local authority,E92000001,England,E12000008,South East,852,Southampton,E06000045,CLA 2 years on 31 March,Mid-year moves,With one or more mid-year moves during the previous 2 years,68,21
2023,Reporting year,Local authority,E92000001,England,E12000008,South East,852,Southampton,E06000045,CLA on 31 March,Any moves,Total children,370,100
2023,Reporting year,Local authority,E92000001,England,E12000008,South East,852,Southampton,E06000045,CLA on 31 March,Any moves,With one or more moves during the year,60,16
2023,Reporting year,Local authority,E92000001,England,E12000008,South East,852,Southampton,E06000045,CLA on 31 March,Mid-year moves,Total children,370,100
2023,Reporting year,Local authority,E92000001,England,E12000008,South East,852,Southampton,E06000045,CLA on 31 March,Mid-year moves,With one or more mid-year moves during the year,47,13
2023,Reporting year,Local authority,E92000001,England,E12000008,South East,921,Isle of Wight,E06000046,CLA 2 years on 31 March,Any moves,Total children,169,100
2023,Reporting year,Local authority,E92000001,England,E12000008,South East,921,Isle of Wight,E06000046,CLA 2 years on 31 March,Any moves,With one or more moves during the previous 2 years,28,17
2023,Reporting year,Local authority,E92000001,England,E12000008,South East,921,Isle of Wight,E06000046,CLA 2 years on 31 March,Mid-year moves,Total children,169,100
2023,Reporting year,Local authority,E92000001,England,E12000008,South East,921,Isle of Wight,E06000046,CLA 2 years on 31 March,Mid-year moves,With one or more mid-year moves during the previous 2 years,22,13
2023,Reporting year,Local authority,E92000001,England,E12000008,South East,921,Isle of Wight,E06000046,CLA on 31 March,Any moves,Total children,202,100
2023,Reporting year,Local authority,E92000001,England,E12000008,South East,921,Isle of Wight,E06000046,CLA on 31 March,Any moves,With one or more moves during the year,17,8
2023,Reporting year,Local authority,E92000001,England,E12000008,South East,921,Isle of Wight,E06000046,CLA on 31 March,Mid-year moves,Total children,202,100
2023,Reporting year,Local authority,E92000001,England,E12000008,South East,921,Isle of Wight,E06000046,CLA on 31 March,Mid-year moves,With one or more mid-year moves during the year,13,6
2023,Reporting year,Local authority,E92000001,England,E12000008,South East,825,Buckinghamshire,E06000060,CLA 2 years on 31 March,Any moves,Total children,268,100
2023,Reporting year,Local authority,E92000001,England,E12000008,South East,825,Buckinghamshire,E06000060,CLA 2 years on 31 March,Any moves,With one or more moves during the previous 2 years,62,23
2023,Reporting year,Local authority,E92000001,England,E12000008,South East,825,Buckinghamshire,E06000060,CLA 2 years on 31 March,Mid-year moves,Total children,268,100
2023,Reporting year,Local authority,E92000001,England,E12000008,South East,825,Buckinghamshire,E06000060,CLA 2 years on 31 March,Mid-year moves,With one or more mid-year moves during the previous 2 years,45,17
2023,Reporting year,Local authority,E92000001,England,E12000008,South East,825,Buckinghamshire,E06000060,CLA on 31 March,Any moves,Total children,300,100
2023,Reporting year,Local authority,E92000001,England,E12000008,South East,825,Buckinghamshire,E06000060,CLA on 31 March,Any moves,With one or more moves during the year,38,13
2023,Reporting year,Local authority,E92000001,England,E12000008,South East,825,Buckinghamshire,E06000060,CLA on 31 March,Mid-year moves,Total children,300,100
2023,Reporting year,Local authority,E92000001,England,E12000008,South East,825,Buckinghamshire,E06000060,CLA on 31 March,Mid-year moves,With one or more mid-year moves during the year,26,9
2023,Reporting year,Local authority,E92000001,England,E12000008,South East,845,East Sussex,E10000011,CLA 2 years on 31 March,Any moves,Total children,357,100
2023,Reporting year,Local authority,E92000001,England,E12000008,South East,845,East Sussex,E10000011,CLA 2 years on 31 March,Any moves,With one or more moves during the previous 2 years,58,16
2023,Reporting year,Local authority,E92000001,England,E12000008,South East,845,East Sussex,E10000011,CLA 2 years on 31 March,Mid-year moves,Total children,357,100
2023,Reporting year,Local authority,E92000001,England,E12000008,South East,845,East Sussex,E10000011,CLA 2 years on 31 March,Mid-year moves,With one or more mid-year moves during the previous 2 years,44,12
2023,Reporting year,Local authority,E92000001,England,E12000008,South East,845,East Sussex,E10000011,CLA on 31 March,Any moves,Total children,409,100
2023,Reporting year,Local authority,E92000001,England,E12000008,South East,845,East Sussex,E10000011,CLA on 31 March,Any moves,With one or more moves during the year,39,10
2023,Reporting year,Local authority,E92000001,England,E12000008,South East,845,East Sussex,E10000011,CLA on 31 March,Mid-year moves,Total children,409,100
2023,Reporting year,Local authority,E92000001,England,E12000008,South East,845,East Sussex,E10000011,CLA on 31 March,Mid-year moves,With one or more mid-year moves during the year,33,8
2023,Reporting year,Local authority,E92000001,England,E12000008,South East,850,Hampshire,E10000014,CLA 2 years on 31 March,Any moves,Total children,1074,100
2023,Reporting year,Local authority,E92000001,England,E12000008,South East,850,Hampshire,E10000014,CLA 2 years on 31 March,Any moves,With one or more moves during the previous 2 years,228,21
2023,Reporting year,Local authority,E92000001,England,E12000008,South East,850,Hampshire,E10000014,CLA 2 years on 31 March,Mid-year moves,Total children,1074,100
2023,Reporting year,Local authority,E92000001,England,E12000008,South East,850,Hampshire,E10000014,CLA 2 years on 31 March,Mid-year moves,With one or more mid-year moves during the previous 2 years,162,15
2023,Reporting year,Local authority,E92000001,England,E12000008,South East,850,Hampshire,E10000014,CLA on 31 March,Any moves,Total children,1199,100
2023,Reporting year,Local authority,E92000001,England,E12000008,South East,850,Hampshire,E10000014,CLA on 31 March,Any moves,With one or more moves during the year,144,12
2023,Reporting year,Local authority,E92000001,England,E12000008,South East,850,Hampshire,E10000014,CLA on 31 March,Mid-year moves,Total children,1199,100
2023,Reporting year,Local authority,E92000001,England,E12000008,South East,850,Hampshire,E10000014,CLA on 31 March,Mid-year moves,With one or more mid-year moves during the year,97,8
2023,Reporting year,Local authority,E92000001,England,E12000008,South East,886,Kent,E10000016,CLA 2 years on 31 March,Any moves,Total children,855,100
2023,Reporting year,Local authority,E92000001,England,E12000008,South East,886,Kent,E10000016,CLA 2 years on 31 March,Any moves,With one or more moves during the previous 2 years,135,16
2023,Reporting year,Local authority,E92000001,England,E12000008,South East,886,Kent,E10000016,CLA 2 years on 31 March,Mid-year moves,Total children,855,100
2023,Reporting year,Local authority,E92000001,England,E12000008,South East,886,Kent,E10000016,CLA 2 years on 31 March,Mid-year moves,With one or more mid-year moves during the previous 2 years,88,10
2023,Reporting year,Local authority,E92000001,England,E12000008,South East,886,Kent,E10000016,CLA on 31 March,Any moves,Total children,1071,100
2023,Reporting year,Local authority,E92000001,England,E12000008,South East,886,Kent,E10000016,CLA on 31 March,Any moves,With one or more moves during the year,98,9
2023,Reporting year,Local authority,E92000001,England,E12000008,South East,886,Kent,E10000016,CLA on 31 March,Mid-year moves,Total children,1071,100
2023,Reporting year,Local authority,E92000001,England,E12000008,South East,886,Kent,E10000016,CLA on 31 March,Mid-year moves,With one or more mid-year moves during the year,67,6
2023,Reporting year,Local authority,E92000001,England,E12000008,South East,931,Oxfordshire,E10000025,CLA 2 years on 31 March,Any moves,Total children,462,100
2023,Reporting year,Local authority,E92000001,England,E12000008,South East,931,Oxfordshire,E10000025,CLA 2 years on 31 March,Any moves,With one or more moves during the previous 2 years,124,27
2023,Reporting year,Local authority,E92000001,England,E12000008,South East,931,Oxfordshire,E10000025,CLA 2 years on 31 March,Mid-year moves,Total children,462,100
2023,Reporting year,Local authority,E92000001,England,E12000008,South East,931,Oxfordshire,E10000025,CLA 2 years on 31 March,Mid-year moves,With one or more mid-year moves during the previous 2 years,87,19
2023,Reporting year,Local authority,E92000001,England,E12000008,South East,931,Oxfordshire,E10000025,CLA on 31 March,Any moves,Total children,520,100
2023,Reporting year,Local authority,E92000001,England,E12000008,South East,931,Oxfordshire,E10000025,CLA on 31 March,Any moves,With one or more moves during the year,84,16
2023,Reporting year,Local authority,E92000001,England,E12000008,South East,931,Oxfordshire,E10000025,CLA on 31 March,Mid-year moves,Total children,520,100
2023,Reporting year,Local authority,E92000001,England,E12000008,South East,931,Oxfordshire,E10000025,CLA on 31 March,Mid-year moves,With one or more mid-year moves during the year,60,12
2023,Reporting year,Local authority,E92000001,England,E12000008,South East,936,Surrey,E10000030,CLA 2 years on 31 March,Any moves,Total children,518,100
2023,Reporting year,Local authority,E92000001,England,E12000008,South East,936,Surrey,E10000030,CLA 2 years on 31 March,Any moves,With one or more moves during the previous 2 years,153,30
2023,Reporting year,Local authority,E92000001,England,E12000008,South East,936,Surrey,E10000030,CLA 2 years on 31 March,Mid-year moves,Total children,518,100
2023,Reporting year,Local authority,E92000001,England,E12000008,South East,936,Surrey,E10000030,CLA 2 years on 31 March,Mid-year moves,With one or more mid-year moves during the previous 2 years,112,22
2023,Reporting year,Local authority,E92000001,England,E12000008,South East,936,Surrey,E10000030,CLA on 31 March,Any moves,Total children,598,100
2023,Reporting year,Local authority,E92000001,England,E12000008,South East,936,Surrey,E10000030,CLA on 31 March,Any moves,With one or more moves during the year,93,16
2023,Reporting year,Local authority,E92000001,England,E12000008,South East,936,Surrey,E10000030,CLA on 31 March,Mid-year moves,Total children,598,100
2023,Reporting year,Local authority,E92000001,England,E12000008,South East,936,Surrey,E10000030,CLA on 31 March,Mid-year moves,With one or more mid-year moves during the year,68,11
2023,Reporting year,Local authority,E92000001,England,E12000008,South East,938,West Sussex,E10000032,CLA 2 years on 31 March,Any moves,Total children,436,100
2023,Reporting year,Local authority,E92000001,England,E12000008,South East,938,West Sussex,E10000032,CLA 2 years on 31 March,Any moves,With one or more moves during the previous 2 years,108,25
2023,Reporting year,Local authority,E92000001,England,E12000008,South East,938,West Sussex,E10000032,CLA 2 years on 31 March,Mid-year moves,Total children,436,100
2023,Reporting year,Local authority,E92000001,England,E12000008,South East,938,West Sussex,E10000032,CLA 2 years on 31 March,Mid-year moves,With one or more mid-year moves during the previous 2 years,87,20
2023,Reporting year,Local authority,E92000001,England,E12000008,South East,938,West Sussex,E10000032,CLA on 31 March,Any moves,Total children,526,100
2023,Reporting year,Local authority,E92000001,England,E12000008,South East,938,West Sussex,E10000032,CLA on 31 March,Any moves,With one or more moves during the year,82,16
2023,Reporting year,Local authority,E92000001,England,E12000008,South East,938,West Sussex,E10000032,CLA on 31 March,Mid-year moves,Total children,526,100
2023,Reporting year,Local authority,E92000001,England,E12000008,South East,938,West Sussex,E10000032,CLA on 31 March,Mid-year moves,With one or more mid-year moves during the year,66,13
2023,Reporting year,Local authority,E92000001,England,E12000009,South West,800,Bath and North East Somerset,E06000022,CLA 2 years on 31 March,Any moves,Total children,124,100
2023,Reporting year,Local authority,E92000001,England,E12000009,South West,800,Bath and North East Somerset,E06000022,CLA 2 years on 31 March,Any moves,With one or more moves during the previous 2 years,30,24
2023,Reporting year,Local authority,E92000001,England,E12000009,South West,800,Bath and North East Somerset,E06000022,CLA 2 years on 31 March,Mid-year moves,Total children,124,100
2023,Reporting year,Local authority,E92000001,England,E12000009,South West,800,Bath and North East Somerset,E06000022,CLA 2 years on 31 March,Mid-year moves,With one or more mid-year moves during the previous 2 years,23,19
2023,Reporting year,Local authority,E92000001,England,E12000009,South West,800,Bath and North East Somerset,E06000022,CLA on 31 March,Any moves,Total children,139,100
2023,Reporting year,Local authority,E92000001,England,E12000009,South West,800,Bath and North East Somerset,E06000022,CLA on 31 March,Any moves,With one or more moves during the year,21,15
2023,Reporting year,Local authority,E92000001,England,E12000009,South West,800,Bath and North East Somerset,E06000022,CLA on 31 March,Mid-year moves,Total children,139,100
2023,Reporting year,Local authority,E92000001,England,E12000009,South West,800,Bath and North East Somerset,E06000022,CLA on 31 March,Mid-year moves,With one or more mid-year moves during the year,16,12
2023,Reporting year,Local authority,E92000001,England,E12000009,South West,801,"Bristol, City of",E06000023,CLA 2 years on 31 March,Any moves,Total children,442,100
2023,Reporting year,Local authority,E92000001,England,E12000009,South West,801,"Bristol, City of",E06000023,CLA 2 years on 31 March,Any moves,With one or more moves during the previous 2 years,81,18
2023,Reporting year,Local authority,E92000001,England,E12000009,South West,801,"Bristol, City of",E06000023,CLA 2 years on 31 March,Mid-year moves,Total children,442,100
2023,Reporting year,Local authority,E92000001,England,E12000009,South West,801,"Bristol, City of",E06000023,CLA 2 years on 31 March,Mid-year moves,With one or more mid-year moves during the previous 2 years,55,12
2023,Reporting year,Local authority,E92000001,England,E12000009,South West,801,"Bristol, City of",E06000023,CLA on 31 March,Any moves,Total children,493,100
2023,Reporting year,Local authority,E92000001,England,E12000009,South West,801,"Bristol, City of",E06000023,CLA on 31 March,Any moves,With one or more moves during the year,61,12
2023,Reporting year,Local authority,E92000001,England,E12000009,South West,801,"Bristol, City of",E06000023,CLA on 31 March,Mid-year moves,Total children,493,100
2023,Reporting year,Local authority,E92000001,England,E12000009,South West,801,"Bristol, City of",E06000023,CLA on 31 March,Mid-year moves,With one or more mid-year moves during the year,43,9
2023,Reporting year,Local authority,E92000001,England,E12000009,South West,802,North Somerset,E06000024,CLA 2 years on 31 March,Any moves,Total children,119,100
2023,Reporting year,Local authority,E92000001,England,E12000009,South West,802,North Somerset,E06000024,CLA 2 years on 31 March,Any moves,With one or more moves during the previous 2 years,28,24
2023,Reporting year,Local authority,E92000001,England,E12000009,South West,802,North Somerset,E06000024,CLA 2 years on 31 March,Mid-year moves,Total children,119,100
2023,Reporting year,Local authority,E92000001,England,E12000009,South West,802,North Somerset,E06000024,CLA 2 years on 31 March,Mid-year moves,With one or more mid-year moves during the previous 2 years,19,16
2023,Reporting year,Local authority,E92000001,England,E12000009,South West,802,North Somerset,E06000024,CLA on 31 March,Any moves,Total children,146,100
2023,Reporting year,Local authority,E92000001,England,E12000009,South West,802,North Somerset,E06000024,CLA on 31 March,Any moves,With one or more moves during the year,17,12
2023,Reporting year,Local authority,E92000001,England,E12000009,South West,802,North Somerset,E06000024,CLA on 31 March,Mid-year moves,Total children,146,100
2023,Reporting year,Local authority,E92000001,England,E12000009,South West,802,North Somerset,E06000024,CLA on 31 March,Mid-year moves,With one or more mid-year moves during the year,14,10
2023,Reporting year,Local authority,E92000001,England,E12000009,South West,803,South Gloucestershire,E06000025,CLA 2 years on 31 March,Any moves,Total children,118,100
2023,Reporting year,Local authority,E92000001,England,E12000009,South West,803,South Gloucestershire,E06000025,CLA 2 years on 31 March,Any moves,With one or more moves during the previous 2 years,25,21
2023,Reporting year,Local authority,E92000001,England,E12000009,South West,803,South Gloucestershire,E06000025,CLA 2 years on 31 March,Mid-year moves,Total children,118,100
2023,Reporting year,Local authority,E92000001,England,E12000009,South West,803,South Gloucestershire,E06000025,CLA 2 years on 31 March,Mid-year moves,With one or more mid-year moves during the previous 2 years,22,19
2023,Reporting year,Local authority,E92000001,England,E12000009,South West,803,South Gloucestershire,E06000025,CLA on 31 March,Any moves,Total children,136,100
2023,Reporting year,Local authority,E92000001,England,E12000009,South West,803,South Gloucestershire,E06000025,CLA on 31 March,Any moves,With one or more moves during the year,10,7
2023,Reporting year,Local authority,E92000001,England,E12000009,South West,803,South Gloucestershire,E06000025,CLA on 31 March,Mid-year moves,Total children,136,100
2023,Reporting year,Local authority,E92000001,England,E12000009,South West,803,South Gloucestershire,E06000025,CLA on 31 March,Mid-year moves,With one or more mid-year moves during the year,8,6
2023,Reporting year,Local authority,E92000001,England,E12000009,South West,879,Plymouth,E06000026,CLA 2 years on 31 March,Any moves,Total children,306,100
2023,Reporting year,Local authority,E92000001,England,E12000009,South West,879,Plymouth,E06000026,CLA 2 years on 31 March,Any moves,With one or more moves during the previous 2 years,63,21
2023,Reporting year,Local authority,E92000001,England,E12000009,South West,879,Plymouth,E06000026,CLA 2 years on 31 March,Mid-year moves,Total children,306,100
2023,Reporting year,Local authority,E92000001,England,E12000009,South West,879,Plymouth,E06000026,CLA 2 years on 31 March,Mid-year moves,With one or more mid-year moves during the previous 2 years,42,14
2023,Reporting year,Local authority,E92000001,England,E12000009,South West,879,Plymouth,E06000026,CLA on 31 March,Any moves,Total children,370,100
2023,Reporting year,Local authority,E92000001,England,E12000009,South West,879,Plymouth,E06000026,CLA on 31 March,Any moves,With one or more moves during the year,40,11
2023,Reporting year,Local authority,E92000001,England,E12000009,South West,879,Plymouth,E06000026,CLA on 31 March,Mid-year moves,Total children,370,100
2023,Reporting year,Local authority,E92000001,England,E12000009,South West,879,Plymouth,E06000026,CLA on 31 March,Mid-year moves,With one or more mid-year moves during the year,31,8
2023,Reporting year,Local authority,E92000001,England,E12000009,South West,880,Torbay,E06000027,CLA 2 years on 31 March,Any moves,Total children,184,100
2023,Reporting year,Local authority,E92000001,England,E12000009,South West,880,Torbay,E06000027,CLA 2 years on 31 March,Any moves,With one or more moves during the previous 2 years,45,24
2023,Reporting year,Local authority,E92000001,England,E12000009,South West,880,Torbay,E06000027,CLA 2 years on 31 March,Mid-year moves,Total children,184,100
2023,Reporting year,Local authority,E92000001,England,E12000009,South West,880,Torbay,E06000027,CLA 2 years on 31 March,Mid-year moves,With one or more mid-year moves during the previous 2 years,32,17
2023,Reporting year,Local authority,E92000001,England,E12000009,South West,880,Torbay,E06000027,CLA on 31 March,Any moves,Total children,203,100
2023,Reporting year,Local authority,E92000001,England,E12000009,South West,880,Torbay,E06000027,CLA on 31 March,Any moves,With one or more moves during the year,31,15
2023,Reporting year,Local authority,E92000001,England,E12000009,South West,880,Torbay,E06000027,CLA on 31 March,Mid-year moves,Total children,203,100
2023,Reporting year,Local authority,E92000001,England,E12000009,South West,880,Torbay,E06000027,CLA on 31 March,Mid-year moves,With one or more mid-year moves during the year,20,10
2023,Reporting year,Local authority,E92000001,England,E12000009,South West,866,Swindon,E06000030,CLA 2 years on 31 March,Any moves,Total children,186,100
2023,Reporting year,Local authority,E92000001,England,E12000009,South West,866,Swindon,E06000030,CLA 2 years on 31 March,Any moves,With one or more moves during the previous 2 years,50,27
2023,Reporting year,Local authority,E92000001,England,E12000009,South West,866,Swindon,E06000030,CLA 2 years on 31 March,Mid-year moves,Total children,186,100
2023,Reporting year,Local authority,E92000001,England,E12000009,South West,866,Swindon,E06000030,CLA 2 years on 31 March,Mid-year moves,With one or more mid-year moves during the previous 2 years,31,17
2023,Reporting year,Local authority,E92000001,England,E12000009,South West,866,Swindon,E06000030,CLA on 31 March,Any moves,Total children,222,100
2023,Reporting year,Local authority,E92000001,England,E12000009,South West,866,Swindon,E06000030,CLA on 31 March,Any moves,With one or more moves during the year,45,20
2023,Reporting year,Local authority,E92000001,England,E12000009,South West,866,Swindon,E06000030,CLA on 31 March,Mid-year moves,Total children,222,100
2023,Reporting year,Local authority,E92000001,England,E12000009,South West,866,Swindon,E06000030,CLA on 31 March,Mid-year moves,With one or more mid-year moves during the year,29,13
2023,Reporting year,Local authority,E92000001,England,E12000009,South West,908,Cornwall,E06000052,CLA 2 years on 31 March,Any moves,Total children,295,100
2023,Reporting year,Local authority,E92000001,England,E12000009,South West,908,Cornwall,E06000052,CLA 2 years on 31 March,Any moves,With one or more moves during the previous 2 years,89,30
2023,Reporting year,Local authority,E92000001,England,E12000009,South West,908,Cornwall,E06000052,CLA 2 years on 31 March,Mid-year moves,Total children,295,100
2023,Reporting year,Local authority,E92000001,England,E12000009,South West,908,Cornwall,E06000052,CLA 2 years on 31 March,Mid-year moves,With one or more mid-year moves during the previous 2 years,68,23
2023,Reporting year,Local authority,E92000001,England,E12000009,South West,908,Cornwall,E06000052,CLA on 31 March,Any moves,Total children,361,100
2023,Reporting year,Local authority,E92000001,England,E12000009,South West,908,Cornwall,E06000052,CLA on 31 March,Any moves,With one or more moves during the year,67,19
2023,Reporting year,Local authority,E92000001,England,E12000009,South West,908,Cornwall,E06000052,CLA on 31 March,Mid-year moves,Total children,361,100
2023,Reporting year,Local authority,E92000001,England,E12000009,South West,908,Cornwall,E06000052,CLA on 31 March,Mid-year moves,With one or more mid-year moves during the year,46,13
2023,Reporting year,Local authority,E92000001,England,E12000009,South West,420,Isles of Scilly,E06000053,CLA 2 years on 31 March,Any moves,Total children,0,z
2023,Reporting year,Local authority,E92000001,England,E12000009,South West,420,Isles of Scilly,E06000053,CLA 2 years on 31 March,Any moves,With one or more moves during the previous 2 years,z,z
2023,Reporting year,Local authority,E92000001,England,E12000009,South West,420,Isles of Scilly,E06000053,CLA 2 years on 31 March,Mid-year moves,Total children,0,z
2023,Reporting year,Local authority,E92000001,England,E12000009,South West,420,Isles of Scilly,E06000053,CLA 2 years on 31 March,Mid-year moves,With one or more mid-year moves during the previous 2 years,z,z
2023,Reporting year,Local authority,E92000001,England,E12000009,South West,420,Isles of Scilly,E06000053,CLA on 31 March,Any moves,Total children,0,z
2023,Reporting year,Local authority,E92000001,England,E12000009,South West,420,Isles of Scilly,E06000053,CLA on 31 March,Any moves,With one or more moves during the year,z,z
2023,Reporting year,Local authority,E92000001,England,E12000009,South West,420,Isles of Scilly,E06000053,CLA on 31 March,Mid-year moves,Total children,0,z
2023,Reporting year,Local authority,E92000001,England,E12000009,South West,420,Isles of Scilly,E06000053,CLA on 31 March,Mid-year moves,With one or more mid-year moves during the year,z,z
2023,Reporting year,Local authority,E92000001,England,E12000009,South West,865,Wiltshire,E06000054,CLA 2 years on 31 March,Any moves,Total children,251,100
2023,Reporting year,Local authority,E92000001,England,E12000009,South West,865,Wiltshire,E06000054,CLA 2 years on 31 March,Any moves,With one or more moves during the previous 2 years,37,15
2023,Reporting year,Local authority,E92000001,England,E12000009,South West,865,Wiltshire,E06000054,CLA 2 years on 31 March,Mid-year moves,Total children,251,100
2023,Reporting year,Local authority,E92000001,England,E12000009,South West,865,Wiltshire,E06000054,CLA 2 years on 31 March,Mid-year moves,With one or more mid-year moves during the previous 2 years,23,9
2023,Reporting year,Local authority,E92000001,England,E12000009,South West,865,Wiltshire,E06000054,CLA on 31 March,Any moves,Total children,299,100
2023,Reporting year,Local authority,E92000001,England,E12000009,South West,865,Wiltshire,E06000054,CLA on 31 March,Any moves,With one or more moves during the year,37,12
2023,Reporting year,Local authority,E92000001,England,E12000009,South West,865,Wiltshire,E06000054,CLA on 31 March,Mid-year moves,Total children,299,100
2023,Reporting year,Local authority,E92000001,England,E12000009,South West,865,Wiltshire,E06000054,CLA on 31 March,Mid-year moves,With one or more mid-year moves during the year,21,7
2023,Reporting year,Local authority,E92000001,England,E12000009,South West,839,"Bournemouth, Christchurch and Poole",E06000058,CLA 2 years on 31 March,Any moves,Total children,245,100
2023,Reporting year,Local authority,E92000001,England,E12000009,South West,839,"Bournemouth, Christchurch and Poole",E06000058,CLA 2 years on 31 March,Any moves,With one or more moves during the previous 2 years,56,23
2023,Reporting year,Local authority,E92000001,England,E12000009,South West,839,"Bournemouth, Christchurch and Poole",E06000058,CLA 2 years on 31 March,Mid-year moves,Total children,245,100
2023,Reporting year,Local authority,E92000001,England,E12000009,South West,839,"Bournemouth, Christchurch and Poole",E06000058,CLA 2 years on 31 March,Mid-year moves,With one or more mid-year moves during the previous 2 years,39,16
2023,Reporting year,Local authority,E92000001,England,E12000009,South West,839,"Bournemouth, Christchurch and Poole",E06000058,CLA on 31 March,Any moves,Total children,329,100
2023,Reporting year,Local authority,E92000001,England,E12000009,South West,839,"Bournemouth, Christchurch and Poole",E06000058,CLA on 31 March,Any moves,With one or more moves during the year,39,12
2023,Reporting year,Local authority,E92000001,England,E12000009,South West,839,"Bournemouth, Christchurch and Poole",E06000058,CLA on 31 March,Mid-year moves,Total children,329,100
2023,Reporting year,Local authority,E92000001,England,E12000009,South West,839,"Bournemouth, Christchurch and Poole",E06000058,CLA on 31 March,Mid-year moves,With one or more mid-year moves during the year,26,8
2023,Reporting year,Local authority,E92000001,England,E12000009,South West,838,Dorset,E06000059,CLA 2 years on 31 March,Any moves,Total children,247,100
2023,Reporting year,Local authority,E92000001,England,E12000009,South West,838,Dorset,E06000059,CLA 2 years on 31 March,Any moves,With one or more moves during the previous 2 years,61,25
2023,Reporting year,Local authority,E92000001,England,E12000009,South West,838,Dorset,E06000059,CLA 2 years on 31 March,Mid-year moves,Total children,247,100
2023,Reporting year,Local authority,E92000001,England,E12000009,South West,838,Dorset,E06000059,CLA 2 years on 31 March,Mid-year moves,With one or more mid-year moves during the previous 2 years,46,19
2023,Reporting year,Local authority,E92000001,England,E12000009,South West,838,Dorset,E06000059,CLA on 31 March,Any moves,Total children,289,100
2023,Reporting year,Local authority,E92000001,England,E12000009,South West,838,Dorset,E06000059,CLA on 31 March,Any moves,With one or more moves during the year,31,11
2023,Reporting year,Local authority,E92000001,England,E12000009,South West,838,Dorset,E06000059,CLA on 31 March,Mid-year moves,Total children,289,100
2023,Reporting year,Local authority,E92000001,England,E12000009,South West,838,Dorset,E06000059,CLA on 31 March,Mid-year moves,With one or more mid-year moves during the year,23,8
2023,Reporting year,Local authority,E92000001,England,E12000009,South West,933,Somerset,E06000066,CLA 2 years on 31 March,Any moves,Total children,290,100
2023,Reporting year,Local authority,E92000001,England,E12000009,South West,933,Somerset,E06000066,CLA 2 years on 31 March,Any moves,With one or more moves during the previous 2 years,61,21
2023,Reporting year,Local authority,E92000001,England,E12000009,South West,933,Somerset,E06000066,CLA 2 years on 31 March,Mid-year moves,Total children,290,100
2023,Reporting year,Local authority,E92000001,England,E12000009,South West,933,Somerset,E06000066,CLA 2 years on 31 March,Mid-year moves,With one or more mid-year moves during the previous 2 years,43,15
2023,Reporting year,Local authority,E92000001,England,E12000009,South West,933,Somerset,E06000066,CLA on 31 March,Any moves,Total children,340,100
2023,Reporting year,Local authority,E92000001,England,E12000009,South West,933,Somerset,E06000066,CLA on 31 March,Any moves,With one or more moves during the year,41,12
2023,Reporting year,Local authority,E92000001,England,E12000009,South West,933,Somerset,E06000066,CLA on 31 March,Mid-year moves,Total children,340,100
2023,Reporting year,Local authority,E92000001,England,E12000009,South West,933,Somerset,E06000066,CLA on 31 March,Mid-year moves,With one or more mid-year moves during the year,27,8
2023,Reporting year,Local authority,E92000001,England,E12000009,South West,878,Devon,E10000008,CLA 2 years on 31 March,Any moves,Total children,458,100
2023,Reporting year,Local authority,E92000001,England,E12000009,South West,878,Devon,E10000008,CLA 2 years on 31 March,Any moves,With one or more moves during the previous 2 years,130,28
2023,Reporting year,Local authority,E92000001,England,E12000009,South West,878,Devon,E10000008,CLA 2 years on 31 March,Mid-year moves,Total children,458,100
2023,Reporting year,Local authority,E92000001,England,E12000009,South West,878,Devon,E10000008,CLA 2 years on 31 March,Mid-year moves,With one or more mid-year moves during the previous 2 years,95,21
2023,Reporting year,Local authority,E92000001,England,E12000009,South West,878,Devon,E10000008,CLA on 31 March,Any moves,Total children,545,100
2023,Reporting year,Local authority,E92000001,England,E12000009,South West,878,Devon,E10000008,CLA on 31 March,Any moves,With one or more moves during the year,93,17
2023,Reporting year,Local authority,E92000001,England,E12000009,South West,878,Devon,E10000008,CLA on 31 March,Mid-year moves,Total children,545,100
2023,Reporting year,Local authority,E92000001,England,E12000009,South West,878,Devon,E10000008,CLA on 31 March,Mid-year moves,With one or more mid-year moves during the year,68,12
2023,Reporting year,Local authority,E92000001,England,E12000009,South West,916,Gloucestershire,E10000013,CLA 2 years on 31 March,Any moves,Total children,467,100
2023,Reporting year,Local authority,E92000001,England,E12000009,South West,916,Gloucestershire,E10000013,CLA 2 years on 31 March,Any moves,With one or more moves during the previous 2 years,122,26
2023,Reporting year,Local authority,E92000001,England,E12000009,South West,916,Gloucestershire,E10000013,CLA 2 years on 31 March,Mid-year moves,Total children,467,100
2023,Reporting year,Local authority,E92000001,England,E12000009,South West,916,Gloucestershire,E10000013,CLA 2 years on 31 March,Mid-year moves,With one or more mid-year moves during the previous 2 years,89,19
2023,Reporting year,Local authority,E92000001,England,E12000009,South West,916,Gloucestershire,E10000013,CLA on 31 March,Any moves,Total children,528,100
2023,Reporting year,Local authority,E92000001,England,E12000009,South West,916,Gloucestershire,E10000013,CLA on 31 March,Any moves,With one or more moves during the year,86,16
2023,Reporting year,Local authority,E92000001,England,E12000009,South West,916,Gloucestershire,E10000013,CLA on 31 March,Mid-year moves,Total children,528,100
2023,Reporting year,Local authority,E92000001,England,E12000009,South West,916,Gloucestershire,E10000013,CLA on 31 March,Mid-year moves,With one or more mid-year moves during the year,66,13
2023,Reporting year,Local authority,E92000001,England,E13000001,Inner London,201,City of London,E09000001,CLA 2 years on 31 March,Any moves,Total children,0,z
2023,Reporting year,Local authority,E92000001,England,E13000001,Inner London,201,City of London,E09000001,CLA 2 years on 31 March,Any moves,With one or more moves during the previous 2 years,z,z
2023,Reporting year,Local authority,E92000001,England,E13000001,Inner London,201,City of London,E09000001,CLA 2 years on 31 March,Mid-year moves,Total children,0,z
2023,Reporting year,Local authority,E92000001,England,E13000001,Inner London,201,City of London,E09000001,CLA 2 years on 31 March,Mid-year moves,With one or more mid-year moves during the previous 2 years,z,z
2023,Reporting year,Local authority,E92000001,England,E13000001,Inner London,201,City of London,E09000001,CLA on 31 March,Any moves,Total children,0,z
2023,Reporting year,Local authority,E92000001,England,E13000001,Inner London,201,City of London,E09000001,CLA on 31 March,Any moves,With one or more moves during the year,z,z
2023,Reporting year,Local authority,E92000001,England,E13000001,Inner London,201,City of London,E09000001,CLA on 31 March,Mid-year moves,Total children,0,z
2023,Reporting year,Local authority,E92000001,England,E13000001,Inner London,201,City of London,E09000001,CLA on 31 March,Mid-year moves,With one or more mid-year moves during the year,z,z
2023,Reporting year,Local authority,E92000001,England,E13000001,Inner London,202,Camden,E09000007,CLA 2 years on 31 March,Any moves,Total children,53,100
2023,Reporting year,Local authority,E92000001,England,E13000001,Inner London,202,Camden,E09000007,CLA 2 years on 31 March,Any moves,With one or more moves during the previous 2 years,13,25
2023,Reporting year,Local authority,E92000001,England,E13000001,Inner London,202,Camden,E09000007,CLA 2 years on 31 March,Mid-year moves,Total children,53,100
2023,Reporting year,Local authority,E92000001,England,E13000001,Inner London,202,Camden,E09000007,CLA 2 years on 31 March,Mid-year moves,With one or more mid-year moves during the previous 2 years,9,17
2023,Reporting year,Local authority,E92000001,England,E13000001,Inner London,202,Camden,E09000007,CLA on 31 March,Any moves,Total children,90,100
2023,Reporting year,Local authority,E92000001,England,E13000001,Inner London,202,Camden,E09000007,CLA on 31 March,Any moves,With one or more moves during the year,13,14
2023,Reporting year,Local authority,E92000001,England,E13000001,Inner London,202,Camden,E09000007,CLA on 31 March,Mid-year moves,Total children,90,100
2023,Reporting year,Local authority,E92000001,England,E13000001,Inner London,202,Camden,E09000007,CLA on 31 March,Mid-year moves,With one or more mid-year moves during the year,10,11
2023,Reporting year,Local authority,E92000001,England,E13000001,Inner London,204,Hackney,E09000012,CLA 2 years on 31 March,Any moves,Total children,187,100
2023,Reporting year,Local authority,E92000001,England,E13000001,Inner London,204,Hackney,E09000012,CLA 2 years on 31 March,Any moves,With one or more moves during the previous 2 years,32,17
2023,Reporting year,Local authority,E92000001,England,E13000001,Inner London,204,Hackney,E09000012,CLA 2 years on 31 March,Mid-year moves,Total children,187,100
2023,Reporting year,Local authority,E92000001,England,E13000001,Inner London,204,Hackney,E09000012,CLA 2 years on 31 March,Mid-year moves,With one or more mid-year moves during the previous 2 years,25,13
2023,Reporting year,Local authority,E92000001,England,E13000001,Inner London,204,Hackney,E09000012,CLA on 31 March,Any moves,Total children,229,100
2023,Reporting year,Local authority,E92000001,England,E13000001,Inner London,204,Hackney,E09000012,CLA on 31 March,Any moves,With one or more moves during the year,18,8
2023,Reporting year,Local authority,E92000001,England,E13000001,Inner London,204,Hackney,E09000012,CLA on 31 March,Mid-year moves,Total children,229,100
2023,Reporting year,Local authority,E92000001,England,E13000001,Inner London,204,Hackney,E09000012,CLA on 31 March,Mid-year moves,With one or more mid-year moves during the year,15,7
2023,Reporting year,Local authority,E92000001,England,E13000001,Inner London,205,Hammersmith and Fulham,E09000013,CLA 2 years on 31 March,Any moves,Total children,97,100
2023,Reporting year,Local authority,E92000001,England,E13000001,Inner London,205,Hammersmith and Fulham,E09000013,CLA 2 years on 31 March,Any moves,With one or more moves during the previous 2 years,19,20
2023,Reporting year,Local authority,E92000001,England,E13000001,Inner London,205,Hammersmith and Fulham,E09000013,CLA 2 years on 31 March,Mid-year moves,Total children,97,100
2023,Reporting year,Local authority,E92000001,England,E13000001,Inner London,205,Hammersmith and Fulham,E09000013,CLA 2 years on 31 March,Mid-year moves,With one or more mid-year moves during the previous 2 years,15,15
2023,Reporting year,Local authority,E92000001,England,E13000001,Inner London,205,Hammersmith and Fulham,E09000013,CLA on 31 March,Any moves,Total children,124,100
2023,Reporting year,Local authority,E92000001,England,E13000001,Inner London,205,Hammersmith and Fulham,E09000013,CLA on 31 March,Any moves,With one or more moves during the year,18,15
2023,Reporting year,Local authority,E92000001,England,E13000001,Inner London,205,Hammersmith and Fulham,E09000013,CLA on 31 March,Mid-year moves,Total children,124,100
2023,Reporting year,Local authority,E92000001,England,E13000001,Inner London,205,Hammersmith and Fulham,E09000013,CLA on 31 March,Mid-year moves,With one or more mid-year moves during the year,14,11
2023,Reporting year,Local authority,E92000001,England,E13000001,Inner London,309,Haringey,E09000014,CLA 2 years on 31 March,Any moves,Total children,199,100
2023,Reporting year,Local authority,E92000001,England,E13000001,Inner London,309,Haringey,E09000014,CLA 2 years on 31 March,Any moves,With one or more moves during the previous 2 years,42,21
2023,Reporting year,Local authority,E92000001,England,E13000001,Inner London,309,Haringey,E09000014,CLA 2 years on 31 March,Mid-year moves,Total children,199,100
2023,Reporting year,Local authority,E92000001,England,E13000001,Inner London,309,Haringey,E09000014,CLA 2 years on 31 March,Mid-year moves,With one or more mid-year moves during the previous 2 years,25,13
2023,Reporting year,Local authority,E92000001,England,E13000001,Inner London,309,Haringey,E09000014,CLA on 31 March,Any moves,Total children,220,100
2023,Reporting year,Local authority,E92000001,England,E13000001,Inner London,309,Haringey,E09000014,CLA on 31 March,Any moves,With one or more moves during the year,25,11
2023,Reporting year,Local authority,E92000001,England,E13000001,Inner London,309,Haringey,E09000014,CLA on 31 March,Mid-year moves,Total children,220,100
2023,Reporting year,Local authority,E92000001,England,E13000001,Inner London,309,Haringey,E09000014,CLA on 31 March,Mid-year moves,With one or more mid-year moves during the year,18,8
2023,Reporting year,Local authority,E92000001,England,E13000001,Inner London,206,Islington,E09000019,CLA 2 years on 31 March,Any moves,Total children,198,100
2023,Reporting year,Local authority,E92000001,England,E13000001,Inner London,206,Islington,E09000019,CLA 2 years on 31 March,Any moves,With one or more moves during the previous 2 years,47,24
2023,Reporting year,Local authority,E92000001,England,E13000001,Inner London,206,Islington,E09000019,CLA 2 years on 31 March,Mid-year moves,Total children,198,100
2023,Reporting year,Local authority,E92000001,England,E13000001,Inner London,206,Islington,E09000019,CLA 2 years on 31 March,Mid-year moves,With one or more mid-year moves during the previous 2 years,32,16
2023,Reporting year,Local authority,E92000001,England,E13000001,Inner London,206,Islington,E09000019,CLA on 31 March,Any moves,Total children,219,100
2023,Reporting year,Local authority,E92000001,England,E13000001,Inner London,206,Islington,E09000019,CLA on 31 March,Any moves,With one or more moves during the year,31,14
2023,Reporting year,Local authority,E92000001,England,E13000001,Inner London,206,Islington,E09000019,CLA on 31 March,Mid-year moves,Total children,219,100
2023,Reporting year,Local authority,E92000001,England,E13000001,Inner London,206,Islington,E09000019,CLA on 31 March,Mid-year moves,With one or more mid-year moves during the year,25,11
2023,Reporting year,Local authority,E92000001,England,E13000001,Inner London,207,Kensington and Chelsea,E09000020,CLA 2 years on 31 March,Any moves,Total children,32,100
2023,Reporting year,Local authority,E92000001,England,E13000001,Inner London,207,Kensington and Chelsea,E09000020,CLA 2 years on 31 March,Any moves,With one or more moves during the previous 2 years,6,19
2023,Reporting year,Local authority,E92000001,England,E13000001,Inner London,207,Kensington and Chelsea,E09000020,CLA 2 years on 31 March,Mid-year moves,Total children,32,100
2023,Reporting year,Local authority,E92000001,England,E13000001,Inner London,207,Kensington and Chelsea,E09000020,CLA 2 years on 31 March,Mid-year moves,With one or more mid-year moves during the previous 2 years,c,c
2023,Reporting year,Local authority,E92000001,England,E13000001,Inner London,207,Kensington and Chelsea,E09000020,CLA on 31 March,Any moves,Total children,43,100
2023,Reporting year,Local authority,E92000001,England,E13000001,Inner London,207,Kensington and Chelsea,E09000020,CLA on 31 March,Any moves,With one or more moves during the year,c,c
2023,Reporting year,Local authority,E92000001,England,E13000001,Inner London,207,Kensington and Chelsea,E09000020,CLA on 31 March,Mid-year moves,Total children,43,100
2023,Reporting year,Local authority,E92000001,England,E13000001,Inner London,207,Kensington and Chelsea,E09000020,CLA on 31 March,Mid-year moves,With one or more mid-year moves during the year,c,c
2023,Reporting year,Local authority,E92000001,England,E13000001,Inner London,208,Lambeth,E09000022,CLA 2 years on 31 March,Any moves,Total children,188,100
2023,Reporting year,Local authority,E92000001,England,E13000001,Inner London,208,Lambeth,E09000022,CLA 2 years on 31 March,Any moves,With one or more moves during the previous 2 years,23,12
2023,Reporting year,Local authority,E92000001,England,E13000001,Inner London,208,Lambeth,E09000022,CLA 2 years on 31 March,Mid-year moves,Total children,188,100
2023,Reporting year,Local authority,E92000001,England,E13000001,Inner London,208,Lambeth,E09000022,CLA 2 years on 31 March,Mid-year moves,With one or more mid-year moves during the previous 2 years,18,10
2023,Reporting year,Local authority,E92000001,England,E13000001,Inner London,208,Lambeth,E09000022,CLA on 31 March,Any moves,Total children,236,100
2023,Reporting year,Local authority,E92000001,England,E13000001,Inner London,208,Lambeth,E09000022,CLA on 31 March,Any moves,With one or more moves during the year,12,5
2023,Reporting year,Local authority,E92000001,England,E13000001,Inner London,208,Lambeth,E09000022,CLA on 31 March,Mid-year moves,Total children,236,100
2023,Reporting year,Local authority,E92000001,England,E13000001,Inner London,208,Lambeth,E09000022,CLA on 31 March,Mid-year moves,With one or more mid-year moves during the year,8,3
2023,Reporting year,Local authority,E92000001,England,E13000001,Inner London,209,Lewisham,E09000023,CLA 2 years on 31 March,Any moves,Total children,233,100
2023,Reporting year,Local authority,E92000001,England,E13000001,Inner London,209,Lewisham,E09000023,CLA 2 years on 31 March,Any moves,With one or more moves during the previous 2 years,56,24
2023,Reporting year,Local authority,E92000001,England,E13000001,Inner London,209,Lewisham,E09000023,CLA 2 years on 31 March,Mid-year moves,Total children,233,100
2023,Reporting year,Local authority,E92000001,England,E13000001,Inner London,209,Lewisham,E09000023,CLA 2 years on 31 March,Mid-year moves,With one or more mid-year moves during the previous 2 years,39,17
2023,Reporting year,Local authority,E92000001,England,E13000001,Inner London,209,Lewisham,E09000023,CLA on 31 March,Any moves,Total children,267,100
2023,Reporting year,Local authority,E92000001,England,E13000001,Inner London,209,Lewisham,E09000023,CLA on 31 March,Any moves,With one or more moves during the year,33,12
2023,Reporting year,Local authority,E92000001,England,E13000001,Inner London,209,Lewisham,E09000023,CLA on 31 March,Mid-year moves,Total children,267,100
2023,Reporting year,Local authority,E92000001,England,E13000001,Inner London,209,Lewisham,E09000023,CLA on 31 March,Mid-year moves,With one or more mid-year moves during the year,22,8
2023,Reporting year,Local authority,E92000001,England,E13000001,Inner London,316,Newham,E09000025,CLA 2 years on 31 March,Any moves,Total children,198,100
2023,Reporting year,Local authority,E92000001,England,E13000001,Inner London,316,Newham,E09000025,CLA 2 years on 31 March,Any moves,With one or more moves during the previous 2 years,50,25
2023,Reporting year,Local authority,E92000001,England,E13000001,Inner London,316,Newham,E09000025,CLA 2 years on 31 March,Mid-year moves,Total children,198,100
2023,Reporting year,Local authority,E92000001,England,E13000001,Inner London,316,Newham,E09000025,CLA 2 years on 31 March,Mid-year moves,With one or more mid-year moves during the previous 2 years,37,19
2023,Reporting year,Local authority,E92000001,England,E13000001,Inner London,316,Newham,E09000025,CLA on 31 March,Any moves,Total children,251,100
2023,Reporting year,Local authority,E92000001,England,E13000001,Inner London,316,Newham,E09000025,CLA on 31 March,Any moves,With one or more moves during the year,34,14
2023,Reporting year,Local authority,E92000001,England,E13000001,Inner London,316,Newham,E09000025,CLA on 31 March,Mid-year moves,Total children,251,100
2023,Reporting year,Local authority,E92000001,England,E13000001,Inner London,316,Newham,E09000025,CLA on 31 March,Mid-year moves,With one or more mid-year moves during the year,21,8
2023,Reporting year,Local authority,E92000001,England,E13000001,Inner London,210,Southwark,E09000028,CLA 2 years on 31 March,Any moves,Total children,249,100
2023,Reporting year,Local authority,E92000001,England,E13000001,Inner London,210,Southwark,E09000028,CLA 2 years on 31 March,Any moves,With one or more moves during the previous 2 years,42,17
2023,Reporting year,Local authority,E92000001,England,E13000001,Inner London,210,Southwark,E09000028,CLA 2 years on 31 March,Mid-year moves,Total children,249,100
2023,Reporting year,Local authority,E92000001,England,E13000001,Inner London,210,Southwark,E09000028,CLA 2 years on 31 March,Mid-year moves,With one or more mid-year moves during the previous 2 years,38,15
2023,Reporting year,Local authority,E92000001,England,E13000001,Inner London,210,Southwark,E09000028,CLA on 31 March,Any moves,Total children,272,100
2023,Reporting year,Local authority,E92000001,England,E13000001,Inner London,210,Southwark,E09000028,CLA on 31 March,Any moves,With one or more moves during the year,29,11
2023,Reporting year,Local authority,E92000001,England,E13000001,Inner London,210,Southwark,E09000028,CLA on 31 March,Mid-year moves,Total children,272,100
2023,Reporting year,Local authority,E92000001,England,E13000001,Inner London,210,Southwark,E09000028,CLA on 31 March,Mid-year moves,With one or more mid-year moves during the year,25,9
2023,Reporting year,Local authority,E92000001,England,E13000001,Inner London,211,Tower Hamlets,E09000030,CLA 2 years on 31 March,Any moves,Total children,148,100
2023,Reporting year,Local authority,E92000001,England,E13000001,Inner London,211,Tower Hamlets,E09000030,CLA 2 years on 31 March,Any moves,With one or more moves during the previous 2 years,30,20
2023,Reporting year,Local authority,E92000001,England,E13000001,Inner London,211,Tower Hamlets,E09000030,CLA 2 years on 31 March,Mid-year moves,Total children,148,100
2023,Reporting year,Local authority,E92000001,England,E13000001,Inner London,211,Tower Hamlets,E09000030,CLA 2 years on 31 March,Mid-year moves,With one or more mid-year moves during the previous 2 years,21,14
2023,Reporting year,Local authority,E92000001,England,E13000001,Inner London,211,Tower Hamlets,E09000030,CLA on 31 March,Any moves,Total children,182,100
2023,Reporting year,Local authority,E92000001,England,E13000001,Inner London,211,Tower Hamlets,E09000030,CLA on 31 March,Any moves,With one or more moves during the year,20,11
2023,Reporting year,Local authority,E92000001,England,E13000001,Inner London,211,Tower Hamlets,E09000030,CLA on 31 March,Mid-year moves,Total children,182,100
2023,Reporting year,Local authority,E92000001,England,E13000001,Inner London,211,Tower Hamlets,E09000030,CLA on 31 March,Mid-year moves,With one or more mid-year moves during the year,11,6
2023,Reporting year,Local authority,E92000001,England,E13000001,Inner London,212,Wandsworth,E09000032,CLA 2 years on 31 March,Any moves,Total children,132,100
2023,Reporting year,Local authority,E92000001,England,E13000001,Inner London,212,Wandsworth,E09000032,CLA 2 years on 31 March,Any moves,With one or more moves during the previous 2 years,21,16
2023,Reporting year,Local authority,E92000001,England,E13000001,Inner London,212,Wandsworth,E09000032,CLA 2 years on 31 March,Mid-year moves,Total children,132,100
2023,Reporting year,Local authority,E92000001,England,E13000001,Inner London,212,Wandsworth,E09000032,CLA 2 years on 31 March,Mid-year moves,With one or more mid-year moves during the previous 2 years,14,11
2023,Reporting year,Local authority,E92000001,England,E13000001,Inner London,212,Wandsworth,E09000032,CLA on 31 March,Any moves,Total children,153,100
2023,Reporting year,Local authority,E92000001,England,E13000001,Inner London,212,Wandsworth,E09000032,CLA on 31 March,Any moves,With one or more moves during the year,13,8
2023,Reporting year,Local authority,E92000001,England,E13000001,Inner London,212,Wandsworth,E09000032,CLA on 31 March,Mid-year moves,Total children,153,100
2023,Reporting year,Local authority,E92000001,England,E13000001,Inner London,212,Wandsworth,E09000032,CLA on 31 March,Mid-year moves,With one or more mid-year moves during the year,7,5
2023,Reporting year,Local authority,E92000001,England,E13000001,Inner London,213,Westminster,E09000033,CLA 2 years on 31 March,Any moves,Total children,72,100
2023,Reporting year,Local authority,E92000001,England,E13000001,Inner London,213,Westminster,E09000033,CLA 2 years on 31 March,Any moves,With one or more moves during the previous 2 years,18,25
2023,Reporting year,Local authority,E92000001,England,E13000001,Inner London,213,Westminster,E09000033,CLA 2 years on 31 March,Mid-year moves,Total children,72,100
2023,Reporting year,Local authority,E92000001,England,E13000001,Inner London,213,Westminster,E09000033,CLA 2 years on 31 March,Mid-year moves,With one or more mid-year moves during the previous 2 years,13,18
2023,Reporting year,Local authority,E92000001,England,E13000001,Inner London,213,Westminster,E09000033,CLA on 31 March,Any moves,Total children,88,100
2023,Reporting year,Local authority,E92000001,England,E13000001,Inner London,213,Westminster,E09000033,CLA on 31 March,Any moves,With one or more moves during the year,10,11
2023,Reporting year,Local authority,E92000001,England,E13000001,Inner London,213,Westminster,E09000033,CLA on 31 March,Mid-year moves,Total children,88,100
2023,Reporting year,Local authority,E92000001,England,E13000001,Inner London,213,Westminster,E09000033,CLA on 31 March,Mid-year moves,With one or more mid-year moves during the year,6,7
2023,Reporting year,Local authority,E92000001,England,E13000002,Outer London,301,Barking and Dagenham,E09000002,CLA 2 years on 31 March,Any moves,Total children,208,100
2023,Reporting year,Local authority,E92000001,England,E13000002,Outer London,301,Barking and Dagenham,E09000002,CLA 2 years on 31 March,Any moves,With one or more moves during the previous 2 years,35,17
2023,Reporting year,Local authority,E92000001,England,E13000002,Outer London,301,Barking and Dagenham,E09000002,CLA 2 years on 31 March,Mid-year moves,Total children,208,100
2023,Reporting year,Local authority,E92000001,England,E13000002,Outer London,301,Barking and Dagenham,E09000002,CLA 2 years on 31 March,Mid-year moves,With one or more mid-year moves during the previous 2 years,23,11
2023,Reporting year,Local authority,E92000001,England,E13000002,Outer London,301,Barking and Dagenham,E09000002,CLA on 31 March,Any moves,Total children,269,100
2023,Reporting year,Local authority,E92000001,England,E13000002,Outer London,301,Barking and Dagenham,E09000002,CLA on 31 March,Any moves,With one or more moves during the year,27,10
2023,Reporting year,Local authority,E92000001,England,E13000002,Outer London,301,Barking and Dagenham,E09000002,CLA on 31 March,Mid-year moves,Total children,269,100
2023,Reporting year,Local authority,E92000001,England,E13000002,Outer London,301,Barking and Dagenham,E09000002,CLA on 31 March,Mid-year moves,With one or more mid-year moves during the year,18,7
2023,Reporting year,Local authority,E92000001,England,E13000002,Outer London,302,Barnet,E09000003,CLA 2 years on 31 March,Any moves,Total children,147,100
2023,Reporting year,Local authority,E92000001,England,E13000002,Outer London,302,Barnet,E09000003,CLA 2 years on 31 March,Any moves,With one or more moves during the previous 2 years,36,24
2023,Reporting year,Local authority,E92000001,England,E13000002,Outer London,302,Barnet,E09000003,CLA 2 years on 31 March,Mid-year moves,Total children,147,100
2023,Reporting year,Local authority,E92000001,England,E13000002,Outer London,302,Barnet,E09000003,CLA 2 years on 31 March,Mid-year moves,With one or more mid-year moves during the previous 2 years,21,14
2023,Reporting year,Local authority,E92000001,England,E13000002,Outer London,302,Barnet,E09000003,CLA on 31 March,Any moves,Total children,183,100
2023,Reporting year,Local authority,E92000001,England,E13000002,Outer London,302,Barnet,E09000003,CLA on 31 March,Any moves,With one or more moves during the year,30,16
2023,Reporting year,Local authority,E92000001,England,E13000002,Outer London,302,Barnet,E09000003,CLA on 31 March,Mid-year moves,Total children,183,100
2023,Reporting year,Local authority,E92000001,England,E13000002,Outer London,302,Barnet,E09000003,CLA on 31 March,Mid-year moves,With one or more mid-year moves during the year,16,9
2023,Reporting year,Local authority,E92000001,England,E13000002,Outer London,303,Bexley,E09000004,CLA 2 years on 31 March,Any moves,Total children,115,100
2023,Reporting year,Local authority,E92000001,England,E13000002,Outer London,303,Bexley,E09000004,CLA 2 years on 31 March,Any moves,With one or more moves during the previous 2 years,28,24
2023,Reporting year,Local authority,E92000001,England,E13000002,Outer London,303,Bexley,E09000004,CLA 2 years on 31 March,Mid-year moves,Total children,115,100
2023,Reporting year,Local authority,E92000001,England,E13000002,Outer London,303,Bexley,E09000004,CLA 2 years on 31 March,Mid-year moves,With one or more mid-year moves during the previous 2 years,19,17
2023,Reporting year,Local authority,E92000001,England,E13000002,Outer London,303,Bexley,E09000004,CLA on 31 March,Any moves,Total children,169,100
2023,Reporting year,Local authority,E92000001,England,E13000002,Outer London,303,Bexley,E09000004,CLA on 31 March,Any moves,With one or more moves during the year,25,15
2023,Reporting year,Local authority,E92000001,England,E13000002,Outer London,303,Bexley,E09000004,CLA on 31 March,Mid-year moves,Total children,169,100
2023,Reporting year,Local authority,E92000001,England,E13000002,Outer London,303,Bexley,E09000004,CLA on 31 March,Mid-year moves,With one or more mid-year moves during the year,19,11
2023,Reporting year,Local authority,E92000001,England,E13000002,Outer London,304,Brent,E09000005,CLA 2 years on 31 March,Any moves,Total children,143,100
2023,Reporting year,Local authority,E92000001,England,E13000002,Outer London,304,Brent,E09000005,CLA 2 years on 31 March,Any moves,With one or more moves during the previous 2 years,28,20
2023,Reporting year,Local authority,E92000001,England,E13000002,Outer London,304,Brent,E09000005,CLA 2 years on 31 March,Mid-year moves,Total children,143,100
2023,Reporting year,Local authority,E92000001,England,E13000002,Outer London,304,Brent,E09000005,CLA 2 years on 31 March,Mid-year moves,With one or more mid-year moves during the previous 2 years,21,15
2023,Reporting year,Local authority,E92000001,England,E13000002,Outer London,304,Brent,E09000005,CLA on 31 March,Any moves,Total children,185,100
2023,Reporting year,Local authority,E92000001,England,E13000002,Outer London,304,Brent,E09000005,CLA on 31 March,Any moves,With one or more moves during the year,14,8
2023,Reporting year,Local authority,E92000001,England,E13000002,Outer London,304,Brent,E09000005,CLA on 31 March,Mid-year moves,Total children,185,100
2023,Reporting year,Local authority,E92000001,England,E13000002,Outer London,304,Brent,E09000005,CLA on 31 March,Mid-year moves,With one or more mid-year moves during the year,10,5
2023,Reporting year,Local authority,E92000001,England,E13000002,Outer London,305,Bromley,E09000006,CLA 2 years on 31 March,Any moves,Total children,186,100
2023,Reporting year,Local authority,E92000001,England,E13000002,Outer London,305,Bromley,E09000006,CLA 2 years on 31 March,Any moves,With one or more moves during the previous 2 years,33,18
2023,Reporting year,Local authority,E92000001,England,E13000002,Outer London,305,Bromley,E09000006,CLA 2 years on 31 March,Mid-year moves,Total children,186,100
2023,Reporting year,Local authority,E92000001,England,E13000002,Outer London,305,Bromley,E09000006,CLA 2 years on 31 March,Mid-year moves,With one or more mid-year moves during the previous 2 years,26,14
2023,Reporting year,Local authority,E92000001,England,E13000002,Outer London,305,Bromley,E09000006,CLA on 31 March,Any moves,Total children,238,100
2023,Reporting year,Local authority,E92000001,England,E13000002,Outer London,305,Bromley,E09000006,CLA on 31 March,Any moves,With one or more moves during the year,24,10
2023,Reporting year,Local authority,E92000001,England,E13000002,Outer London,305,Bromley,E09000006,CLA on 31 March,Mid-year moves,Total children,238,100
2023,Reporting year,Local authority,E92000001,England,E13000002,Outer London,305,Bromley,E09000006,CLA on 31 March,Mid-year moves,With one or more mid-year moves during the year,19,8
2023,Reporting year,Local authority,E92000001,England,E13000002,Outer London,306,Croydon,E09000008,CLA 2 years on 31 March,Any moves,Total children,279,100
2023,Reporting year,Local authority,E92000001,England,E13000002,Outer London,306,Croydon,E09000008,CLA 2 years on 31 March,Any moves,With one or more moves during the previous 2 years,57,20
2023,Reporting year,Local authority,E92000001,England,E13000002,Outer London,306,Croydon,E09000008,CLA 2 years on 31 March,Mid-year moves,Total children,279,100
2023,Reporting year,Local authority,E92000001,England,E13000002,Outer London,306,Croydon,E09000008,CLA 2 years on 31 March,Mid-year moves,With one or more mid-year moves during the previous 2 years,34,12
2023,Reporting year,Local authority,E92000001,England,E13000002,Outer London,306,Croydon,E09000008,CLA on 31 March,Any moves,Total children,314,100
2023,Reporting year,Local authority,E92000001,England,E13000002,Outer London,306,Croydon,E09000008,CLA on 31 March,Any moves,With one or more moves during the year,39,12
2023,Reporting year,Local authority,E92000001,England,E13000002,Outer London,306,Croydon,E09000008,CLA on 31 March,Mid-year moves,Total children,314,100
2023,Reporting year,Local authority,E92000001,England,E13000002,Outer London,306,Croydon,E09000008,CLA on 31 March,Mid-year moves,With one or more mid-year moves during the year,27,9
2023,Reporting year,Local authority,E92000001,England,E13000002,Outer London,307,Ealing,E09000009,CLA 2 years on 31 March,Any moves,Total children,158,100
2023,Reporting year,Local authority,E92000001,England,E13000002,Outer London,307,Ealing,E09000009,CLA 2 years on 31 March,Any moves,With one or more moves during the previous 2 years,31,20
2023,Reporting year,Local authority,E92000001,England,E13000002,Outer London,307,Ealing,E09000009,CLA 2 years on 31 March,Mid-year moves,Total children,158,100
2023,Reporting year,Local authority,E92000001,England,E13000002,Outer London,307,Ealing,E09000009,CLA 2 years on 31 March,Mid-year moves,With one or more mid-year moves during the previous 2 years,27,17
2023,Reporting year,Local authority,E92000001,England,E13000002,Outer London,307,Ealing,E09000009,CLA on 31 March,Any moves,Total children,175,100
2023,Reporting year,Local authority,E92000001,England,E13000002,Outer London,307,Ealing,E09000009,CLA on 31 March,Any moves,With one or more moves during the year,22,13
2023,Reporting year,Local authority,E92000001,England,E13000002,Outer London,307,Ealing,E09000009,CLA on 31 March,Mid-year moves,Total children,175,100
2023,Reporting year,Local authority,E92000001,England,E13000002,Outer London,307,Ealing,E09000009,CLA on 31 March,Mid-year moves,With one or more mid-year moves during the year,20,11
2023,Reporting year,Local authority,E92000001,England,E13000002,Outer London,308,Enfield,E09000010,CLA 2 years on 31 March,Any moves,Total children,183,100
2023,Reporting year,Local authority,E92000001,England,E13000002,Outer London,308,Enfield,E09000010,CLA 2 years on 31 March,Any moves,With one or more moves during the previous 2 years,31,17
2023,Reporting year,Local authority,E92000001,England,E13000002,Outer London,308,Enfield,E09000010,CLA 2 years on 31 March,Mid-year moves,Total children,183,100
2023,Reporting year,Local authority,E92000001,England,E13000002,Outer London,308,Enfield,E09000010,CLA 2 years on 31 March,Mid-year moves,With one or more mid-year moves during the previous 2 years,16,9
2023,Reporting year,Local authority,E92000001,England,E13000002,Outer London,308,Enfield,E09000010,CLA on 31 March,Any moves,Total children,239,100
2023,Reporting year,Local authority,E92000001,England,E13000002,Outer London,308,Enfield,E09000010,CLA on 31 March,Any moves,With one or more moves during the year,30,13
2023,Reporting year,Local authority,E92000001,England,E13000002,Outer London,308,Enfield,E09000010,CLA on 31 March,Mid-year moves,Total children,239,100
2023,Reporting year,Local authority,E92000001,England,E13000002,Outer London,308,Enfield,E09000010,CLA on 31 March,Mid-year moves,With one or more mid-year moves during the year,17,7
2023,Reporting year,Local authority,E92000001,England,E13000002,Outer London,203,Greenwich,E09000011,CLA 2 years on 31 March,Any moves,Total children,252,100
2023,Reporting year,Local authority,E92000001,England,E13000002,Outer London,203,Greenwich,E09000011,CLA 2 years on 31 March,Any moves,With one or more moves during the previous 2 years,42,17
2023,Reporting year,Local authority,E92000001,England,E13000002,Outer London,203,Greenwich,E09000011,CLA 2 years on 31 March,Mid-year moves,Total children,252,100
2023,Reporting year,Local authority,E92000001,England,E13000002,Outer London,203,Greenwich,E09000011,CLA 2 years on 31 March,Mid-year moves,With one or more mid-year moves during the previous 2 years,28,11
2023,Reporting year,Local authority,E92000001,England,E13000002,Outer London,203,Greenwich,E09000011,CLA on 31 March,Any moves,Total children,278,100
2023,Reporting year,Local authority,E92000001,England,E13000002,Outer London,203,Greenwich,E09000011,CLA on 31 March,Any moves,With one or more moves during the year,20,7
2023,Reporting year,Local authority,E92000001,England,E13000002,Outer London,203,Greenwich,E09000011,CLA on 31 March,Mid-year moves,Total children,278,100
2023,Reporting year,Local authority,E92000001,England,E13000002,Outer London,203,Greenwich,E09000011,CLA on 31 March,Mid-year moves,With one or more mid-year moves during the year,15,5
2023,Reporting year,Local authority,E92000001,England,E13000002,Outer London,310,Harrow,E09000015,CLA 2 years on 31 March,Any moves,Total children,77,100
2023,Reporting year,Local authority,E92000001,England,E13000002,Outer London,310,Harrow,E09000015,CLA 2 years on 31 March,Any moves,With one or more moves during the previous 2 years,16,21
2023,Reporting year,Local authority,E92000001,England,E13000002,Outer London,310,Harrow,E09000015,CLA 2 years on 31 March,Mid-year moves,Total children,77,100
2023,Reporting year,Local authority,E92000001,England,E13000002,Outer London,310,Harrow,E09000015,CLA 2 years on 31 March,Mid-year moves,With one or more mid-year moves during the previous 2 years,9,12
2023,Reporting year,Local authority,E92000001,England,E13000002,Outer London,310,Harrow,E09000015,CLA on 31 March,Any moves,Total children,105,100
2023,Reporting year,Local authority,E92000001,England,E13000002,Outer London,310,Harrow,E09000015,CLA on 31 March,Any moves,With one or more moves during the year,14,13
2023,Reporting year,Local authority,E92000001,England,E13000002,Outer London,310,Harrow,E09000015,CLA on 31 March,Mid-year moves,Total children,105,100
2023,Reporting year,Local authority,E92000001,England,E13000002,Outer London,310,Harrow,E09000015,CLA on 31 March,Mid-year moves,With one or more mid-year moves during the year,11,10
2023,Reporting year,Local authority,E92000001,England,E13000002,Outer London,311,Havering,E09000016,CLA 2 years on 31 March,Any moves,Total children,138,100
2023,Reporting year,Local authority,E92000001,England,E13000002,Outer London,311,Havering,E09000016,CLA 2 years on 31 March,Any moves,With one or more moves during the previous 2 years,21,15
2023,Reporting year,Local authority,E92000001,England,E13000002,Outer London,311,Havering,E09000016,CLA 2 years on 31 March,Mid-year moves,Total children,138,100
2023,Reporting year,Local authority,E92000001,England,E13000002,Outer London,311,Havering,E09000016,CLA 2 years on 31 March,Mid-year moves,With one or more mid-year moves during the previous 2 years,13,9
2023,Reporting year,Local authority,E92000001,England,E13000002,Outer London,311,Havering,E09000016,CLA on 31 March,Any moves,Total children,152,100
2023,Reporting year,Local authority,E92000001,England,E13000002,Outer London,311,Havering,E09000016,CLA on 31 March,Any moves,With one or more moves during the year,15,10
2023,Reporting year,Local authority,E92000001,England,E13000002,Outer London,311,Havering,E09000016,CLA on 31 March,Mid-year moves,Total children,152,100
2023,Reporting year,Local authority,E92000001,England,E13000002,Outer London,311,Havering,E09000016,CLA on 31 March,Mid-year moves,With one or more mid-year moves during the year,9,6
2023,Reporting year,Local authority,E92000001,England,E13000002,Outer London,312,Hillingdon,E09000017,CLA 2 years on 31 March,Any moves,Total children,149,100
2023,Reporting year,Local authority,E92000001,England,E13000002,Outer London,312,Hillingdon,E09000017,CLA 2 years on 31 March,Any moves,With one or more moves during the previous 2 years,28,19
2023,Reporting year,Local authority,E92000001,England,E13000002,Outer London,312,Hillingdon,E09000017,CLA 2 years on 31 March,Mid-year moves,Total children,149,100
2023,Reporting year,Local authority,E92000001,England,E13000002,Outer London,312,Hillingdon,E09000017,CLA 2 years on 31 March,Mid-year moves,With one or more mid-year moves during the previous 2 years,24,16
2023,Reporting year,Local authority,E92000001,England,E13000002,Outer London,312,Hillingdon,E09000017,CLA on 31 March,Any moves,Total children,171,100
2023,Reporting year,Local authority,E92000001,England,E13000002,Outer London,312,Hillingdon,E09000017,CLA on 31 March,Any moves,With one or more moves during the year,22,13
2023,Reporting year,Local authority,E92000001,England,E13000002,Outer London,312,Hillingdon,E09000017,CLA on 31 March,Mid-year moves,Total children,171,100
2023,Reporting year,Local authority,E92000001,England,E13000002,Outer London,312,Hillingdon,E09000017,CLA on 31 March,Mid-year moves,With one or more mid-year moves during the year,20,12
2023,Reporting year,Local authority,E92000001,England,E13000002,Outer London,313,Hounslow,E09000018,CLA 2 years on 31 March,Any moves,Total children,106,100
2023,Reporting year,Local authority,E92000001,England,E13000002,Outer London,313,Hounslow,E09000018,CLA 2 years on 31 March,Any moves,With one or more moves during the previous 2 years,28,26
2023,Reporting year,Local authority,E92000001,England,E13000002,Outer London,313,Hounslow,E09000018,CLA 2 years on 31 March,Mid-year moves,Total children,106,100
2023,Reporting year,Local authority,E92000001,England,E13000002,Outer London,313,Hounslow,E09000018,CLA 2 years on 31 March,Mid-year moves,With one or more mid-year moves during the previous 2 years,21,20
2023,Reporting year,Local authority,E92000001,England,E13000002,Outer London,313,Hounslow,E09000018,CLA on 31 March,Any moves,Total children,140,100
2023,Reporting year,Local authority,E92000001,England,E13000002,Outer London,313,Hounslow,E09000018,CLA on 31 March,Any moves,With one or more moves during the year,17,12
2023,Reporting year,Local authority,E92000001,England,E13000002,Outer London,313,Hounslow,E09000018,CLA on 31 March,Mid-year moves,Total children,140,100
2023,Reporting year,Local authority,E92000001,England,E13000002,Outer London,313,Hounslow,E09000018,CLA on 31 March,Mid-year moves,With one or more mid-year moves during the year,14,10
2023,Reporting year,Local authority,E92000001,England,E13000002,Outer London,314,Kingston upon Thames,E09000021,CLA 2 years on 31 March,Any moves,Total children,48,100
2023,Reporting year,Local authority,E92000001,England,E13000002,Outer London,314,Kingston upon Thames,E09000021,CLA 2 years on 31 March,Any moves,With one or more moves during the previous 2 years,8,17
2023,Reporting year,Local authority,E92000001,England,E13000002,Outer London,314,Kingston upon Thames,E09000021,CLA 2 years on 31 March,Mid-year moves,Total children,48,100
2023,Reporting year,Local authority,E92000001,England,E13000002,Outer London,314,Kingston upon Thames,E09000021,CLA 2 years on 31 March,Mid-year moves,With one or more mid-year moves during the previous 2 years,7,15
2023,Reporting year,Local authority,E92000001,England,E13000002,Outer London,314,Kingston upon Thames,E09000021,CLA on 31 March,Any moves,Total children,61,100
2023,Reporting year,Local authority,E92000001,England,E13000002,Outer London,314,Kingston upon Thames,E09000021,CLA on 31 March,Any moves,With one or more moves during the year,8,13
2023,Reporting year,Local authority,E92000001,England,E13000002,Outer London,314,Kingston upon Thames,E09000021,CLA on 31 March,Mid-year moves,Total children,61,100
2023,Reporting year,Local authority,E92000001,England,E13000002,Outer London,314,Kingston upon Thames,E09000021,CLA on 31 March,Mid-year moves,With one or more mid-year moves during the year,7,11
2023,Reporting year,Local authority,E92000001,England,E13000002,Outer London,315,Merton,E09000024,CLA 2 years on 31 March,Any moves,Total children,54,100
2023,Reporting year,Local authority,E92000001,England,E13000002,Outer London,315,Merton,E09000024,CLA 2 years on 31 March,Any moves,With one or more moves during the previous 2 years,11,20
2023,Reporting year,Local authority,E92000001,England,E13000002,Outer London,315,Merton,E09000024,CLA 2 years on 31 March,Mid-year moves,Total children,54,100
2023,Reporting year,Local authority,E92000001,England,E13000002,Outer London,315,Merton,E09000024,CLA 2 years on 31 March,Mid-year moves,With one or more mid-year moves during the previous 2 years,6,11
2023,Reporting year,Local authority,E92000001,England,E13000002,Outer London,315,Merton,E09000024,CLA on 31 March,Any moves,Total children,66,100
2023,Reporting year,Local authority,E92000001,England,E13000002,Outer London,315,Merton,E09000024,CLA on 31 March,Any moves,With one or more moves during the year,c,c
2023,Reporting year,Local authority,E92000001,England,E13000002,Outer London,315,Merton,E09000024,CLA on 31 March,Mid-year moves,Total children,66,100
2023,Reporting year,Local authority,E92000001,England,E13000002,Outer London,315,Merton,E09000024,CLA on 31 March,Mid-year moves,With one or more mid-year moves during the year,c,c
2023,Reporting year,Local authority,E92000001,England,E13000002,Outer London,317,Redbridge,E09000026,CLA 2 years on 31 March,Any moves,Total children,118,100
2023,Reporting year,Local authority,E92000001,England,E13000002,Outer London,317,Redbridge,E09000026,CLA 2 years on 31 March,Any moves,With one or more moves during the previous 2 years,23,19
2023,Reporting year,Local authority,E92000001,England,E13000002,Outer London,317,Redbridge,E09000026,CLA 2 years on 31 March,Mid-year moves,Total children,118,100
2023,Reporting year,Local authority,E92000001,England,E13000002,Outer London,317,Redbridge,E09000026,CLA 2 years on 31 March,Mid-year moves,With one or more mid-year moves during the previous 2 years,18,15
2023,Reporting year,Local authority,E92000001,England,E13000002,Outer London,317,Redbridge,E09000026,CLA on 31 March,Any moves,Total children,174,100
2023,Reporting year,Local authority,E92000001,England,E13000002,Outer London,317,Redbridge,E09000026,CLA on 31 March,Any moves,With one or more moves during the year,13,7
2023,Reporting year,Local authority,E92000001,England,E13000002,Outer London,317,Redbridge,E09000026,CLA on 31 March,Mid-year moves,Total children,174,100
2023,Reporting year,Local authority,E92000001,England,E13000002,Outer London,317,Redbridge,E09000026,CLA on 31 March,Mid-year moves,With one or more mid-year moves during the year,12,7
2023,Reporting year,Local authority,E92000001,England,E13000002,Outer London,318,Richmond upon Thames,E09000027,CLA 2 years on 31 March,Any moves,Total children,48,100
2023,Reporting year,Local authority,E92000001,England,E13000002,Outer London,318,Richmond upon Thames,E09000027,CLA 2 years on 31 March,Any moves,With one or more moves during the previous 2 years,11,23
2023,Reporting year,Local authority,E92000001,England,E13000002,Outer London,318,Richmond upon Thames,E09000027,CLA 2 years on 31 March,Mid-year moves,Total children,48,100
2023,Reporting year,Local authority,E92000001,England,E13000002,Outer London,318,Richmond upon Thames,E09000027,CLA 2 years on 31 March,Mid-year moves,With one or more mid-year moves during the previous 2 years,8,17
2023,Reporting year,Local authority,E92000001,England,E13000002,Outer London,318,Richmond upon Thames,E09000027,CLA on 31 March,Any moves,Total children,66,100
2023,Reporting year,Local authority,E92000001,England,E13000002,Outer London,318,Richmond upon Thames,E09000027,CLA on 31 March,Any moves,With one or more moves during the year,13,20
2023,Reporting year,Local authority,E92000001,England,E13000002,Outer London,318,Richmond upon Thames,E09000027,CLA on 31 March,Mid-year moves,Total children,66,100
2023,Reporting year,Local authority,E92000001,England,E13000002,Outer London,318,Richmond upon Thames,E09000027,CLA on 31 March,Mid-year moves,With one or more mid-year moves during the year,12,18
2023,Reporting year,Local authority,E92000001,England,E13000002,Outer London,319,Sutton,E09000029,CLA 2 years on 31 March,Any moves,Total children,121,100
2023,Reporting year,Local authority,E92000001,England,E13000002,Outer London,319,Sutton,E09000029,CLA 2 years on 31 March,Any moves,With one or more moves during the previous 2 years,30,25
2023,Reporting year,Local authority,E92000001,England,E13000002,Outer London,319,Sutton,E09000029,CLA 2 years on 31 March,Mid-year moves,Total children,121,100
2023,Reporting year,Local authority,E92000001,England,E13000002,Outer London,319,Sutton,E09000029,CLA 2 years on 31 March,Mid-year moves,With one or more mid-year moves during the previous 2 years,22,18
2023,Reporting year,Local authority,E92000001,England,E13000002,Outer London,319,Sutton,E09000029,CLA on 31 March,Any moves,Total children,130,100
2023,Reporting year,Local authority,E92000001,England,E13000002,Outer London,319,Sutton,E09000029,CLA on 31 March,Any moves,With one or more moves during the year,15,12
2023,Reporting year,Local authority,E92000001,England,E13000002,Outer London,319,Sutton,E09000029,CLA on 31 March,Mid-year moves,Total children,130,100
2023,Reporting year,Local authority,E92000001,England,E13000002,Outer London,319,Sutton,E09000029,CLA on 31 March,Mid-year moves,With one or more mid-year moves during the year,11,8
2023,Reporting year,Local authority,E92000001,England,E13000002,Outer London,320,Waltham Forest,E09000031,CLA 2 years on 31 March,Any moves,Total children,166,100
2023,Reporting year,Local authority,E92000001,England,E13000002,Outer London,320,Waltham Forest,E09000031,CLA 2 years on 31 March,Any moves,With one or more moves during the previous 2 years,26,16
2023,Reporting year,Local authority,E92000001,England,E13000002,Outer London,320,Waltham Forest,E09000031,CLA 2 years on 31 March,Mid-year moves,Total children,166,100
2023,Reporting year,Local authority,E92000001,England,E13000002,Outer London,320,Waltham Forest,E09000031,CLA 2 years on 31 March,Mid-year moves,With one or more mid-year moves during the previous 2 years,22,13
2023,Reporting year,Local authority,E92000001,England,E13000002,Outer London,320,Waltham Forest,E09000031,CLA on 31 March,Any moves,Total children,200,100
2023,Reporting year,Local authority,E92000001,England,E13000002,Outer London,320,Waltham Forest,E09000031,CLA on 31 March,Any moves,With one or more moves during the year,20,10
2023,Reporting year,Local authority,E92000001,England,E13000002,Outer London,320,Waltham Forest,E09000031,CLA on 31 March,Mid-year moves,Total children,200,100
2023,Reporting year,Local authority,E92000001,England,E13000002,Outer London,320,Waltham Forest,E09000031,CLA on 31 March,Mid-year moves,With one or more mid-year moves during the year,17,9
2022,Reporting year,National,E92000001,England,,,,,,CLA 2 years on 31 March,Any moves,Total children,43510,100
2022,Reporting year,National,E92000001,England,,,,,,CLA 2 years on 31 March,Any moves,With one or more moves during the previous 2 years,8570,20
2022,Reporting year,National,E92000001,England,,,,,,CLA 2 years on 31 March,Mid-year moves,Total children,43510,100
2022,Reporting year,National,E92000001,England,,,,,,CLA 2 years on 31 March,Mid-year moves,With one or more mid-year moves during the previous 2 years,5540,13
2022,Reporting year,National,E92000001,England,,,,,,CLA on 31 March,Any moves,Total children,53090,100
2022,Reporting year,National,E92000001,England,,,,,,CLA on 31 March,Any moves,With one or more moves during the year,5860,11
2022,Reporting year,National,E92000001,England,,,,,,CLA on 31 March,Mid-year moves,Total children,53090,100
2022,Reporting year,National,E92000001,England,,,,,,CLA on 31 March,Mid-year moves,With one or more mid-year moves during the year,3990,8
2022,Reporting year,Regional,E92000001,England,E12000001,North East,,,,CLA 2 years on 31 March,Any moves,Total children,3230,100
2022,Reporting year,Regional,E92000001,England,E12000001,North East,,,,CLA 2 years on 31 March,Any moves,With one or more moves during the previous 2 years,590,18
2022,Reporting year,Regional,E92000001,England,E12000001,North East,,,,CLA 2 years on 31 March,Mid-year moves,Total children,3230,100
2022,Reporting year,Regional,E92000001,England,E12000001,North East,,,,CLA 2 years on 31 March,Mid-year moves,With one or more mid-year moves during the previous 2 years,360,11
2022,Reporting year,Regional,E92000001,England,E12000001,North East,,,,CLA on 31 March,Any moves,Total children,3920,100
2022,Reporting year,Regional,E92000001,England,E12000001,North East,,,,CLA on 31 March,Any moves,With one or more moves during the year,370,9
2022,Reporting year,Regional,E92000001,England,E12000001,North East,,,,CLA on 31 March,Mid-year moves,Total children,3920,100
2022,Reporting year,Regional,E92000001,England,E12000001,North East,,,,CLA on 31 March,Mid-year moves,With one or more mid-year moves during the year,230,6
2022,Reporting year,Regional,E92000001,England,E12000002,North West,,,,CLA 2 years on 31 March,Any moves,Total children,8610,100
2022,Reporting year,Regional,E92000001,England,E12000002,North West,,,,CLA 2 years on 31 March,Any moves,With one or more moves during the previous 2 years,1380,16
2022,Reporting year,Regional,E92000001,England,E12000002,North West,,,,CLA 2 years on 31 March,Mid-year moves,Total children,8610,100
2022,Reporting year,Regional,E92000001,England,E12000002,North West,,,,CLA 2 years on 31 March,Mid-year moves,With one or more mid-year moves during the previous 2 years,820,9
2022,Reporting year,Regional,E92000001,England,E12000002,North West,,,,CLA on 31 March,Any moves,Total children,10280,100
2022,Reporting year,Regional,E92000001,England,E12000002,North West,,,,CLA on 31 March,Any moves,With one or more moves during the year,890,9
2022,Reporting year,Regional,E92000001,England,E12000002,North West,,,,CLA on 31 March,Mid-year moves,Total children,10280,100
2022,Reporting year,Regional,E92000001,England,E12000002,North West,,,,CLA on 31 March,Mid-year moves,With one or more mid-year moves during the year,560,5
2022,Reporting year,Regional,E92000001,England,E12000003,Yorkshire and The Humber,,,,CLA 2 years on 31 March,Any moves,Total children,5140,100
2022,Reporting year,Regional,E92000001,England,E12000003,Yorkshire and The Humber,,,,CLA 2 years on 31 March,Any moves,With one or more moves during the previous 2 years,1050,20
2022,Reporting year,Regional,E92000001,England,E12000003,Yorkshire and The Humber,,,,CLA 2 years on 31 March,Mid-year moves,Total children,5140,100
2022,Reporting year,Regional,E92000001,England,E12000003,Yorkshire and The Humber,,,,CLA 2 years on 31 March,Mid-year moves,With one or more mid-year moves during the previous 2 years,690,13
2022,Reporting year,Regional,E92000001,England,E12000003,Yorkshire and The Humber,,,,CLA on 31 March,Any moves,Total children,6260,100
2022,Reporting year,Regional,E92000001,England,E12000003,Yorkshire and The Humber,,,,CLA on 31 March,Any moves,With one or more moves during the year,710,11
2022,Reporting year,Regional,E92000001,England,E12000003,Yorkshire and The Humber,,,,CLA on 31 March,Mid-year moves,Total children,6260,100
2022,Reporting year,Regional,E92000001,England,E12000003,Yorkshire and The Humber,,,,CLA on 31 March,Mid-year moves,With one or more mid-year moves during the year,490,8
2022,Reporting year,Regional,E92000001,England,E12000004,East Midlands,,,,CLA 2 years on 31 March,Any moves,Total children,3430,100
2022,Reporting year,Regional,E92000001,England,E12000004,East Midlands,,,,CLA 2 years on 31 March,Any moves,With one or more moves during the previous 2 years,800,23
2022,Reporting year,Regional,E92000001,England,E12000004,East Midlands,,,,CLA 2 years on 31 March,Mid-year moves,Total children,3430,100
2022,Reporting year,Regional,E92000001,England,E12000004,East Midlands,,,,CLA 2 years on 31 March,Mid-year moves,With one or more mid-year moves during the previous 2 years,520,15
2022,Reporting year,Regional,E92000001,England,E12000004,East Midlands,,,,CLA on 31 March,Any moves,Total children,4200,100
2022,Reporting year,Regional,E92000001,England,E12000004,East Midlands,,,,CLA on 31 March,Any moves,With one or more moves during the year,520,12
2022,Reporting year,Regional,E92000001,England,E12000004,East Midlands,,,,CLA on 31 March,Mid-year moves,Total children,4200,100
2022,Reporting year,Regional,E92000001,England,E12000004,East Midlands,,,,CLA on 31 March,Mid-year moves,With one or more mid-year moves during the year,360,9
2022,Reporting year,Regional,E92000001,England,E12000005,West Midlands,,,,CLA 2 years on 31 March,Any moves,Total children,6370,100
2022,Reporting year,Regional,E92000001,England,E12000005,West Midlands,,,,CLA 2 years on 31 March,Any moves,With one or more moves during the previous 2 years,1090,17
2022,Reporting year,Regional,E92000001,England,E12000005,West Midlands,,,,CLA 2 years on 31 March,Mid-year moves,Total children,6370,100
2022,Reporting year,Regional,E92000001,England,E12000005,West Midlands,,,,CLA 2 years on 31 March,Mid-year moves,With one or more mid-year moves during the previous 2 years,710,11
2022,Reporting year,Regional,E92000001,England,E12000005,West Midlands,,,,CLA on 31 March,Any moves,Total children,7490,100
2022,Reporting year,Regional,E92000001,England,E12000005,West Midlands,,,,CLA on 31 March,Any moves,With one or more moves during the year,790,10
2022,Reporting year,Regional,E92000001,England,E12000005,West Midlands,,,,CLA on 31 March,Mid-year moves,Total children,7490,100
2022,Reporting year,Regional,E92000001,England,E12000005,West Midlands,,,,CLA on 31 March,Mid-year moves,With one or more mid-year moves during the year,550,7
2022,Reporting year,Regional,E92000001,England,E12000006,East of England,,,,CLA 2 years on 31 March,Any moves,Total children,3560,100
2022,Reporting year,Regional,E92000001,England,E12000006,East of England,,,,CLA 2 years on 31 March,Any moves,With one or more moves during the previous 2 years,860,24
2022,Reporting year,Regional,E92000001,England,E12000006,East of England,,,,CLA 2 years on 31 March,Mid-year moves,Total children,3560,100
2022,Reporting year,Regional,E92000001,England,E12000006,East of England,,,,CLA 2 years on 31 March,Mid-year moves,With one or more mid-year moves during the previous 2 years,600,17
2022,Reporting year,Regional,E92000001,England,E12000006,East of England,,,,CLA on 31 March,Any moves,Total children,4270,100
2022,Reporting year,Regional,E92000001,England,E12000006,East of England,,,,CLA on 31 March,Any moves,With one or more moves during the year,590,14
2022,Reporting year,Regional,E92000001,England,E12000006,East of England,,,,CLA on 31 March,Mid-year moves,Total children,4270,100
2022,Reporting year,Regional,E92000001,England,E12000006,East of England,,,,CLA on 31 March,Mid-year moves,With one or more mid-year moves during the year,430,10
2022,Reporting year,Regional,E92000001,England,E12000007,London,,,,CLA 2 years on 31 March,Any moves,Total children,4290,100
2022,Reporting year,Regional,E92000001,England,E12000007,London,,,,CLA 2 years on 31 March,Any moves,With one or more moves during the previous 2 years,860,20
2022,Reporting year,Regional,E92000001,England,E12000007,London,,,,CLA 2 years on 31 March,Mid-year moves,Total children,4290,100
2022,Reporting year,Regional,E92000001,England,E12000007,London,,,,CLA 2 years on 31 March,Mid-year moves,With one or more mid-year moves during the previous 2 years,560,13
2022,Reporting year,Regional,E92000001,England,E12000007,London,,,,CLA on 31 March,Any moves,Total children,5650,100
2022,Reporting year,Regional,E92000001,England,E12000007,London,,,,CLA on 31 March,Any moves,With one or more moves during the year,590,11
2022,Reporting year,Regional,E92000001,England,E12000007,London,,,,CLA on 31 March,Mid-year moves,Total children,5650,100
2022,Reporting year,Regional,E92000001,England,E12000007,London,,,,CLA on 31 March,Mid-year moves,With one or more mid-year moves during the year,400,7
2022,Reporting year,Regional,E92000001,England,E12000008,South East,,,,CLA 2 years on 31 March,Any moves,Total children,5470,100
2022,Reporting year,Regional,E92000001,England,E12000008,South East,,,,CLA 2 years on 31 March,Any moves,With one or more moves during the previous 2 years,1150,21
2022,Reporting year,Regional,E92000001,England,E12000008,South East,,,,CLA 2 years on 31 March,Mid-year moves,Total children,5470,100
2022,Reporting year,Regional,E92000001,England,E12000008,South East,,,,CLA 2 years on 31 March,Mid-year moves,With one or more mid-year moves during the previous 2 years,760,14
2022,Reporting year,Regional,E92000001,England,E12000008,South East,,,,CLA on 31 March,Any moves,Total children,6750,100
2022,Reporting year,Regional,E92000001,England,E12000008,South East,,,,CLA on 31 March,Any moves,With one or more moves during the year,810,12
2022,Reporting year,Regional,E92000001,England,E12000008,South East,,,,CLA on 31 March,Mid-year moves,Total children,6750,100
2022,Reporting year,Regional,E92000001,England,E12000008,South East,,,,CLA on 31 March,Mid-year moves,With one or more mid-year moves during the year,560,8
2022,Reporting year,Regional,E92000001,England,E12000009,South West,,,,CLA 2 years on 31 March,Any moves,Total children,3410,100
2022,Reporting year,Regional,E92000001,England,E12000009,South West,,,,CLA 2 years on 31 March,Any moves,With one or more moves during the previous 2 years,790,23
2022,Reporting year,Regional,E92000001,England,E12000009,South West,,,,CLA 2 years on 31 March,Mid-year moves,Total children,3410,100
2022,Reporting year,Regional,E92000001,England,E12000009,South West,,,,CLA 2 years on 31 March,Mid-year moves,With one or more mid-year moves during the previous 2 years,540,16
2022,Reporting year,Regional,E92000001,England,E12000009,South West,,,,CLA on 31 March,Any moves,Total children,4270,100
2022,Reporting year,Regional,E92000001,England,E12000009,South West,,,,CLA on 31 March,Any moves,With one or more moves during the year,580,13
2022,Reporting year,Regional,E92000001,England,E12000009,South West,,,,CLA on 31 March,Mid-year moves,Total children,4270,100
2022,Reporting year,Regional,E92000001,England,E12000009,South West,,,,CLA on 31 March,Mid-year moves,With one or more mid-year moves during the year,400,9
2022,Reporting year,Regional,E92000001,England,E13000001,Inner London,,,,CLA 2 years on 31 March,Any moves,Total children,1820,100
2022,Reporting year,Regional,E92000001,England,E13000001,Inner London,,,,CLA 2 years on 31 March,Any moves,With one or more moves during the previous 2 years,380,21
2022,Reporting year,Regional,E92000001,England,E13000001,Inner London,,,,CLA 2 years on 31 March,Mid-year moves,Total children,1820,100
2022,Reporting year,Regional,E92000001,England,E13000001,Inner London,,,,CLA 2 years on 31 March,Mid-year moves,With one or more mid-year moves during the previous 2 years,250,14
2022,Reporting year,Regional,E92000001,England,E13000001,Inner London,,,,CLA on 31 March,Any moves,Total children,2370,100
2022,Reporting year,Regional,E92000001,England,E13000001,Inner London,,,,CLA on 31 March,Any moves,With one or more moves during the year,250,10
2022,Reporting year,Regional,E92000001,England,E13000001,Inner London,,,,CLA on 31 March,Mid-year moves,Total children,2370,100
2022,Reporting year,Regional,E92000001,England,E13000001,Inner London,,,,CLA on 31 March,Mid-year moves,With one or more mid-year moves during the year,160,7
2022,Reporting year,Regional,E92000001,England,E13000002,Outer London,,,,CLA 2 years on 31 March,Any moves,Total children,2470,100
2022,Reporting year,Regional,E92000001,England,E13000002,Outer London,,,,CLA 2 years on 31 March,Any moves,With one or more moves during the previous 2 years,480,20
2022,Reporting year,Regional,E92000001,England,E13000002,Outer London,,,,CLA 2 years on 31 March,Mid-year moves,Total children,2470,100
2022,Reporting year,Regional,E92000001,England,E13000002,Outer London,,,,CLA 2 years on 31 March,Mid-year moves,With one or more mid-year moves during the previous 2 years,310,12
2022,Reporting year,Regional,E92000001,England,E13000002,Outer London,,,,CLA on 31 March,Any moves,Total children,3280,100
2022,Reporting year,Regional,E92000001,England,E13000002,Outer London,,,,CLA on 31 March,Any moves,With one or more moves during the year,350,11
2022,Reporting year,Regional,E92000001,England,E13000002,Outer London,,,,CLA on 31 March,Mid-year moves,Total children,3280,100
2022,Reporting year,Regional,E92000001,England,E13000002,Outer London,,,,CLA on 31 March,Mid-year moves,With one or more mid-year moves during the year,240,7
2022,Reporting year,Local authority,E92000001,England,E12000001,North East,805,Hartlepool,E06000001,CLA 2 years on 31 March,Any moves,Total children,203,100
2022,Reporting year,Local authority,E92000001,England,E12000001,North East,805,Hartlepool,E06000001,CLA 2 years on 31 March,Any moves,With one or more moves during the previous 2 years,36,18
2022,Reporting year,Local authority,E92000001,England,E12000001,North East,805,Hartlepool,E06000001,CLA 2 years on 31 March,Mid-year moves,Total children,203,100
2022,Reporting year,Local authority,E92000001,England,E12000001,North East,805,Hartlepool,E06000001,CLA 2 years on 31 March,Mid-year moves,With one or more mid-year moves during the previous 2 years,22,11
2022,Reporting year,Local authority,E92000001,England,E12000001,North East,805,Hartlepool,E06000001,CLA on 31 March,Any moves,Total children,218,100
2022,Reporting year,Local authority,E92000001,England,E12000001,North East,805,Hartlepool,E06000001,CLA on 31 March,Any moves,With one or more moves during the year,20,9
2022,Reporting year,Local authority,E92000001,England,E12000001,North East,805,Hartlepool,E06000001,CLA on 31 March,Mid-year moves,Total children,218,100
2022,Reporting year,Local authority,E92000001,England,E12000001,North East,805,Hartlepool,E06000001,CLA on 31 March,Mid-year moves,With one or more mid-year moves during the year,9,4
2022,Reporting year,Local authority,E92000001,England,E12000001,North East,806,Middlesbrough,E06000002,CLA 2 years on 31 March,Any moves,Total children,287,100
2022,Reporting year,Local authority,E92000001,England,E12000001,North East,806,Middlesbrough,E06000002,CLA 2 years on 31 March,Any moves,With one or more moves during the previous 2 years,46,16
2022,Reporting year,Local authority,E92000001,England,E12000001,North East,806,Middlesbrough,E06000002,CLA 2 years on 31 March,Mid-year moves,Total children,287,100
2022,Reporting year,Local authority,E92000001,England,E12000001,North East,806,Middlesbrough,E06000002,CLA 2 years on 31 March,Mid-year moves,With one or more mid-year moves during the previous 2 years,30,10
2022,Reporting year,Local authority,E92000001,England,E12000001,North East,806,Middlesbrough,E06000002,CLA on 31 March,Any moves,Total children,344,100
2022,Reporting year,Local authority,E92000001,England,E12000001,North East,806,Middlesbrough,E06000002,CLA on 31 March,Any moves,With one or more moves during the year,33,10
2022,Reporting year,Local authority,E92000001,England,E12000001,North East,806,Middlesbrough,E06000002,CLA on 31 March,Mid-year moves,Total children,344,100
2022,Reporting year,Local authority,E92000001,England,E12000001,North East,806,Middlesbrough,E06000002,CLA on 31 March,Mid-year moves,With one or more mid-year moves during the year,21,6
2022,Reporting year,Local authority,E92000001,England,E12000001,North East,807,Redcar and Cleveland,E06000003,CLA 2 years on 31 March,Any moves,Total children,181,100
2022,Reporting year,Local authority,E92000001,England,E12000001,North East,807,Redcar and Cleveland,E06000003,CLA 2 years on 31 March,Any moves,With one or more moves during the previous 2 years,33,18
2022,Reporting year,Local authority,E92000001,England,E12000001,North East,807,Redcar and Cleveland,E06000003,CLA 2 years on 31 March,Mid-year moves,Total children,181,100
2022,Reporting year,Local authority,E92000001,England,E12000001,North East,807,Redcar and Cleveland,E06000003,CLA 2 years on 31 March,Mid-year moves,With one or more mid-year moves during the previous 2 years,13,7
2022,Reporting year,Local authority,E92000001,England,E12000001,North East,807,Redcar and Cleveland,E06000003,CLA on 31 March,Any moves,Total children,226,100
2022,Reporting year,Local authority,E92000001,England,E12000001,North East,807,Redcar and Cleveland,E06000003,CLA on 31 March,Any moves,With one or more moves during the year,20,9
2022,Reporting year,Local authority,E92000001,England,E12000001,North East,807,Redcar and Cleveland,E06000003,CLA on 31 March,Mid-year moves,Total children,226,100
2022,Reporting year,Local authority,E92000001,England,E12000001,North East,807,Redcar and Cleveland,E06000003,CLA on 31 March,Mid-year moves,With one or more mid-year moves during the year,8,4
2022,Reporting year,Local authority,E92000001,England,E12000001,North East,808,Stockton-on-Tees,E06000004,CLA 2 years on 31 March,Any moves,Total children,346,100
2022,Reporting year,Local authority,E92000001,England,E12000001,North East,808,Stockton-on-Tees,E06000004,CLA 2 years on 31 March,Any moves,With one or more moves during the previous 2 years,49,14
2022,Reporting year,Local authority,E92000001,England,E12000001,North East,808,Stockton-on-Tees,E06000004,CLA 2 years on 31 March,Mid-year moves,Total children,346,100
2022,Reporting year,Local authority,E92000001,England,E12000001,North East,808,Stockton-on-Tees,E06000004,CLA 2 years on 31 March,Mid-year moves,With one or more mid-year moves during the previous 2 years,28,8
2022,Reporting year,Local authority,E92000001,England,E12000001,North East,808,Stockton-on-Tees,E06000004,CLA on 31 March,Any moves,Total children,399,100
2022,Reporting year,Local authority,E92000001,England,E12000001,North East,808,Stockton-on-Tees,E06000004,CLA on 31 March,Any moves,With one or more moves during the year,31,8
2022,Reporting year,Local authority,E92000001,England,E12000001,North East,808,Stockton-on-Tees,E06000004,CLA on 31 March,Mid-year moves,Total children,399,100
2022,Reporting year,Local authority,E92000001,England,E12000001,North East,808,Stockton-on-Tees,E06000004,CLA on 31 March,Mid-year moves,With one or more mid-year moves during the year,20,5
2022,Reporting year,Local authority,E92000001,England,E12000001,North East,841,Darlington,E06000005,CLA 2 years on 31 March,Any moves,Total children,139,100
2022,Reporting year,Local authority,E92000001,England,E12000001,North East,841,Darlington,E06000005,CLA 2 years on 31 March,Any moves,With one or more moves during the previous 2 years,24,17
2022,Reporting year,Local authority,E92000001,England,E12000001,North East,841,Darlington,E06000005,CLA 2 years on 31 March,Mid-year moves,Total children,139,100
2022,Reporting year,Local authority,E92000001,England,E12000001,North East,841,Darlington,E06000005,CLA 2 years on 31 March,Mid-year moves,With one or more mid-year moves during the previous 2 years,14,10
2022,Reporting year,Local authority,E92000001,England,E12000001,North East,841,Darlington,E06000005,CLA on 31 March,Any moves,Total children,173,100
2022,Reporting year,Local authority,E92000001,England,E12000001,North East,841,Darlington,E06000005,CLA on 31 March,Any moves,With one or more moves during the year,10,6
2022,Reporting year,Local authority,E92000001,England,E12000001,North East,841,Darlington,E06000005,CLA on 31 March,Mid-year moves,Total children,173,100
2022,Reporting year,Local authority,E92000001,England,E12000001,North East,841,Darlington,E06000005,CLA on 31 March,Mid-year moves,With one or more mid-year moves during the year,c,c
2022,Reporting year,Local authority,E92000001,England,E12000001,North East,840,County Durham,E06000047,CLA 2 years on 31 March,Any moves,Total children,536,100
2022,Reporting year,Local authority,E92000001,England,E12000001,North East,840,County Durham,E06000047,CLA 2 years on 31 March,Any moves,With one or more moves during the previous 2 years,94,18
2022,Reporting year,Local authority,E92000001,England,E12000001,North East,840,County Durham,E06000047,CLA 2 years on 31 March,Mid-year moves,Total children,536,100
2022,Reporting year,Local authority,E92000001,England,E12000001,North East,840,County Durham,E06000047,CLA 2 years on 31 March,Mid-year moves,With one or more mid-year moves during the previous 2 years,61,11
2022,Reporting year,Local authority,E92000001,England,E12000001,North East,840,County Durham,E06000047,CLA on 31 March,Any moves,Total children,664,100
2022,Reporting year,Local authority,E92000001,England,E12000001,North East,840,County Durham,E06000047,CLA on 31 March,Any moves,With one or more moves during the year,59,9
2022,Reporting year,Local authority,E92000001,England,E12000001,North East,840,County Durham,E06000047,CLA on 31 March,Mid-year moves,Total children,664,100
2022,Reporting year,Local authority,E92000001,England,E12000001,North East,840,County Durham,E06000047,CLA on 31 March,Mid-year moves,With one or more mid-year moves during the year,39,6
2022,Reporting year,Local authority,E92000001,England,E12000001,North East,929,Northumberland,E06000057,CLA 2 years on 31 March,Any moves,Total children,223,100
2022,Reporting year,Local authority,E92000001,England,E12000001,North East,929,Northumberland,E06000057,CLA 2 years on 31 March,Any moves,With one or more moves during the previous 2 years,45,20
2022,Reporting year,Local authority,E92000001,England,E12000001,North East,929,Northumberland,E06000057,CLA 2 years on 31 March,Mid-year moves,Total children,223,100
2022,Reporting year,Local authority,E92000001,England,E12000001,North East,929,Northumberland,E06000057,CLA 2 years on 31 March,Mid-year moves,With one or more mid-year moves during the previous 2 years,29,13
2022,Reporting year,Local authority,E92000001,England,E12000001,North East,929,Northumberland,E06000057,CLA on 31 March,Any moves,Total children,273,100
2022,Reporting year,Local authority,E92000001,England,E12000001,North East,929,Northumberland,E06000057,CLA on 31 March,Any moves,With one or more moves during the year,31,11
2022,Reporting year,Local authority,E92000001,England,E12000001,North East,929,Northumberland,E06000057,CLA on 31 March,Mid-year moves,Total children,273,100
2022,Reporting year,Local authority,E92000001,England,E12000001,North East,929,Northumberland,E06000057,CLA on 31 March,Mid-year moves,With one or more mid-year moves during the year,18,7
2022,Reporting year,Local authority,E92000001,England,E12000001,North East,391,Newcastle upon Tyne,E08000021,CLA 2 years on 31 March,Any moves,Total children,399,100
2022,Reporting year,Local authority,E92000001,England,E12000001,North East,391,Newcastle upon Tyne,E08000021,CLA 2 years on 31 March,Any moves,With one or more moves during the previous 2 years,89,22
2022,Reporting year,Local authority,E92000001,England,E12000001,North East,391,Newcastle upon Tyne,E08000021,CLA 2 years on 31 March,Mid-year moves,Total children,399,100
2022,Reporting year,Local authority,E92000001,England,E12000001,North East,391,Newcastle upon Tyne,E08000021,CLA 2 years on 31 March,Mid-year moves,With one or more mid-year moves during the previous 2 years,58,15
2022,Reporting year,Local authority,E92000001,England,E12000001,North East,391,Newcastle upon Tyne,E08000021,CLA on 31 March,Any moves,Total children,471,100
2022,Reporting year,Local authority,E92000001,England,E12000001,North East,391,Newcastle upon Tyne,E08000021,CLA on 31 March,Any moves,With one or more moves during the year,40,8
2022,Reporting year,Local authority,E92000001,England,E12000001,North East,391,Newcastle upon Tyne,E08000021,CLA on 31 March,Mid-year moves,Total children,471,100
2022,Reporting year,Local authority,E92000001,England,E12000001,North East,391,Newcastle upon Tyne,E08000021,CLA on 31 March,Mid-year moves,With one or more mid-year moves during the year,26,6
2022,Reporting year,Local authority,E92000001,England,E12000001,North East,392,North Tyneside,E08000022,CLA 2 years on 31 March,Any moves,Total children,167,100
2022,Reporting year,Local authority,E92000001,England,E12000001,North East,392,North Tyneside,E08000022,CLA 2 years on 31 March,Any moves,With one or more moves during the previous 2 years,28,17
2022,Reporting year,Local authority,E92000001,England,E12000001,North East,392,North Tyneside,E08000022,CLA 2 years on 31 March,Mid-year moves,Total children,167,100
2022,Reporting year,Local authority,E92000001,England,E12000001,North East,392,North Tyneside,E08000022,CLA 2 years on 31 March,Mid-year moves,With one or more mid-year moves during the previous 2 years,20,12
2022,Reporting year,Local authority,E92000001,England,E12000001,North East,392,North Tyneside,E08000022,CLA on 31 March,Any moves,Total children,228,100
2022,Reporting year,Local authority,E92000001,England,E12000001,North East,392,North Tyneside,E08000022,CLA on 31 March,Any moves,With one or more moves during the year,15,7
2022,Reporting year,Local authority,E92000001,England,E12000001,North East,392,North Tyneside,E08000022,CLA on 31 March,Mid-year moves,Total children,228,100
2022,Reporting year,Local authority,E92000001,England,E12000001,North East,392,North Tyneside,E08000022,CLA on 31 March,Mid-year moves,With one or more mid-year moves during the year,9,4
2022,Reporting year,Local authority,E92000001,England,E12000001,North East,393,South Tyneside,E08000023,CLA 2 years on 31 March,Any moves,Total children,164,100
2022,Reporting year,Local authority,E92000001,England,E12000001,North East,393,South Tyneside,E08000023,CLA 2 years on 31 March,Any moves,With one or more moves during the previous 2 years,27,16
2022,Reporting year,Local authority,E92000001,England,E12000001,North East,393,South Tyneside,E08000023,CLA 2 years on 31 March,Mid-year moves,Total children,164,100
2022,Reporting year,Local authority,E92000001,England,E12000001,North East,393,South Tyneside,E08000023,CLA 2 years on 31 March,Mid-year moves,With one or more mid-year moves during the previous 2 years,14,9
2022,Reporting year,Local authority,E92000001,England,E12000001,North East,393,South Tyneside,E08000023,CLA on 31 March,Any moves,Total children,193,100
2022,Reporting year,Local authority,E92000001,England,E12000001,North East,393,South Tyneside,E08000023,CLA on 31 March,Any moves,With one or more moves during the year,19,10
2022,Reporting year,Local authority,E92000001,England,E12000001,North East,393,South Tyneside,E08000023,CLA on 31 March,Mid-year moves,Total children,193,100
2022,Reporting year,Local authority,E92000001,England,E12000001,North East,393,South Tyneside,E08000023,CLA on 31 March,Mid-year moves,With one or more mid-year moves during the year,9,5
2022,Reporting year,Local authority,E92000001,England,E12000001,North East,394,Sunderland,E08000024,CLA 2 years on 31 March,Any moves,Total children,313,100
2022,Reporting year,Local authority,E92000001,England,E12000001,North East,394,Sunderland,E08000024,CLA 2 years on 31 March,Any moves,With one or more moves during the previous 2 years,74,24
2022,Reporting year,Local authority,E92000001,England,E12000001,North East,394,Sunderland,E08000024,CLA 2 years on 31 March,Mid-year moves,Total children,313,100
2022,Reporting year,Local authority,E92000001,England,E12000001,North East,394,Sunderland,E08000024,CLA 2 years on 31 March,Mid-year moves,With one or more mid-year moves during the previous 2 years,45,14
2022,Reporting year,Local authority,E92000001,England,E12000001,North East,394,Sunderland,E08000024,CLA on 31 March,Any moves,Total children,386,100
2022,Reporting year,Local authority,E92000001,England,E12000001,North East,394,Sunderland,E08000024,CLA on 31 March,Any moves,With one or more moves during the year,60,16
2022,Reporting year,Local authority,E92000001,England,E12000001,North East,394,Sunderland,E08000024,CLA on 31 March,Mid-year moves,Total children,386,100
2022,Reporting year,Local authority,E92000001,England,E12000001,North East,394,Sunderland,E08000024,CLA on 31 March,Mid-year moves,With one or more mid-year moves during the year,43,11
2022,Reporting year,Local authority,E92000001,England,E12000001,North East,390,Gateshead,E08000037,CLA 2 years on 31 March,Any moves,Total children,272,100
2022,Reporting year,Local authority,E92000001,England,E12000001,North East,390,Gateshead,E08000037,CLA 2 years on 31 March,Any moves,With one or more moves during the previous 2 years,46,17
2022,Reporting year,Local authority,E92000001,England,E12000001,North East,390,Gateshead,E08000037,CLA 2 years on 31 March,Mid-year moves,Total children,272,100
2022,Reporting year,Local authority,E92000001,England,E12000001,North East,390,Gateshead,E08000037,CLA 2 years on 31 March,Mid-year moves,With one or more mid-year moves during the previous 2 years,26,10
2022,Reporting year,Local authority,E92000001,England,E12000001,North East,390,Gateshead,E08000037,CLA on 31 March,Any moves,Total children,347,100
2022,Reporting year,Local authority,E92000001,England,E12000001,North East,390,Gateshead,E08000037,CLA on 31 March,Any moves,With one or more moves during the year,33,10
2022,Reporting year,Local authority,E92000001,England,E12000001,North East,390,Gateshead,E08000037,CLA on 31 March,Mid-year moves,Total children,347,100
2022,Reporting year,Local authority,E92000001,England,E12000001,North East,390,Gateshead,E08000037,CLA on 31 March,Mid-year moves,With one or more mid-year moves during the year,22,6
2022,Reporting year,Local authority,E92000001,England,E12000002,North West,876,Halton,E06000006,CLA 2 years on 31 March,Any moves,Total children,162,100
2022,Reporting year,Local authority,E92000001,England,E12000002,North West,876,Halton,E06000006,CLA 2 years on 31 March,Any moves,With one or more moves during the previous 2 years,22,14
2022,Reporting year,Local authority,E92000001,England,E12000002,North West,876,Halton,E06000006,CLA 2 years on 31 March,Mid-year moves,Total children,162,100
2022,Reporting year,Local authority,E92000001,England,E12000002,North West,876,Halton,E06000006,CLA 2 years on 31 March,Mid-year moves,With one or more mid-year moves during the previous 2 years,13,8
2022,Reporting year,Local authority,E92000001,England,E12000002,North West,876,Halton,E06000006,CLA on 31 March,Any moves,Total children,213,100
2022,Reporting year,Local authority,E92000001,England,E12000002,North West,876,Halton,E06000006,CLA on 31 March,Any moves,With one or more moves during the year,21,10
2022,Reporting year,Local authority,E92000001,England,E12000002,North West,876,Halton,E06000006,CLA on 31 March,Mid-year moves,Total children,213,100
2022,Reporting year,Local authority,E92000001,England,E12000002,North West,876,Halton,E06000006,CLA on 31 March,Mid-year moves,With one or more mid-year moves during the year,13,6
2022,Reporting year,Local authority,E92000001,England,E12000002,North West,877,Warrington,E06000007,CLA 2 years on 31 March,Any moves,Total children,188,100
2022,Reporting year,Local authority,E92000001,England,E12000002,North West,877,Warrington,E06000007,CLA 2 years on 31 March,Any moves,With one or more moves during the previous 2 years,26,14
2022,Reporting year,Local authority,E92000001,England,E12000002,North West,877,Warrington,E06000007,CLA 2 years on 31 March,Mid-year moves,Total children,188,100
2022,Reporting year,Local authority,E92000001,England,E12000002,North West,877,Warrington,E06000007,CLA 2 years on 31 March,Mid-year moves,With one or more mid-year moves during the previous 2 years,14,7
2022,Reporting year,Local authority,E92000001,England,E12000002,North West,877,Warrington,E06000007,CLA on 31 March,Any moves,Total children,222,100
2022,Reporting year,Local authority,E92000001,England,E12000002,North West,877,Warrington,E06000007,CLA on 31 March,Any moves,With one or more moves during the year,17,8
2022,Reporting year,Local authority,E92000001,England,E12000002,North West,877,Warrington,E06000007,CLA on 31 March,Mid-year moves,Total children,222,100
2022,Reporting year,Local authority,E92000001,England,E12000002,North West,877,Warrington,E06000007,CLA on 31 March,Mid-year moves,With one or more mid-year moves during the year,10,5
2022,Reporting year,Local authority,E92000001,England,E12000002,North West,889,Blackburn with Darwen,E06000008,CLA 2 years on 31 March,Any moves,Total children,217,100
2022,Reporting year,Local authority,E92000001,England,E12000002,North West,889,Blackburn with Darwen,E06000008,CLA 2 years on 31 March,Any moves,With one or more moves during the previous 2 years,30,14
2022,Reporting year,Local authority,E92000001,England,E12000002,North West,889,Blackburn with Darwen,E06000008,CLA 2 years on 31 March,Mid-year moves,Total children,217,100
2022,Reporting year,Local authority,E92000001,England,E12000002,North West,889,Blackburn with Darwen,E06000008,CLA 2 years on 31 March,Mid-year moves,With one or more mid-year moves during the previous 2 years,17,8
2022,Reporting year,Local authority,E92000001,England,E12000002,North West,889,Blackburn with Darwen,E06000008,CLA on 31 March,Any moves,Total children,260,100
2022,Reporting year,Local authority,E92000001,England,E12000002,North West,889,Blackburn with Darwen,E06000008,CLA on 31 March,Any moves,With one or more moves during the year,17,7
2022,Reporting year,Local authority,E92000001,England,E12000002,North West,889,Blackburn with Darwen,E06000008,CLA on 31 March,Mid-year moves,Total children,260,100
2022,Reporting year,Local authority,E92000001,England,E12000002,North West,889,Blackburn with Darwen,E06000008,CLA on 31 March,Mid-year moves,With one or more mid-year moves during the year,10,4
2022,Reporting year,Local authority,E92000001,England,E12000002,North West,890,Blackpool,E06000009,CLA 2 years on 31 March,Any moves,Total children,326,100
2022,Reporting year,Local authority,E92000001,England,E12000002,North West,890,Blackpool,E06000009,CLA 2 years on 31 March,Any moves,With one or more moves during the previous 2 years,59,18
2022,Reporting year,Local authority,E92000001,England,E12000002,North West,890,Blackpool,E06000009,CLA 2 years on 31 March,Mid-year moves,Total children,326,100
2022,Reporting year,Local authority,E92000001,England,E12000002,North West,890,Blackpool,E06000009,CLA 2 years on 31 March,Mid-year moves,With one or more mid-year moves during the previous 2 years,39,12
2022,Reporting year,Local authority,E92000001,England,E12000002,North West,890,Blackpool,E06000009,CLA on 31 March,Any moves,Total children,385,100
2022,Reporting year,Local authority,E92000001,England,E12000002,North West,890,Blackpool,E06000009,CLA on 31 March,Any moves,With one or more moves during the year,36,9
2022,Reporting year,Local authority,E92000001,England,E12000002,North West,890,Blackpool,E06000009,CLA on 31 March,Mid-year moves,Total children,385,100
2022,Reporting year,Local authority,E92000001,England,E12000002,North West,890,Blackpool,E06000009,CLA on 31 March,Mid-year moves,With one or more mid-year moves during the year,29,8
2022,Reporting year,Local authority,E92000001,England,E12000002,North West,895,Cheshire East,E06000049,CLA 2 years on 31 March,Any moves,Total children,291,100
2022,Reporting year,Local authority,E92000001,England,E12000002,North West,895,Cheshire East,E06000049,CLA 2 years on 31 March,Any moves,With one or more moves during the previous 2 years,42,14
2022,Reporting year,Local authority,E92000001,England,E12000002,North West,895,Cheshire East,E06000049,CLA 2 years on 31 March,Mid-year moves,Total children,291,100
2022,Reporting year,Local authority,E92000001,England,E12000002,North West,895,Cheshire East,E06000049,CLA 2 years on 31 March,Mid-year moves,With one or more mid-year moves during the previous 2 years,28,10
2022,Reporting year,Local authority,E92000001,England,E12000002,North West,895,Cheshire East,E06000049,CLA on 31 March,Any moves,Total children,342,100
2022,Reporting year,Local authority,E92000001,England,E12000002,North West,895,Cheshire East,E06000049,CLA on 31 March,Any moves,With one or more moves during the year,22,6
2022,Reporting year,Local authority,E92000001,England,E12000002,North West,895,Cheshire East,E06000049,CLA on 31 March,Mid-year moves,Total children,342,100
2022,Reporting year,Local authority,E92000001,England,E12000002,North West,895,Cheshire East,E06000049,CLA on 31 March,Mid-year moves,With one or more mid-year moves during the year,13,4
2022,Reporting year,Local authority,E92000001,England,E12000002,North West,896,Cheshire West and Chester,E06000050,CLA 2 years on 31 March,Any moves,Total children,293,100
2022,Reporting year,Local authority,E92000001,England,E12000002,North West,896,Cheshire West and Chester,E06000050,CLA 2 years on 31 March,Any moves,With one or more moves during the previous 2 years,43,15
2022,Reporting year,Local authority,E92000001,England,E12000002,North West,896,Cheshire West and Chester,E06000050,CLA 2 years on 31 March,Mid-year moves,Total children,293,100
2022,Reporting year,Local authority,E92000001,England,E12000002,North West,896,Cheshire West and Chester,E06000050,CLA 2 years on 31 March,Mid-year moves,With one or more mid-year moves during the previous 2 years,26,9
2022,Reporting year,Local authority,E92000001,England,E12000002,North West,896,Cheshire West and Chester,E06000050,CLA on 31 March,Any moves,Total children,364,100
2022,Reporting year,Local authority,E92000001,England,E12000002,North West,896,Cheshire West and Chester,E06000050,CLA on 31 March,Any moves,With one or more moves during the year,29,8
2022,Reporting year,Local authority,E92000001,England,E12000002,North West,896,Cheshire West and Chester,E06000050,CLA on 31 March,Mid-year moves,Total children,364,100
2022,Reporting year,Local authority,E92000001,England,E12000002,North West,896,Cheshire West and Chester,E06000050,CLA on 31 March,Mid-year moves,With one or more mid-year moves during the year,20,5
2022,Reporting year,Local authority,E92000001,England,E12000002,North West,942,Cumberland,E06000063,CLA 2 years on 31 March,Any moves,Total children,z,z
2022,Reporting year,Local authority,E92000001,England,E12000002,North West,942,Cumberland,E06000063,CLA 2 years on 31 March,Any moves,With one or more moves during the previous 2 years,z,z
2022,Reporting year,Local authority,E92000001,England,E12000002,North West,942,Cumberland,E06000063,CLA 2 years on 31 March,Mid-year moves,Total children,z,z
2022,Reporting year,Local authority,E92000001,England,E12000002,North West,942,Cumberland,E06000063,CLA 2 years on 31 March,Mid-year moves,With one or more mid-year moves during the previous 2 years,z,z
2022,Reporting year,Local authority,E92000001,England,E12000002,North West,942,Cumberland,E06000063,CLA on 31 March,Any moves,Total children,z,z
2022,Reporting year,Local authority,E92000001,England,E12000002,North West,942,Cumberland,E06000063,CLA on 31 March,Any moves,With one or more moves during the year,z,z
2022,Reporting year,Local authority,E92000001,England,E12000002,North West,942,Cumberland,E06000063,CLA on 31 March,Mid-year moves,Total children,z,z
2022,Reporting year,Local authority,E92000001,England,E12000002,North West,942,Cumberland,E06000063,CLA on 31 March,Mid-year moves,With one or more mid-year moves during the year,z,z
2022,Reporting year,Local authority,E92000001,England,E12000002,North West,943,Westmorland and Furness,E06000064,CLA 2 years on 31 March,Any moves,Total children,z,z
2022,Reporting year,Local authority,E92000001,England,E12000002,North West,943,Westmorland and Furness,E06000064,CLA 2 years on 31 March,Any moves,With one or more moves during the previous 2 years,z,z
2022,Reporting year,Local authority,E92000001,England,E12000002,North West,943,Westmorland and Furness,E06000064,CLA 2 years on 31 March,Mid-year moves,Total children,z,z
2022,Reporting year,Local authority,E92000001,England,E12000002,North West,943,Westmorland and Furness,E06000064,CLA 2 years on 31 March,Mid-year moves,With one or more mid-year moves during the previous 2 years,z,z
2022,Reporting year,Local authority,E92000001,England,E12000002,North West,943,Westmorland and Furness,E06000064,CLA on 31 March,Any moves,Total children,z,z
2022,Reporting year,Local authority,E92000001,England,E12000002,North West,943,Westmorland and Furness,E06000064,CLA on 31 March,Any moves,With one or more moves during the year,z,z
2022,Reporting year,Local authority,E92000001,England,E12000002,North West,943,Westmorland and Furness,E06000064,CLA on 31 March,Mid-year moves,Total children,z,z
2022,Reporting year,Local authority,E92000001,England,E12000002,North West,943,Westmorland and Furness,E06000064,CLA on 31 March,Mid-year moves,With one or more mid-year moves during the year,z,z
2022,Reporting year,Local authority,E92000001,England,E12000002,North West,350,Bolton,E08000001,CLA 2 years on 31 March,Any moves,Total children,330,100
2022,Reporting year,Local authority,E92000001,England,E12000002,North West,350,Bolton,E08000001,CLA 2 years on 31 March,Any moves,With one or more moves during the previous 2 years,42,13
2022,Reporting year,Local authority,E92000001,England,E12000002,North West,350,Bolton,E08000001,CLA 2 years on 31 March,Mid-year moves,Total children,330,100
2022,Reporting year,Local authority,E92000001,England,E12000002,North West,350,Bolton,E08000001,CLA 2 years on 31 March,Mid-year moves,With one or more mid-year moves during the previous 2 years,26,8
2022,Reporting year,Local authority,E92000001,England,E12000002,North West,350,Bolton,E08000001,CLA on 31 March,Any moves,Total children,388,100
2022,Reporting year,Local authority,E92000001,England,E12000002,North West,350,Bolton,E08000001,CLA on 31 March,Any moves,With one or more moves during the year,28,7
2022,Reporting year,Local authority,E92000001,England,E12000002,North West,350,Bolton,E08000001,CLA on 31 March,Mid-year moves,Total children,388,100
2022,Reporting year,Local authority,E92000001,England,E12000002,North West,350,Bolton,E08000001,CLA on 31 March,Mid-year moves,With one or more mid-year moves during the year,23,6
2022,Reporting year,Local authority,E92000001,England,E12000002,North West,351,Bury,E08000002,CLA 2 years on 31 March,Any moves,Total children,193,100
2022,Reporting year,Local authority,E92000001,England,E12000002,North West,351,Bury,E08000002,CLA 2 years on 31 March,Any moves,With one or more moves during the previous 2 years,26,13
2022,Reporting year,Local authority,E92000001,England,E12000002,North West,351,Bury,E08000002,CLA 2 years on 31 March,Mid-year moves,Total children,193,100
2022,Reporting year,Local authority,E92000001,England,E12000002,North West,351,Bury,E08000002,CLA 2 years on 31 March,Mid-year moves,With one or more mid-year moves during the previous 2 years,16,8
2022,Reporting year,Local authority,E92000001,England,E12000002,North West,351,Bury,E08000002,CLA on 31 March,Any moves,Total children,240,100
2022,Reporting year,Local authority,E92000001,England,E12000002,North West,351,Bury,E08000002,CLA on 31 March,Any moves,With one or more moves during the year,17,7
2022,Reporting year,Local authority,E92000001,England,E12000002,North West,351,Bury,E08000002,CLA on 31 March,Mid-year moves,Total children,240,100
2022,Reporting year,Local authority,E92000001,England,E12000002,North West,351,Bury,E08000002,CLA on 31 March,Mid-year moves,With one or more mid-year moves during the year,10,4
2022,Reporting year,Local authority,E92000001,England,E12000002,North West,352,Manchester,E08000003,CLA 2 years on 31 March,Any moves,Total children,729,100
2022,Reporting year,Local authority,E92000001,England,E12000002,North West,352,Manchester,E08000003,CLA 2 years on 31 March,Any moves,With one or more moves during the previous 2 years,135,19
2022,Reporting year,Local authority,E92000001,England,E12000002,North West,352,Manchester,E08000003,CLA 2 years on 31 March,Mid-year moves,Total children,729,100
2022,Reporting year,Local authority,E92000001,England,E12000002,North West,352,Manchester,E08000003,CLA 2 years on 31 March,Mid-year moves,With one or more mid-year moves during the previous 2 years,66,9
2022,Reporting year,Local authority,E92000001,England,E12000002,North West,352,Manchester,E08000003,CLA on 31 March,Any moves,Total children,876,100
2022,Reporting year,Local authority,E92000001,England,E12000002,North West,352,Manchester,E08000003,CLA on 31 March,Any moves,With one or more moves during the year,97,11
2022,Reporting year,Local authority,E92000001,England,E12000002,North West,352,Manchester,E08000003,CLA on 31 March,Mid-year moves,Total children,876,100
2022,Reporting year,Local authority,E92000001,England,E12000002,North West,352,Manchester,E08000003,CLA on 31 March,Mid-year moves,With one or more mid-year moves during the year,46,5
2022,Reporting year,Local authority,E92000001,England,E12000002,North West,353,Oldham,E08000004,CLA 2 years on 31 March,Any moves,Total children,296,100
2022,Reporting year,Local authority,E92000001,England,E12000002,North West,353,Oldham,E08000004,CLA 2 years on 31 March,Any moves,With one or more moves during the previous 2 years,29,10
2022,Reporting year,Local authority,E92000001,England,E12000002,North West,353,Oldham,E08000004,CLA 2 years on 31 March,Mid-year moves,Total children,296,100
2022,Reporting year,Local authority,E92000001,England,E12000002,North West,353,Oldham,E08000004,CLA 2 years on 31 March,Mid-year moves,With one or more mid-year moves during the previous 2 years,21,7
2022,Reporting year,Local authority,E92000001,England,E12000002,North West,353,Oldham,E08000004,CLA on 31 March,Any moves,Total children,354,100
2022,Reporting year,Local authority,E92000001,England,E12000002,North West,353,Oldham,E08000004,CLA on 31 March,Any moves,With one or more moves during the year,22,6
2022,Reporting year,Local authority,E92000001,England,E12000002,North West,353,Oldham,E08000004,CLA on 31 March,Mid-year moves,Total children,354,100
2022,Reporting year,Local authority,E92000001,England,E12000002,North West,353,Oldham,E08000004,CLA on 31 March,Mid-year moves,With one or more mid-year moves during the year,18,5
2022,Reporting year,Local authority,E92000001,England,E12000002,North West,354,Rochdale,E08000005,CLA 2 years on 31 March,Any moves,Total children,330,100
2022,Reporting year,Local authority,E92000001,England,E12000002,North West,354,Rochdale,E08000005,CLA 2 years on 31 March,Any moves,With one or more moves during the previous 2 years,71,22
2022,Reporting year,Local authority,E92000001,England,E12000002,North West,354,Rochdale,E08000005,CLA 2 years on 31 March,Mid-year moves,Total children,330,100
2022,Reporting year,Local authority,E92000001,England,E12000002,North West,354,Rochdale,E08000005,CLA 2 years on 31 March,Mid-year moves,With one or more mid-year moves during the previous 2 years,49,15
2022,Reporting year,Local authority,E92000001,England,E12000002,North West,354,Rochdale,E08000005,CLA on 31 March,Any moves,Total children,377,100
2022,Reporting year,Local authority,E92000001,England,E12000002,North West,354,Rochdale,E08000005,CLA on 31 March,Any moves,With one or more moves during the year,48,13
2022,Reporting year,Local authority,E92000001,England,E12000002,North West,354,Rochdale,E08000005,CLA on 31 March,Mid-year moves,Total children,377,100
2022,Reporting year,Local authority,E92000001,England,E12000002,North West,354,Rochdale,E08000005,CLA on 31 March,Mid-year moves,With one or more mid-year moves during the year,33,9
2022,Reporting year,Local authority,E92000001,England,E12000002,North West,355,Salford,E08000006,CLA 2 years on 31 March,Any moves,Total children,280,100
2022,Reporting year,Local authority,E92000001,England,E12000002,North West,355,Salford,E08000006,CLA 2 years on 31 March,Any moves,With one or more moves during the previous 2 years,47,17
2022,Reporting year,Local authority,E92000001,England,E12000002,North West,355,Salford,E08000006,CLA 2 years on 31 March,Mid-year moves,Total children,280,100
2022,Reporting year,Local authority,E92000001,England,E12000002,North West,355,Salford,E08000006,CLA 2 years on 31 March,Mid-year moves,With one or more mid-year moves during the previous 2 years,33,12
2022,Reporting year,Local authority,E92000001,England,E12000002,North West,355,Salford,E08000006,CLA on 31 March,Any moves,Total children,364,100
2022,Reporting year,Local authority,E92000001,England,E12000002,North West,355,Salford,E08000006,CLA on 31 March,Any moves,With one or more moves during the year,24,7
2022,Reporting year,Local authority,E92000001,England,E12000002,North West,355,Salford,E08000006,CLA on 31 March,Mid-year moves,Total children,364,100
2022,Reporting year,Local authority,E92000001,England,E12000002,North West,355,Salford,E08000006,CLA on 31 March,Mid-year moves,With one or more mid-year moves during the year,15,4
2022,Reporting year,Local authority,E92000001,England,E12000002,North West,356,Stockport,E08000007,CLA 2 years on 31 March,Any moves,Total children,260,100
2022,Reporting year,Local authority,E92000001,England,E12000002,North West,356,Stockport,E08000007,CLA 2 years on 31 March,Any moves,With one or more moves during the previous 2 years,29,11
2022,Reporting year,Local authority,E92000001,England,E12000002,North West,356,Stockport,E08000007,CLA 2 years on 31 March,Mid-year moves,Total children,260,100
2022,Reporting year,Local authority,E92000001,England,E12000002,North West,356,Stockport,E08000007,CLA 2 years on 31 March,Mid-year moves,With one or more mid-year moves during the previous 2 years,12,5
2022,Reporting year,Local authority,E92000001,England,E12000002,North West,356,Stockport,E08000007,CLA on 31 March,Any moves,Total children,309,100
2022,Reporting year,Local authority,E92000001,England,E12000002,North West,356,Stockport,E08000007,CLA on 31 March,Any moves,With one or more moves during the year,19,6
2022,Reporting year,Local authority,E92000001,England,E12000002,North West,356,Stockport,E08000007,CLA on 31 March,Mid-year moves,Total children,309,100
2022,Reporting year,Local authority,E92000001,England,E12000002,North West,356,Stockport,E08000007,CLA on 31 March,Mid-year moves,With one or more mid-year moves during the year,13,4
2022,Reporting year,Local authority,E92000001,England,E12000002,North West,357,Tameside,E08000008,CLA 2 years on 31 March,Any moves,Total children,390,100
2022,Reporting year,Local authority,E92000001,England,E12000002,North West,357,Tameside,E08000008,CLA 2 years on 31 March,Any moves,With one or more moves during the previous 2 years,60,15
2022,Reporting year,Local authority,E92000001,England,E12000002,North West,357,Tameside,E08000008,CLA 2 years on 31 March,Mid-year moves,Total children,390,100
2022,Reporting year,Local authority,E92000001,England,E12000002,North West,357,Tameside,E08000008,CLA 2 years on 31 March,Mid-year moves,With one or more mid-year moves during the previous 2 years,33,8
2022,Reporting year,Local authority,E92000001,England,E12000002,North West,357,Tameside,E08000008,CLA on 31 March,Any moves,Total children,469,100
2022,Reporting year,Local authority,E92000001,England,E12000002,North West,357,Tameside,E08000008,CLA on 31 March,Any moves,With one or more moves during the year,38,8
2022,Reporting year,Local authority,E92000001,England,E12000002,North West,357,Tameside,E08000008,CLA on 31 March,Mid-year moves,Total children,469,100
2022,Reporting year,Local authority,E92000001,England,E12000002,North West,357,Tameside,E08000008,CLA on 31 March,Mid-year moves,With one or more mid-year moves during the year,24,5
2022,Reporting year,Local authority,E92000001,England,E12000002,North West,358,Trafford,E08000009,CLA 2 years on 31 March,Any moves,Total children,217,100
2022,Reporting year,Local authority,E92000001,England,E12000002,North West,358,Trafford,E08000009,CLA 2 years on 31 March,Any moves,With one or more moves during the previous 2 years,29,13
2022,Reporting year,Local authority,E92000001,England,E12000002,North West,358,Trafford,E08000009,CLA 2 years on 31 March,Mid-year moves,Total children,217,100
2022,Reporting year,Local authority,E92000001,England,E12000002,North West,358,Trafford,E08000009,CLA 2 years on 31 March,Mid-year moves,With one or more mid-year moves during the previous 2 years,18,8
2022,Reporting year,Local authority,E92000001,England,E12000002,North West,358,Trafford,E08000009,CLA on 31 March,Any moves,Total children,257,100
2022,Reporting year,Local authority,E92000001,England,E12000002,North West,358,Trafford,E08000009,CLA on 31 March,Any moves,With one or more moves during the year,14,5
2022,Reporting year,Local authority,E92000001,England,E12000002,North West,358,Trafford,E08000009,CLA on 31 March,Mid-year moves,Total children,257,100
2022,Reporting year,Local authority,E92000001,England,E12000002,North West,358,Trafford,E08000009,CLA on 31 March,Mid-year moves,With one or more mid-year moves during the year,9,4
2022,Reporting year,Local authority,E92000001,England,E12000002,North West,359,Wigan,E08000010,CLA 2 years on 31 March,Any moves,Total children,373,100
2022,Reporting year,Local authority,E92000001,England,E12000002,North West,359,Wigan,E08000010,CLA 2 years on 31 March,Any moves,With one or more moves during the previous 2 years,46,12
2022,Reporting year,Local authority,E92000001,England,E12000002,North West,359,Wigan,E08000010,CLA 2 years on 31 March,Mid-year moves,Total children,373,100
2022,Reporting year,Local authority,E92000001,England,E12000002,North West,359,Wigan,E08000010,CLA 2 years on 31 March,Mid-year moves,With one or more mid-year moves during the previous 2 years,29,8
2022,Reporting year,Local authority,E92000001,England,E12000002,North West,359,Wigan,E08000010,CLA on 31 March,Any moves,Total children,430,100
2022,Reporting year,Local authority,E92000001,England,E12000002,North West,359,Wigan,E08000010,CLA on 31 March,Any moves,With one or more moves during the year,30,7
2022,Reporting year,Local authority,E92000001,England,E12000002,North West,359,Wigan,E08000010,CLA on 31 March,Mid-year moves,Total children,430,100
2022,Reporting year,Local authority,E92000001,England,E12000002,North West,359,Wigan,E08000010,CLA on 31 March,Mid-year moves,With one or more mid-year moves during the year,25,6
2022,Reporting year,Local authority,E92000001,England,E12000002,North West,340,Knowsley,E08000011,CLA 2 years on 31 March,Any moves,Total children,173,100
2022,Reporting year,Local authority,E92000001,England,E12000002,North West,340,Knowsley,E08000011,CLA 2 years on 31 March,Any moves,With one or more moves during the previous 2 years,25,14
2022,Reporting year,Local authority,E92000001,England,E12000002,North West,340,Knowsley,E08000011,CLA 2 years on 31 March,Mid-year moves,Total children,173,100
2022,Reporting year,Local authority,E92000001,England,E12000002,North West,340,Knowsley,E08000011,CLA 2 years on 31 March,Mid-year moves,With one or more mid-year moves during the previous 2 years,16,9
2022,Reporting year,Local authority,E92000001,England,E12000002,North West,340,Knowsley,E08000011,CLA on 31 March,Any moves,Total children,209,100
2022,Reporting year,Local authority,E92000001,England,E12000002,North West,340,Knowsley,E08000011,CLA on 31 March,Any moves,With one or more moves during the year,13,6
2022,Reporting year,Local authority,E92000001,England,E12000002,North West,340,Knowsley,E08000011,CLA on 31 March,Mid-year moves,Total children,209,100
2022,Reporting year,Local authority,E92000001,England,E12000002,North West,340,Knowsley,E08000011,CLA on 31 March,Mid-year moves,With one or more mid-year moves during the year,9,4
2022,Reporting year,Local authority,E92000001,England,E12000002,North West,341,Liverpool,E08000012,CLA 2 years on 31 March,Any moves,Total children,893,100
2022,Reporting year,Local authority,E92000001,England,E12000002,North West,341,Liverpool,E08000012,CLA 2 years on 31 March,Any moves,With one or more moves during the previous 2 years,184,21
2022,Reporting year,Local authority,E92000001,England,E12000002,North West,341,Liverpool,E08000012,CLA 2 years on 31 March,Mid-year moves,Total children,893,100
2022,Reporting year,Local authority,E92000001,England,E12000002,North West,341,Liverpool,E08000012,CLA 2 years on 31 March,Mid-year moves,With one or more mid-year moves during the previous 2 years,106,12
2022,Reporting year,Local authority,E92000001,England,E12000002,North West,341,Liverpool,E08000012,CLA on 31 March,Any moves,Total children,1047,100
2022,Reporting year,Local authority,E92000001,England,E12000002,North West,341,Liverpool,E08000012,CLA on 31 March,Any moves,With one or more moves during the year,114,11
2022,Reporting year,Local authority,E92000001,England,E12000002,North West,341,Liverpool,E08000012,CLA on 31 March,Mid-year moves,Total children,1047,100
2022,Reporting year,Local authority,E92000001,England,E12000002,North West,341,Liverpool,E08000012,CLA on 31 March,Mid-year moves,With one or more mid-year moves during the year,76,7
2022,Reporting year,Local authority,E92000001,England,E12000002,North West,342,St. Helens,E08000013,CLA 2 years on 31 March,Any moves,Total children,285,100
2022,Reporting year,Local authority,E92000001,England,E12000002,North West,342,St. Helens,E08000013,CLA 2 years on 31 March,Any moves,With one or more moves during the previous 2 years,46,16
2022,Reporting year,Local authority,E92000001,England,E12000002,North West,342,St. Helens,E08000013,CLA 2 years on 31 March,Mid-year moves,Total children,285,100
2022,Reporting year,Local authority,E92000001,England,E12000002,North West,342,St. Helens,E08000013,CLA 2 years on 31 March,Mid-year moves,With one or more mid-year moves during the previous 2 years,23,8
2022,Reporting year,Local authority,E92000001,England,E12000002,North West,342,St. Helens,E08000013,CLA on 31 March,Any moves,Total children,345,100
2022,Reporting year,Local authority,E92000001,England,E12000002,North West,342,St. Helens,E08000013,CLA on 31 March,Any moves,With one or more moves during the year,32,9
2022,Reporting year,Local authority,E92000001,England,E12000002,North West,342,St. Helens,E08000013,CLA on 31 March,Mid-year moves,Total children,345,100
2022,Reporting year,Local authority,E92000001,England,E12000002,North West,342,St. Helens,E08000013,CLA on 31 March,Mid-year moves,With one or more mid-year moves during the year,17,5
2022,Reporting year,Local authority,E92000001,England,E12000002,North West,343,Sefton,E08000014,CLA 2 years on 31 March,Any moves,Total children,354,100
2022,Reporting year,Local authority,E92000001,England,E12000002,North West,343,Sefton,E08000014,CLA 2 years on 31 March,Any moves,With one or more moves during the previous 2 years,64,18
2022,Reporting year,Local authority,E92000001,England,E12000002,North West,343,Sefton,E08000014,CLA 2 years on 31 March,Mid-year moves,Total children,354,100
2022,Reporting year,Local authority,E92000001,England,E12000002,North West,343,Sefton,E08000014,CLA 2 years on 31 March,Mid-year moves,With one or more mid-year moves during the previous 2 years,35,10
2022,Reporting year,Local authority,E92000001,England,E12000002,North West,343,Sefton,E08000014,CLA on 31 March,Any moves,Total children,423,100
2022,Reporting year,Local authority,E92000001,England,E12000002,North West,343,Sefton,E08000014,CLA on 31 March,Any moves,With one or more moves during the year,32,8
2022,Reporting year,Local authority,E92000001,England,E12000002,North West,343,Sefton,E08000014,CLA on 31 March,Mid-year moves,Total children,423,100
2022,Reporting year,Local authority,E92000001,England,E12000002,North West,343,Sefton,E08000014,CLA on 31 March,Mid-year moves,With one or more mid-year moves during the year,20,5
2022,Reporting year,Local authority,E92000001,England,E12000002,North West,344,Wirral,E08000015,CLA 2 years on 31 March,Any moves,Total children,506,100
2022,Reporting year,Local authority,E92000001,England,E12000002,North West,344,Wirral,E08000015,CLA 2 years on 31 March,Any moves,With one or more moves during the previous 2 years,63,12
2022,Reporting year,Local authority,E92000001,England,E12000002,North West,344,Wirral,E08000015,CLA 2 years on 31 March,Mid-year moves,Total children,506,100
2022,Reporting year,Local authority,E92000001,England,E12000002,North West,344,Wirral,E08000015,CLA 2 years on 31 March,Mid-year moves,With one or more mid-year moves during the previous 2 years,31,6
2022,Reporting year,Local authority,E92000001,England,E12000002,North West,344,Wirral,E08000015,CLA on 31 March,Any moves,Total children,590,100
2022,Reporting year,Local authority,E92000001,England,E12000002,North West,344,Wirral,E08000015,CLA on 31 March,Any moves,With one or more moves during the year,41,7
2022,Reporting year,Local authority,E92000001,England,E12000002,North West,344,Wirral,E08000015,CLA on 31 March,Mid-year moves,Total children,590,100
2022,Reporting year,Local authority,E92000001,England,E12000002,North West,344,Wirral,E08000015,CLA on 31 March,Mid-year moves,With one or more mid-year moves during the year,23,4
2022,Reporting year,Local authority,E92000001,England,E12000002,North West,909,Cumbria,E10000006,CLA 2 years on 31 March,Any moves,Total children,397,100
2022,Reporting year,Local authority,E92000001,England,E12000002,North West,909,Cumbria,E10000006,CLA 2 years on 31 March,Any moves,With one or more moves during the previous 2 years,73,18
2022,Reporting year,Local authority,E92000001,England,E12000002,North West,909,Cumbria,E10000006,CLA 2 years on 31 March,Mid-year moves,Total children,397,100
2022,Reporting year,Local authority,E92000001,England,E12000002,North West,909,Cumbria,E10000006,CLA 2 years on 31 March,Mid-year moves,With one or more mid-year moves during the previous 2 years,46,12
2022,Reporting year,Local authority,E92000001,England,E12000002,North West,909,Cumbria,E10000006,CLA on 31 March,Any moves,Total children,474,100
2022,Reporting year,Local authority,E92000001,England,E12000002,North West,909,Cumbria,E10000006,CLA on 31 March,Any moves,With one or more moves during the year,59,12
2022,Reporting year,Local authority,E92000001,England,E12000002,North West,909,Cumbria,E10000006,CLA on 31 March,Mid-year moves,Total children,474,100
2022,Reporting year,Local authority,E92000001,England,E12000002,North West,909,Cumbria,E10000006,CLA on 31 March,Mid-year moves,With one or more mid-year moves during the year,37,8
2022,Reporting year,Local authority,E92000001,England,E12000002,North West,888,Lancashire,E10000017,CLA 2 years on 31 March,Any moves,Total children,1130,100
2022,Reporting year,Local authority,E92000001,England,E12000002,North West,888,Lancashire,E10000017,CLA 2 years on 31 March,Any moves,With one or more moves during the previous 2 years,189,17
2022,Reporting year,Local authority,E92000001,England,E12000002,North West,888,Lancashire,E10000017,CLA 2 years on 31 March,Mid-year moves,Total children,1130,100
2022,Reporting year,Local authority,E92000001,England,E12000002,North West,888,Lancashire,E10000017,CLA 2 years on 31 March,Mid-year moves,With one or more mid-year moves during the previous 2 years,120,11
2022,Reporting year,Local authority,E92000001,England,E12000002,North West,888,Lancashire,E10000017,CLA on 31 March,Any moves,Total children,1344,100
2022,Reporting year,Local authority,E92000001,England,E12000002,North West,888,Lancashire,E10000017,CLA on 31 March,Any moves,With one or more moves during the year,123,9
2022,Reporting year,Local authority,E92000001,England,E12000002,North West,888,Lancashire,E10000017,CLA on 31 March,Mid-year moves,Total children,1344,100
2022,Reporting year,Local authority,E92000001,England,E12000002,North West,888,Lancashire,E10000017,CLA on 31 March,Mid-year moves,With one or more mid-year moves during the year,71,5
2022,Reporting year,Local authority,E92000001,England,E12000003,Yorkshire and The Humber,810,"Kingston upon Hull, City of",E06000010,CLA 2 years on 31 March,Any moves,Total children,494,100
2022,Reporting year,Local authority,E92000001,England,E12000003,Yorkshire and The Humber,810,"Kingston upon Hull, City of",E06000010,CLA 2 years on 31 March,Any moves,With one or more moves during the previous 2 years,136,28
2022,Reporting year,Local authority,E92000001,England,E12000003,Yorkshire and The Humber,810,"Kingston upon Hull, City of",E06000010,CLA 2 years on 31 March,Mid-year moves,Total children,494,100
2022,Reporting year,Local authority,E92000001,England,E12000003,Yorkshire and The Humber,810,"Kingston upon Hull, City of",E06000010,CLA 2 years on 31 March,Mid-year moves,With one or more mid-year moves during the previous 2 years,90,18
2022,Reporting year,Local authority,E92000001,England,E12000003,Yorkshire and The Humber,810,"Kingston upon Hull, City of",E06000010,CLA on 31 March,Any moves,Total children,595,100
2022,Reporting year,Local authority,E92000001,England,E12000003,Yorkshire and The Humber,810,"Kingston upon Hull, City of",E06000010,CLA on 31 March,Any moves,With one or more moves during the year,83,14
2022,Reporting year,Local authority,E92000001,England,E12000003,Yorkshire and The Humber,810,"Kingston upon Hull, City of",E06000010,CLA on 31 March,Mid-year moves,Total children,595,100
2022,Reporting year,Local authority,E92000001,England,E12000003,Yorkshire and The Humber,810,"Kingston upon Hull, City of",E06000010,CLA on 31 March,Mid-year moves,With one or more mid-year moves during the year,65,11
2022,Reporting year,Local authority,E92000001,England,E12000003,Yorkshire and The Humber,811,East Riding of Yorkshire,E06000011,CLA 2 years on 31 March,Any moves,Total children,184,100
2022,Reporting year,Local authority,E92000001,England,E12000003,Yorkshire and The Humber,811,East Riding of Yorkshire,E06000011,CLA 2 years on 31 March,Any moves,With one or more moves during the previous 2 years,43,23
2022,Reporting year,Local authority,E92000001,England,E12000003,Yorkshire and The Humber,811,East Riding of Yorkshire,E06000011,CLA 2 years on 31 March,Mid-year moves,Total children,184,100
2022,Reporting year,Local authority,E92000001,England,E12000003,Yorkshire and The Humber,811,East Riding of Yorkshire,E06000011,CLA 2 years on 31 March,Mid-year moves,With one or more mid-year moves during the previous 2 years,29,16
2022,Reporting year,Local authority,E92000001,England,E12000003,Yorkshire and The Humber,811,East Riding of Yorkshire,E06000011,CLA on 31 March,Any moves,Total children,215,100
2022,Reporting year,Local authority,E92000001,England,E12000003,Yorkshire and The Humber,811,East Riding of Yorkshire,E06000011,CLA on 31 March,Any moves,With one or more moves during the year,29,13
2022,Reporting year,Local authority,E92000001,England,E12000003,Yorkshire and The Humber,811,East Riding of Yorkshire,E06000011,CLA on 31 March,Mid-year moves,Total children,215,100
2022,Reporting year,Local authority,E92000001,England,E12000003,Yorkshire and The Humber,811,East Riding of Yorkshire,E06000011,CLA on 31 March,Mid-year moves,With one or more mid-year moves during the year,21,10
2022,Reporting year,Local authority,E92000001,England,E12000003,Yorkshire and The Humber,812,North East Lincolnshire,E06000012,CLA 2 years on 31 March,Any moves,Total children,305,100
2022,Reporting year,Local authority,E92000001,England,E12000003,Yorkshire and The Humber,812,North East Lincolnshire,E06000012,CLA 2 years on 31 March,Any moves,With one or more moves during the previous 2 years,89,29
2022,Reporting year,Local authority,E92000001,England,E12000003,Yorkshire and The Humber,812,North East Lincolnshire,E06000012,CLA 2 years on 31 March,Mid-year moves,Total children,305,100
2022,Reporting year,Local authority,E92000001,England,E12000003,Yorkshire and The Humber,812,North East Lincolnshire,E06000012,CLA 2 years on 31 March,Mid-year moves,With one or more mid-year moves during the previous 2 years,69,23
2022,Reporting year,Local authority,E92000001,England,E12000003,Yorkshire and The Humber,812,North East Lincolnshire,E06000012,CLA on 31 March,Any moves,Total children,389,100
2022,Reporting year,Local authority,E92000001,England,E12000003,Yorkshire and The Humber,812,North East Lincolnshire,E06000012,CLA on 31 March,Any moves,With one or more moves during the year,71,18
2022,Reporting year,Local authority,E92000001,England,E12000003,Yorkshire and The Humber,812,North East Lincolnshire,E06000012,CLA on 31 March,Mid-year moves,Total children,389,100
2022,Reporting year,Local authority,E92000001,England,E12000003,Yorkshire and The Humber,812,North East Lincolnshire,E06000012,CLA on 31 March,Mid-year moves,With one or more mid-year moves during the year,54,14
2022,Reporting year,Local authority,E92000001,England,E12000003,Yorkshire and The Humber,813,North Lincolnshire,E06000013,CLA 2 years on 31 March,Any moves,Total children,117,100
2022,Reporting year,Local authority,E92000001,England,E12000003,Yorkshire and The Humber,813,North Lincolnshire,E06000013,CLA 2 years on 31 March,Any moves,With one or more moves during the previous 2 years,15,13
2022,Reporting year,Local authority,E92000001,England,E12000003,Yorkshire and The Humber,813,North Lincolnshire,E06000013,CLA 2 years on 31 March,Mid-year moves,Total children,117,100
2022,Reporting year,Local authority,E92000001,England,E12000003,Yorkshire and The Humber,813,North Lincolnshire,E06000013,CLA 2 years on 31 March,Mid-year moves,With one or more mid-year moves during the previous 2 years,7,6
2022,Reporting year,Local authority,E92000001,England,E12000003,Yorkshire and The Humber,813,North Lincolnshire,E06000013,CLA on 31 March,Any moves,Total children,135,100
2022,Reporting year,Local authority,E92000001,England,E12000003,Yorkshire and The Humber,813,North Lincolnshire,E06000013,CLA on 31 March,Any moves,With one or more moves during the year,6,4
2022,Reporting year,Local authority,E92000001,England,E12000003,Yorkshire and The Humber,813,North Lincolnshire,E06000013,CLA on 31 March,Mid-year moves,Total children,135,100
2022,Reporting year,Local authority,E92000001,England,E12000003,Yorkshire and The Humber,813,North Lincolnshire,E06000013,CLA on 31 March,Mid-year moves,With one or more mid-year moves during the year,6,4
2022,Reporting year,Local authority,E92000001,England,E12000003,Yorkshire and The Humber,816,York,E06000014,CLA 2 years on 31 March,Any moves,Total children,162,100
2022,Reporting year,Local authority,E92000001,England,E12000003,Yorkshire and The Humber,816,York,E06000014,CLA 2 years on 31 March,Any moves,With one or more moves during the previous 2 years,23,14
2022,Reporting year,Local authority,E92000001,England,E12000003,Yorkshire and The Humber,816,York,E06000014,CLA 2 years on 31 March,Mid-year moves,Total children,162,100
2022,Reporting year,Local authority,E92000001,England,E12000003,Yorkshire and The Humber,816,York,E06000014,CLA 2 years on 31 March,Mid-year moves,With one or more mid-year moves during the previous 2 years,16,10
2022,Reporting year,Local authority,E92000001,England,E12000003,Yorkshire and The Humber,816,York,E06000014,CLA on 31 March,Any moves,Total children,179,100
2022,Reporting year,Local authority,E92000001,England,E12000003,Yorkshire and The Humber,816,York,E06000014,CLA on 31 March,Any moves,With one or more moves during the year,14,8
2022,Reporting year,Local authority,E92000001,England,E12000003,Yorkshire and The Humber,816,York,E06000014,CLA on 31 March,Mid-year moves,Total children,179,100
2022,Reporting year,Local authority,E92000001,England,E12000003,Yorkshire and The Humber,816,York,E06000014,CLA on 31 March,Mid-year moves,With one or more mid-year moves during the year,9,5
2022,Reporting year,Local authority,E92000001,England,E12000003,Yorkshire and The Humber,815,North Yorkshire,E06000065,CLA 2 years on 31 March,Any moves,Total children,228,100
2022,Reporting year,Local authority,E92000001,England,E12000003,Yorkshire and The Humber,815,North Yorkshire,E06000065,CLA 2 years on 31 March,Any moves,With one or more moves during the previous 2 years,40,18
2022,Reporting year,Local authority,E92000001,England,E12000003,Yorkshire and The Humber,815,North Yorkshire,E06000065,CLA 2 years on 31 March,Mid-year moves,Total children,228,100
2022,Reporting year,Local authority,E92000001,England,E12000003,Yorkshire and The Humber,815,North Yorkshire,E06000065,CLA 2 years on 31 March,Mid-year moves,With one or more mid-year moves during the previous 2 years,28,12
2022,Reporting year,Local authority,E92000001,England,E12000003,Yorkshire and The Humber,815,North Yorkshire,E06000065,CLA on 31 March,Any moves,Total children,280,100
2022,Reporting year,Local authority,E92000001,England,E12000003,Yorkshire and The Humber,815,North Yorkshire,E06000065,CLA on 31 March,Any moves,With one or more moves during the year,31,11
2022,Reporting year,Local authority,E92000001,England,E12000003,Yorkshire and The Humber,815,North Yorkshire,E06000065,CLA on 31 March,Mid-year moves,Total children,280,100
2022,Reporting year,Local authority,E92000001,England,E12000003,Yorkshire and The Humber,815,North Yorkshire,E06000065,CLA on 31 March,Mid-year moves,With one or more mid-year moves during the year,17,6
2022,Reporting year,Local authority,E92000001,England,E12000003,Yorkshire and The Humber,370,Barnsley,E08000016,CLA 2 years on 31 March,Any moves,Total children,177,100
2022,Reporting year,Local authority,E92000001,England,E12000003,Yorkshire and The Humber,370,Barnsley,E08000016,CLA 2 years on 31 March,Any moves,With one or more moves during the previous 2 years,32,18
2022,Reporting year,Local authority,E92000001,England,E12000003,Yorkshire and The Humber,370,Barnsley,E08000016,CLA 2 years on 31 March,Mid-year moves,Total children,177,100
2022,Reporting year,Local authority,E92000001,England,E12000003,Yorkshire and The Humber,370,Barnsley,E08000016,CLA 2 years on 31 March,Mid-year moves,With one or more mid-year moves during the previous 2 years,8,5
2022,Reporting year,Local authority,E92000001,England,E12000003,Yorkshire and The Humber,370,Barnsley,E08000016,CLA on 31 March,Any moves,Total children,224,100
2022,Reporting year,Local authority,E92000001,England,E12000003,Yorkshire and The Humber,370,Barnsley,E08000016,CLA on 31 March,Any moves,With one or more moves during the year,22,10
2022,Reporting year,Local authority,E92000001,England,E12000003,Yorkshire and The Humber,370,Barnsley,E08000016,CLA on 31 March,Mid-year moves,Total children,224,100
2022,Reporting year,Local authority,E92000001,England,E12000003,Yorkshire and The Humber,370,Barnsley,E08000016,CLA on 31 March,Mid-year moves,With one or more mid-year moves during the year,7,3
2022,Reporting year,Local authority,E92000001,England,E12000003,Yorkshire and The Humber,371,Doncaster,E08000017,CLA 2 years on 31 March,Any moves,Total children,303,100
2022,Reporting year,Local authority,E92000001,England,E12000003,Yorkshire and The Humber,371,Doncaster,E08000017,CLA 2 years on 31 March,Any moves,With one or more moves during the previous 2 years,55,18
2022,Reporting year,Local authority,E92000001,England,E12000003,Yorkshire and The Humber,371,Doncaster,E08000017,CLA 2 years on 31 March,Mid-year moves,Total children,303,100
2022,Reporting year,Local authority,E92000001,England,E12000003,Yorkshire and The Humber,371,Doncaster,E08000017,CLA 2 years on 31 March,Mid-year moves,With one or more mid-year moves during the previous 2 years,39,13
2022,Reporting year,Local authority,E92000001,England,E12000003,Yorkshire and The Humber,371,Doncaster,E08000017,CLA on 31 March,Any moves,Total children,371,100
2022,Reporting year,Local authority,E92000001,England,E12000003,Yorkshire and The Humber,371,Doncaster,E08000017,CLA on 31 March,Any moves,With one or more moves during the year,38,10
2022,Reporting year,Local authority,E92000001,England,E12000003,Yorkshire and The Humber,371,Doncaster,E08000017,CLA on 31 March,Mid-year moves,Total children,371,100
2022,Reporting year,Local authority,E92000001,England,E12000003,Yorkshire and The Humber,371,Doncaster,E08000017,CLA on 31 March,Mid-year moves,With one or more mid-year moves during the year,26,7
2022,Reporting year,Local authority,E92000001,England,E12000003,Yorkshire and The Humber,372,Rotherham,E08000018,CLA 2 years on 31 March,Any moves,Total children,334,100
2022,Reporting year,Local authority,E92000001,England,E12000003,Yorkshire and The Humber,372,Rotherham,E08000018,CLA 2 years on 31 March,Any moves,With one or more moves during the previous 2 years,55,16
2022,Reporting year,Local authority,E92000001,England,E12000003,Yorkshire and The Humber,372,Rotherham,E08000018,CLA 2 years on 31 March,Mid-year moves,Total children,334,100
2022,Reporting year,Local authority,E92000001,England,E12000003,Yorkshire and The Humber,372,Rotherham,E08000018,CLA 2 years on 31 March,Mid-year moves,With one or more mid-year moves during the previous 2 years,34,10
2022,Reporting year,Local authority,E92000001,England,E12000003,Yorkshire and The Humber,372,Rotherham,E08000018,CLA on 31 March,Any moves,Total children,381,100
2022,Reporting year,Local authority,E92000001,England,E12000003,Yorkshire and The Humber,372,Rotherham,E08000018,CLA on 31 March,Any moves,With one or more moves during the year,38,10
2022,Reporting year,Local authority,E92000001,England,E12000003,Yorkshire and The Humber,372,Rotherham,E08000018,CLA on 31 March,Mid-year moves,Total children,381,100
2022,Reporting year,Local authority,E92000001,England,E12000003,Yorkshire and The Humber,372,Rotherham,E08000018,CLA on 31 March,Mid-year moves,With one or more mid-year moves during the year,25,7
2022,Reporting year,Local authority,E92000001,England,E12000003,Yorkshire and The Humber,373,Sheffield,E08000019,CLA 2 years on 31 March,Any moves,Total children,350,100
2022,Reporting year,Local authority,E92000001,England,E12000003,Yorkshire and The Humber,373,Sheffield,E08000019,CLA 2 years on 31 March,Any moves,With one or more moves during the previous 2 years,67,19
2022,Reporting year,Local authority,E92000001,England,E12000003,Yorkshire and The Humber,373,Sheffield,E08000019,CLA 2 years on 31 March,Mid-year moves,Total children,350,100
2022,Reporting year,Local authority,E92000001,England,E12000003,Yorkshire and The Humber,373,Sheffield,E08000019,CLA 2 years on 31 March,Mid-year moves,With one or more mid-year moves during the previous 2 years,44,13
2022,Reporting year,Local authority,E92000001,England,E12000003,Yorkshire and The Humber,373,Sheffield,E08000019,CLA on 31 March,Any moves,Total children,452,100
2022,Reporting year,Local authority,E92000001,England,E12000003,Yorkshire and The Humber,373,Sheffield,E08000019,CLA on 31 March,Any moves,With one or more moves during the year,47,10
2022,Reporting year,Local authority,E92000001,England,E12000003,Yorkshire and The Humber,373,Sheffield,E08000019,CLA on 31 March,Mid-year moves,Total children,452,100
2022,Reporting year,Local authority,E92000001,England,E12000003,Yorkshire and The Humber,373,Sheffield,E08000019,CLA on 31 March,Mid-year moves,With one or more mid-year moves during the year,33,7
2022,Reporting year,Local authority,E92000001,England,E12000003,Yorkshire and The Humber,380,Bradford,E08000032,CLA 2 years on 31 March,Any moves,Total children,789,100
2022,Reporting year,Local authority,E92000001,England,E12000003,Yorkshire and The Humber,380,Bradford,E08000032,CLA 2 years on 31 March,Any moves,With one or more moves during the previous 2 years,166,21
2022,Reporting year,Local authority,E92000001,England,E12000003,Yorkshire and The Humber,380,Bradford,E08000032,CLA 2 years on 31 March,Mid-year moves,Total children,789,100
2022,Reporting year,Local authority,E92000001,England,E12000003,Yorkshire and The Humber,380,Bradford,E08000032,CLA 2 years on 31 March,Mid-year moves,With one or more mid-year moves during the previous 2 years,116,15
2022,Reporting year,Local authority,E92000001,England,E12000003,Yorkshire and The Humber,380,Bradford,E08000032,CLA on 31 March,Any moves,Total children,1001,100
2022,Reporting year,Local authority,E92000001,England,E12000003,Yorkshire and The Humber,380,Bradford,E08000032,CLA on 31 March,Any moves,With one or more moves during the year,102,10
2022,Reporting year,Local authority,E92000001,England,E12000003,Yorkshire and The Humber,380,Bradford,E08000032,CLA on 31 March,Mid-year moves,Total children,1001,100
2022,Reporting year,Local authority,E92000001,England,E12000003,Yorkshire and The Humber,380,Bradford,E08000032,CLA on 31 March,Mid-year moves,With one or more mid-year moves during the year,80,8
2022,Reporting year,Local authority,E92000001,England,E12000003,Yorkshire and The Humber,381,Calderdale,E08000033,CLA 2 years on 31 March,Any moves,Total children,186,100
2022,Reporting year,Local authority,E92000001,England,E12000003,Yorkshire and The Humber,381,Calderdale,E08000033,CLA 2 years on 31 March,Any moves,With one or more moves during the previous 2 years,37,20
2022,Reporting year,Local authority,E92000001,England,E12000003,Yorkshire and The Humber,381,Calderdale,E08000033,CLA 2 years on 31 March,Mid-year moves,Total children,186,100
2022,Reporting year,Local authority,E92000001,England,E12000003,Yorkshire and The Humber,381,Calderdale,E08000033,CLA 2 years on 31 March,Mid-year moves,With one or more mid-year moves during the previous 2 years,21,11
2022,Reporting year,Local authority,E92000001,England,E12000003,Yorkshire and The Humber,381,Calderdale,E08000033,CLA on 31 March,Any moves,Total children,228,100
2022,Reporting year,Local authority,E92000001,England,E12000003,Yorkshire and The Humber,381,Calderdale,E08000033,CLA on 31 March,Any moves,With one or more moves during the year,29,13
2022,Reporting year,Local authority,E92000001,England,E12000003,Yorkshire and The Humber,381,Calderdale,E08000033,CLA on 31 March,Mid-year moves,Total children,228,100
2022,Reporting year,Local authority,E92000001,England,E12000003,Yorkshire and The Humber,381,Calderdale,E08000033,CLA on 31 March,Mid-year moves,With one or more mid-year moves during the year,16,7
2022,Reporting year,Local authority,E92000001,England,E12000003,Yorkshire and The Humber,382,Kirklees,E08000034,CLA 2 years on 31 March,Any moves,Total children,381,100
2022,Reporting year,Local authority,E92000001,England,E12000003,Yorkshire and The Humber,382,Kirklees,E08000034,CLA 2 years on 31 March,Any moves,With one or more moves during the previous 2 years,61,16
2022,Reporting year,Local authority,E92000001,England,E12000003,Yorkshire and The Humber,382,Kirklees,E08000034,CLA 2 years on 31 March,Mid-year moves,Total children,381,100
2022,Reporting year,Local authority,E92000001,England,E12000003,Yorkshire and The Humber,382,Kirklees,E08000034,CLA 2 years on 31 March,Mid-year moves,With one or more mid-year moves during the previous 2 years,37,10
2022,Reporting year,Local authority,E92000001,England,E12000003,Yorkshire and The Humber,382,Kirklees,E08000034,CLA on 31 March,Any moves,Total children,422,100
2022,Reporting year,Local authority,E92000001,England,E12000003,Yorkshire and The Humber,382,Kirklees,E08000034,CLA on 31 March,Any moves,With one or more moves during the year,35,8
2022,Reporting year,Local authority,E92000001,England,E12000003,Yorkshire and The Humber,382,Kirklees,E08000034,CLA on 31 March,Mid-year moves,Total children,422,100
2022,Reporting year,Local authority,E92000001,England,E12000003,Yorkshire and The Humber,382,Kirklees,E08000034,CLA on 31 March,Mid-year moves,With one or more mid-year moves during the year,21,5
2022,Reporting year,Local authority,E92000001,England,E12000003,Yorkshire and The Humber,383,Leeds,E08000035,CLA 2 years on 31 March,Any moves,Total children,770,100
2022,Reporting year,Local authority,E92000001,England,E12000003,Yorkshire and The Humber,383,Leeds,E08000035,CLA 2 years on 31 March,Any moves,With one or more moves during the previous 2 years,133,17
2022,Reporting year,Local authority,E92000001,England,E12000003,Yorkshire and The Humber,383,Leeds,E08000035,CLA 2 years on 31 March,Mid-year moves,Total children,770,100
2022,Reporting year,Local authority,E92000001,England,E12000003,Yorkshire and The Humber,383,Leeds,E08000035,CLA 2 years on 31 March,Mid-year moves,With one or more mid-year moves during the previous 2 years,77,10
2022,Reporting year,Local authority,E92000001,England,E12000003,Yorkshire and The Humber,383,Leeds,E08000035,CLA on 31 March,Any moves,Total children,938,100
2022,Reporting year,Local authority,E92000001,England,E12000003,Yorkshire and The Humber,383,Leeds,E08000035,CLA on 31 March,Any moves,With one or more moves during the year,92,10
2022,Reporting year,Local authority,E92000001,England,E12000003,Yorkshire and The Humber,383,Leeds,E08000035,CLA on 31 March,Mid-year moves,Total children,938,100
2022,Reporting year,Local authority,E92000001,England,E12000003,Yorkshire and The Humber,383,Leeds,E08000035,CLA on 31 March,Mid-year moves,With one or more mid-year moves during the year,60,6
2022,Reporting year,Local authority,E92000001,England,E12000003,Yorkshire and The Humber,384,Wakefield,E08000036,CLA 2 years on 31 March,Any moves,Total children,358,100
2022,Reporting year,Local authority,E92000001,England,E12000003,Yorkshire and The Humber,384,Wakefield,E08000036,CLA 2 years on 31 March,Any moves,With one or more moves during the previous 2 years,94,26
2022,Reporting year,Local authority,E92000001,England,E12000003,Yorkshire and The Humber,384,Wakefield,E08000036,CLA 2 years on 31 March,Mid-year moves,Total children,358,100
2022,Reporting year,Local authority,E92000001,England,E12000003,Yorkshire and The Humber,384,Wakefield,E08000036,CLA 2 years on 31 March,Mid-year moves,With one or more mid-year moves during the previous 2 years,71,20
2022,Reporting year,Local authority,E92000001,England,E12000003,Yorkshire and The Humber,384,Wakefield,E08000036,CLA on 31 March,Any moves,Total children,445,100
2022,Reporting year,Local authority,E92000001,England,E12000003,Yorkshire and The Humber,384,Wakefield,E08000036,CLA on 31 March,Any moves,With one or more moves during the year,72,16
2022,Reporting year,Local authority,E92000001,England,E12000003,Yorkshire and The Humber,384,Wakefield,E08000036,CLA on 31 March,Mid-year moves,Total children,445,100
2022,Reporting year,Local authority,E92000001,England,E12000003,Yorkshire and The Humber,384,Wakefield,E08000036,CLA on 31 March,Mid-year moves,With one or more mid-year moves during the year,53,12
2022,Reporting year,Local authority,E92000001,England,E12000004,East Midlands,831,Derby,E06000015,CLA 2 years on 31 March,Any moves,Total children,365,100
2022,Reporting year,Local authority,E92000001,England,E12000004,East Midlands,831,Derby,E06000015,CLA 2 years on 31 March,Any moves,With one or more moves during the previous 2 years,97,27
2022,Reporting year,Local authority,E92000001,England,E12000004,East Midlands,831,Derby,E06000015,CLA 2 years on 31 March,Mid-year moves,Total children,365,100
2022,Reporting year,Local authority,E92000001,England,E12000004,East Midlands,831,Derby,E06000015,CLA 2 years on 31 March,Mid-year moves,With one or more mid-year moves during the previous 2 years,66,18
2022,Reporting year,Local authority,E92000001,England,E12000004,East Midlands,831,Derby,E06000015,CLA on 31 March,Any moves,Total children,411,100
2022,Reporting year,Local authority,E92000001,England,E12000004,East Midlands,831,Derby,E06000015,CLA on 31 March,Any moves,With one or more moves during the year,51,12
2022,Reporting year,Local authority,E92000001,England,E12000004,East Midlands,831,Derby,E06000015,CLA on 31 March,Mid-year moves,Total children,411,100
2022,Reporting year,Local authority,E92000001,England,E12000004,East Midlands,831,Derby,E06000015,CLA on 31 March,Mid-year moves,With one or more mid-year moves during the year,36,9
2022,Reporting year,Local authority,E92000001,England,E12000004,East Midlands,856,Leicester,E06000016,CLA 2 years on 31 March,Any moves,Total children,352,100
2022,Reporting year,Local authority,E92000001,England,E12000004,East Midlands,856,Leicester,E06000016,CLA 2 years on 31 March,Any moves,With one or more moves during the previous 2 years,92,26
2022,Reporting year,Local authority,E92000001,England,E12000004,East Midlands,856,Leicester,E06000016,CLA 2 years on 31 March,Mid-year moves,Total children,352,100
2022,Reporting year,Local authority,E92000001,England,E12000004,East Midlands,856,Leicester,E06000016,CLA 2 years on 31 March,Mid-year moves,With one or more mid-year moves during the previous 2 years,59,17
2022,Reporting year,Local authority,E92000001,England,E12000004,East Midlands,856,Leicester,E06000016,CLA on 31 March,Any moves,Total children,394,100
2022,Reporting year,Local authority,E92000001,England,E12000004,East Midlands,856,Leicester,E06000016,CLA on 31 March,Any moves,With one or more moves during the year,48,12
2022,Reporting year,Local authority,E92000001,England,E12000004,East Midlands,856,Leicester,E06000016,CLA on 31 March,Mid-year moves,Total children,394,100
2022,Reporting year,Local authority,E92000001,England,E12000004,East Midlands,856,Leicester,E06000016,CLA on 31 March,Mid-year moves,With one or more mid-year moves during the year,33,8
2022,Reporting year,Local authority,E92000001,England,E12000004,East Midlands,857,Rutland,E06000017,CLA 2 years on 31 March,Any moves,Total children,12,100
2022,Reporting year,Local authority,E92000001,England,E12000004,East Midlands,857,Rutland,E06000017,CLA 2 years on 31 March,Any moves,With one or more moves during the previous 2 years,c,c
2022,Reporting year,Local authority,E92000001,England,E12000004,East Midlands,857,Rutland,E06000017,CLA 2 years on 31 March,Mid-year moves,Total children,12,100
2022,Reporting year,Local authority,E92000001,England,E12000004,East Midlands,857,Rutland,E06000017,CLA 2 years on 31 March,Mid-year moves,With one or more mid-year moves during the previous 2 years,c,c
2022,Reporting year,Local authority,E92000001,England,E12000004,East Midlands,857,Rutland,E06000017,CLA on 31 March,Any moves,Total children,13,100
2022,Reporting year,Local authority,E92000001,England,E12000004,East Midlands,857,Rutland,E06000017,CLA on 31 March,Any moves,With one or more moves during the year,c,c
2022,Reporting year,Local authority,E92000001,England,E12000004,East Midlands,857,Rutland,E06000017,CLA on 31 March,Mid-year moves,Total children,13,100
2022,Reporting year,Local authority,E92000001,England,E12000004,East Midlands,857,Rutland,E06000017,CLA on 31 March,Mid-year moves,With one or more mid-year moves during the year,c,c
2022,Reporting year,Local authority,E92000001,England,E12000004,East Midlands,892,Nottingham,E06000018,CLA 2 years on 31 March,Any moves,Total children,353,100
2022,Reporting year,Local authority,E92000001,England,E12000004,East Midlands,892,Nottingham,E06000018,CLA 2 years on 31 March,Any moves,With one or more moves during the previous 2 years,81,23
2022,Reporting year,Local authority,E92000001,England,E12000004,East Midlands,892,Nottingham,E06000018,CLA 2 years on 31 March,Mid-year moves,Total children,353,100
2022,Reporting year,Local authority,E92000001,England,E12000004,East Midlands,892,Nottingham,E06000018,CLA 2 years on 31 March,Mid-year moves,With one or more mid-year moves during the previous 2 years,50,14
2022,Reporting year,Local authority,E92000001,England,E12000004,East Midlands,892,Nottingham,E06000018,CLA on 31 March,Any moves,Total children,478,100
2022,Reporting year,Local authority,E92000001,England,E12000004,East Midlands,892,Nottingham,E06000018,CLA on 31 March,Any moves,With one or more moves during the year,62,13
2022,Reporting year,Local authority,E92000001,England,E12000004,East Midlands,892,Nottingham,E06000018,CLA on 31 March,Mid-year moves,Total children,478,100
2022,Reporting year,Local authority,E92000001,England,E12000004,East Midlands,892,Nottingham,E06000018,CLA on 31 March,Mid-year moves,With one or more mid-year moves during the year,43,9
2022,Reporting year,Local authority,E92000001,England,E12000004,East Midlands,940,North Northamptonshire,E06000061,CLA 2 years on 31 March,Any moves,Total children,287,100
2022,Reporting year,Local authority,E92000001,England,E12000004,East Midlands,940,North Northamptonshire,E06000061,CLA 2 years on 31 March,Any moves,With one or more moves during the previous 2 years,62,22
2022,Reporting year,Local authority,E92000001,England,E12000004,East Midlands,940,North Northamptonshire,E06000061,CLA 2 years on 31 March,Mid-year moves,Total children,287,100
2022,Reporting year,Local authority,E92000001,England,E12000004,East Midlands,940,North Northamptonshire,E06000061,CLA 2 years on 31 March,Mid-year moves,With one or more mid-year moves during the previous 2 years,36,13
2022,Reporting year,Local authority,E92000001,England,E12000004,East Midlands,940,North Northamptonshire,E06000061,CLA on 31 March,Any moves,Total children,365,100
2022,Reporting year,Local authority,E92000001,England,E12000004,East Midlands,940,North Northamptonshire,E06000061,CLA on 31 March,Any moves,With one or more moves during the year,41,11
2022,Reporting year,Local authority,E92000001,England,E12000004,East Midlands,940,North Northamptonshire,E06000061,CLA on 31 March,Mid-year moves,Total children,365,100
2022,Reporting year,Local authority,E92000001,England,E12000004,East Midlands,940,North Northamptonshire,E06000061,CLA on 31 March,Mid-year moves,With one or more mid-year moves during the year,27,7
2022,Reporting year,Local authority,E92000001,England,E12000004,East Midlands,941,West Northamptonshire,E06000062,CLA 2 years on 31 March,Any moves,Total children,346,100
2022,Reporting year,Local authority,E92000001,England,E12000004,East Midlands,941,West Northamptonshire,E06000062,CLA 2 years on 31 March,Any moves,With one or more moves during the previous 2 years,59,17
2022,Reporting year,Local authority,E92000001,England,E12000004,East Midlands,941,West Northamptonshire,E06000062,CLA 2 years on 31 March,Mid-year moves,Total children,346,100
2022,Reporting year,Local authority,E92000001,England,E12000004,East Midlands,941,West Northamptonshire,E06000062,CLA 2 years on 31 March,Mid-year moves,With one or more mid-year moves during the previous 2 years,40,12
2022,Reporting year,Local authority,E92000001,England,E12000004,East Midlands,941,West Northamptonshire,E06000062,CLA on 31 March,Any moves,Total children,417,100
2022,Reporting year,Local authority,E92000001,England,E12000004,East Midlands,941,West Northamptonshire,E06000062,CLA on 31 March,Any moves,With one or more moves during the year,40,10
2022,Reporting year,Local authority,E92000001,England,E12000004,East Midlands,941,West Northamptonshire,E06000062,CLA on 31 March,Mid-year moves,Total children,417,100
2022,Reporting year,Local authority,E92000001,England,E12000004,East Midlands,941,West Northamptonshire,E06000062,CLA on 31 March,Mid-year moves,With one or more mid-year moves during the year,29,7
2022,Reporting year,Local authority,E92000001,England,E12000004,East Midlands,830,Derbyshire,E10000007,CLA 2 years on 31 March,Any moves,Total children,489,100
2022,Reporting year,Local authority,E92000001,England,E12000004,East Midlands,830,Derbyshire,E10000007,CLA 2 years on 31 March,Any moves,With one or more moves during the previous 2 years,120,25
2022,Reporting year,Local authority,E92000001,England,E12000004,East Midlands,830,Derbyshire,E10000007,CLA 2 years on 31 March,Mid-year moves,Total children,489,100
2022,Reporting year,Local authority,E92000001,England,E12000004,East Midlands,830,Derbyshire,E10000007,CLA 2 years on 31 March,Mid-year moves,With one or more mid-year moves during the previous 2 years,83,17
2022,Reporting year,Local authority,E92000001,England,E12000004,East Midlands,830,Derbyshire,E10000007,CLA on 31 March,Any moves,Total children,605,100
2022,Reporting year,Local authority,E92000001,England,E12000004,East Midlands,830,Derbyshire,E10000007,CLA on 31 March,Any moves,With one or more moves during the year,78,13
2022,Reporting year,Local authority,E92000001,England,E12000004,East Midlands,830,Derbyshire,E10000007,CLA on 31 March,Mid-year moves,Total children,605,100
2022,Reporting year,Local authority,E92000001,England,E12000004,East Midlands,830,Derbyshire,E10000007,CLA on 31 March,Mid-year moves,With one or more mid-year moves during the year,60,10
2022,Reporting year,Local authority,E92000001,England,E12000004,East Midlands,855,Leicestershire,E10000018,CLA 2 years on 31 March,Any moves,Total children,370,100
2022,Reporting year,Local authority,E92000001,England,E12000004,East Midlands,855,Leicestershire,E10000018,CLA 2 years on 31 March,Any moves,With one or more moves during the previous 2 years,72,19
2022,Reporting year,Local authority,E92000001,England,E12000004,East Midlands,855,Leicestershire,E10000018,CLA 2 years on 31 March,Mid-year moves,Total children,370,100
2022,Reporting year,Local authority,E92000001,England,E12000004,East Midlands,855,Leicestershire,E10000018,CLA 2 years on 31 March,Mid-year moves,With one or more mid-year moves during the previous 2 years,37,10
2022,Reporting year,Local authority,E92000001,England,E12000004,East Midlands,855,Leicestershire,E10000018,CLA on 31 March,Any moves,Total children,447,100
2022,Reporting year,Local authority,E92000001,England,E12000004,East Midlands,855,Leicestershire,E10000018,CLA on 31 March,Any moves,With one or more moves during the year,45,10
2022,Reporting year,Local authority,E92000001,England,E12000004,East Midlands,855,Leicestershire,E10000018,CLA on 31 March,Mid-year moves,Total children,447,100
2022,Reporting year,Local authority,E92000001,England,E12000004,East Midlands,855,Leicestershire,E10000018,CLA on 31 March,Mid-year moves,With one or more mid-year moves during the year,25,6
2022,Reporting year,Local authority,E92000001,England,E12000004,East Midlands,925,Lincolnshire,E10000019,CLA 2 years on 31 March,Any moves,Total children,349,100
2022,Reporting year,Local authority,E92000001,England,E12000004,East Midlands,925,Lincolnshire,E10000019,CLA 2 years on 31 March,Any moves,With one or more moves during the previous 2 years,91,26
2022,Reporting year,Local authority,E92000001,England,E12000004,East Midlands,925,Lincolnshire,E10000019,CLA 2 years on 31 March,Mid-year moves,Total children,349,100
2022,Reporting year,Local authority,E92000001,England,E12000004,East Midlands,925,Lincolnshire,E10000019,CLA 2 years on 31 March,Mid-year moves,With one or more mid-year moves during the previous 2 years,56,16
2022,Reporting year,Local authority,E92000001,England,E12000004,East Midlands,925,Lincolnshire,E10000019,CLA on 31 March,Any moves,Total children,443,100
2022,Reporting year,Local authority,E92000001,England,E12000004,East Midlands,925,Lincolnshire,E10000019,CLA on 31 March,Any moves,With one or more moves during the year,63,14
2022,Reporting year,Local authority,E92000001,England,E12000004,East Midlands,925,Lincolnshire,E10000019,CLA on 31 March,Mid-year moves,Total children,443,100
2022,Reporting year,Local authority,E92000001,England,E12000004,East Midlands,925,Lincolnshire,E10000019,CLA on 31 March,Mid-year moves,With one or more mid-year moves during the year,38,9
2022,Reporting year,Local authority,E92000001,England,E12000004,East Midlands,928,Northamptonshire,E10000021,CLA 2 years on 31 March,Any moves,Total children,z,z
2022,Reporting year,Local authority,E92000001,England,E12000004,East Midlands,928,Northamptonshire,E10000021,CLA 2 years on 31 March,Any moves,With one or more moves during the previous 2 years,z,z
2022,Reporting year,Local authority,E92000001,England,E12000004,East Midlands,928,Northamptonshire,E10000021,CLA 2 years on 31 March,Mid-year moves,Total children,z,z
2022,Reporting year,Local authority,E92000001,England,E12000004,East Midlands,928,Northamptonshire,E10000021,CLA 2 years on 31 March,Mid-year moves,With one or more mid-year moves during the previous 2 years,z,z
2022,Reporting year,Local authority,E92000001,England,E12000004,East Midlands,928,Northamptonshire,E10000021,CLA on 31 March,Any moves,Total children,z,z
2022,Reporting year,Local authority,E92000001,England,E12000004,East Midlands,928,Northamptonshire,E10000021,CLA on 31 March,Any moves,With one or more moves during the year,z,z
2022,Reporting year,Local authority,E92000001,England,E12000004,East Midlands,928,Northamptonshire,E10000021,CLA on 31 March,Mid-year moves,Total children,z,z
2022,Reporting year,Local authority,E92000001,England,E12000004,East Midlands,928,Northamptonshire,E10000021,CLA on 31 March,Mid-year moves,With one or more mid-year moves during the year,z,z
2022,Reporting year,Local authority,E92000001,England,E12000004,East Midlands,891,Nottinghamshire,E10000024,CLA 2 years on 31 March,Any moves,Total children,505,100
2022,Reporting year,Local authority,E92000001,England,E12000004,East Midlands,891,Nottinghamshire,E10000024,CLA 2 years on 31 March,Any moves,With one or more moves during the previous 2 years,121,24
2022,Reporting year,Local authority,E92000001,England,E12000004,East Midlands,891,Nottinghamshire,E10000024,CLA 2 years on 31 March,Mid-year moves,Total children,505,100
2022,Reporting year,Local authority,E92000001,England,E12000004,East Midlands,891,Nottinghamshire,E10000024,CLA 2 years on 31 March,Mid-year moves,With one or more mid-year moves during the previous 2 years,89,18
2022,Reporting year,Local authority,E92000001,England,E12000004,East Midlands,891,Nottinghamshire,E10000024,CLA on 31 March,Any moves,Total children,631,100
2022,Reporting year,Local authority,E92000001,England,E12000004,East Midlands,891,Nottinghamshire,E10000024,CLA on 31 March,Any moves,With one or more moves during the year,94,15
2022,Reporting year,Local authority,E92000001,England,E12000004,East Midlands,891,Nottinghamshire,E10000024,CLA on 31 March,Mid-year moves,Total children,631,100
2022,Reporting year,Local authority,E92000001,England,E12000004,East Midlands,891,Nottinghamshire,E10000024,CLA on 31 March,Mid-year moves,With one or more mid-year moves during the year,71,11
2022,Reporting year,Local authority,E92000001,England,E12000005,West Midlands,884,"Herefordshire, County of",E06000019,CLA 2 years on 31 March,Any moves,Total children,188,100
2022,Reporting year,Local authority,E92000001,England,E12000005,West Midlands,884,"Herefordshire, County of",E06000019,CLA 2 years on 31 March,Any moves,With one or more moves during the previous 2 years,44,23
2022,Reporting year,Local authority,E92000001,England,E12000005,West Midlands,884,"Herefordshire, County of",E06000019,CLA 2 years on 31 March,Mid-year moves,Total children,188,100
2022,Reporting year,Local authority,E92000001,England,E12000005,West Midlands,884,"Herefordshire, County of",E06000019,CLA 2 years on 31 March,Mid-year moves,With one or more mid-year moves during the previous 2 years,31,16
2022,Reporting year,Local authority,E92000001,England,E12000005,West Midlands,884,"Herefordshire, County of",E06000019,CLA on 31 March,Any moves,Total children,250,100
2022,Reporting year,Local authority,E92000001,England,E12000005,West Midlands,884,"Herefordshire, County of",E06000019,CLA on 31 March,Any moves,With one or more moves during the year,21,8
2022,Reporting year,Local authority,E92000001,England,E12000005,West Midlands,884,"Herefordshire, County of",E06000019,CLA on 31 March,Mid-year moves,Total children,250,100
2022,Reporting year,Local authority,E92000001,England,E12000005,West Midlands,884,"Herefordshire, County of",E06000019,CLA on 31 March,Mid-year moves,With one or more mid-year moves during the year,17,7
2022,Reporting year,Local authority,E92000001,England,E12000005,West Midlands,894,Telford and Wrekin,E06000020,CLA 2 years on 31 March,Any moves,Total children,228,100
2022,Reporting year,Local authority,E92000001,England,E12000005,West Midlands,894,Telford and Wrekin,E06000020,CLA 2 years on 31 March,Any moves,With one or more moves during the previous 2 years,43,19
2022,Reporting year,Local authority,E92000001,England,E12000005,West Midlands,894,Telford and Wrekin,E06000020,CLA 2 years on 31 March,Mid-year moves,Total children,228,100
2022,Reporting year,Local authority,E92000001,England,E12000005,West Midlands,894,Telford and Wrekin,E06000020,CLA 2 years on 31 March,Mid-year moves,With one or more mid-year moves during the previous 2 years,26,11
2022,Reporting year,Local authority,E92000001,England,E12000005,West Midlands,894,Telford and Wrekin,E06000020,CLA on 31 March,Any moves,Total children,271,100
2022,Reporting year,Local authority,E92000001,England,E12000005,West Midlands,894,Telford and Wrekin,E06000020,CLA on 31 March,Any moves,With one or more moves during the year,38,14
2022,Reporting year,Local authority,E92000001,England,E12000005,West Midlands,894,Telford and Wrekin,E06000020,CLA on 31 March,Mid-year moves,Total children,271,100
2022,Reporting year,Local authority,E92000001,England,E12000005,West Midlands,894,Telford and Wrekin,E06000020,CLA on 31 March,Mid-year moves,With one or more mid-year moves during the year,24,9
2022,Reporting year,Local authority,E92000001,England,E12000005,West Midlands,861,Stoke-on-Trent,E06000021,CLA 2 years on 31 March,Any moves,Total children,580,100
2022,Reporting year,Local authority,E92000001,England,E12000005,West Midlands,861,Stoke-on-Trent,E06000021,CLA 2 years on 31 March,Any moves,With one or more moves during the previous 2 years,107,18
2022,Reporting year,Local authority,E92000001,England,E12000005,West Midlands,861,Stoke-on-Trent,E06000021,CLA 2 years on 31 March,Mid-year moves,Total children,580,100
2022,Reporting year,Local authority,E92000001,England,E12000005,West Midlands,861,Stoke-on-Trent,E06000021,CLA 2 years on 31 March,Mid-year moves,With one or more mid-year moves during the previous 2 years,75,13
2022,Reporting year,Local authority,E92000001,England,E12000005,West Midlands,861,Stoke-on-Trent,E06000021,CLA on 31 March,Any moves,Total children,697,100
2022,Reporting year,Local authority,E92000001,England,E12000005,West Midlands,861,Stoke-on-Trent,E06000021,CLA on 31 March,Any moves,With one or more moves during the year,91,13
2022,Reporting year,Local authority,E92000001,England,E12000005,West Midlands,861,Stoke-on-Trent,E06000021,CLA on 31 March,Mid-year moves,Total children,697,100
2022,Reporting year,Local authority,E92000001,England,E12000005,West Midlands,861,Stoke-on-Trent,E06000021,CLA on 31 March,Mid-year moves,With one or more mid-year moves during the year,57,8
2022,Reporting year,Local authority,E92000001,England,E12000005,West Midlands,893,Shropshire,E06000051,CLA 2 years on 31 March,Any moves,Total children,285,100
2022,Reporting year,Local authority,E92000001,England,E12000005,West Midlands,893,Shropshire,E06000051,CLA 2 years on 31 March,Any moves,With one or more moves during the previous 2 years,56,20
2022,Reporting year,Local authority,E92000001,England,E12000005,West Midlands,893,Shropshire,E06000051,CLA 2 years on 31 March,Mid-year moves,Total children,285,100
2022,Reporting year,Local authority,E92000001,England,E12000005,West Midlands,893,Shropshire,E06000051,CLA 2 years on 31 March,Mid-year moves,With one or more mid-year moves during the previous 2 years,36,13
2022,Reporting year,Local authority,E92000001,England,E12000005,West Midlands,893,Shropshire,E06000051,CLA on 31 March,Any moves,Total children,366,100
2022,Reporting year,Local authority,E92000001,England,E12000005,West Midlands,893,Shropshire,E06000051,CLA on 31 March,Any moves,With one or more moves during the year,43,12
2022,Reporting year,Local authority,E92000001,England,E12000005,West Midlands,893,Shropshire,E06000051,CLA on 31 March,Mid-year moves,Total children,366,100
2022,Reporting year,Local authority,E92000001,England,E12000005,West Midlands,893,Shropshire,E06000051,CLA on 31 March,Mid-year moves,With one or more mid-year moves during the year,31,8
2022,Reporting year,Local authority,E92000001,England,E12000005,West Midlands,330,Birmingham,E08000025,CLA 2 years on 31 March,Any moves,Total children,1118,100
2022,Reporting year,Local authority,E92000001,England,E12000005,West Midlands,330,Birmingham,E08000025,CLA 2 years on 31 March,Any moves,With one or more moves during the previous 2 years,195,17
2022,Reporting year,Local authority,E92000001,England,E12000005,West Midlands,330,Birmingham,E08000025,CLA 2 years on 31 March,Mid-year moves,Total children,1118,100
2022,Reporting year,Local authority,E92000001,England,E12000005,West Midlands,330,Birmingham,E08000025,CLA 2 years on 31 March,Mid-year moves,With one or more mid-year moves during the previous 2 years,135,12
2022,Reporting year,Local authority,E92000001,England,E12000005,West Midlands,330,Birmingham,E08000025,CLA on 31 March,Any moves,Total children,1367,100
2022,Reporting year,Local authority,E92000001,England,E12000005,West Midlands,330,Birmingham,E08000025,CLA on 31 March,Any moves,With one or more moves during the year,147,11
2022,Reporting year,Local authority,E92000001,England,E12000005,West Midlands,330,Birmingham,E08000025,CLA on 31 March,Mid-year moves,Total children,1367,100
2022,Reporting year,Local authority,E92000001,England,E12000005,West Midlands,330,Birmingham,E08000025,CLA on 31 March,Mid-year moves,With one or more mid-year moves during the year,109,8
2022,Reporting year,Local authority,E92000001,England,E12000005,West Midlands,331,Coventry,E08000026,CLA 2 years on 31 March,Any moves,Total children,395,100
2022,Reporting year,Local authority,E92000001,England,E12000005,West Midlands,331,Coventry,E08000026,CLA 2 years on 31 March,Any moves,With one or more moves during the previous 2 years,67,17
2022,Reporting year,Local authority,E92000001,England,E12000005,West Midlands,331,Coventry,E08000026,CLA 2 years on 31 March,Mid-year moves,Total children,395,100
2022,Reporting year,Local authority,E92000001,England,E12000005,West Midlands,331,Coventry,E08000026,CLA 2 years on 31 March,Mid-year moves,With one or more mid-year moves during the previous 2 years,41,10
2022,Reporting year,Local authority,E92000001,England,E12000005,West Midlands,331,Coventry,E08000026,CLA on 31 March,Any moves,Total children,444,100
2022,Reporting year,Local authority,E92000001,England,E12000005,West Midlands,331,Coventry,E08000026,CLA on 31 March,Any moves,With one or more moves during the year,52,12
2022,Reporting year,Local authority,E92000001,England,E12000005,West Midlands,331,Coventry,E08000026,CLA on 31 March,Mid-year moves,Total children,444,100
2022,Reporting year,Local authority,E92000001,England,E12000005,West Midlands,331,Coventry,E08000026,CLA on 31 March,Mid-year moves,With one or more mid-year moves during the year,38,9
2022,Reporting year,Local authority,E92000001,England,E12000005,West Midlands,332,Dudley,E08000027,CLA 2 years on 31 March,Any moves,Total children,357,100
2022,Reporting year,Local authority,E92000001,England,E12000005,West Midlands,332,Dudley,E08000027,CLA 2 years on 31 March,Any moves,With one or more moves during the previous 2 years,48,13
2022,Reporting year,Local authority,E92000001,England,E12000005,West Midlands,332,Dudley,E08000027,CLA 2 years on 31 March,Mid-year moves,Total children,357,100
2022,Reporting year,Local authority,E92000001,England,E12000005,West Midlands,332,Dudley,E08000027,CLA 2 years on 31 March,Mid-year moves,With one or more mid-year moves during the previous 2 years,36,10
2022,Reporting year,Local authority,E92000001,England,E12000005,West Midlands,332,Dudley,E08000027,CLA on 31 March,Any moves,Total children,396,100
2022,Reporting year,Local authority,E92000001,England,E12000005,West Midlands,332,Dudley,E08000027,CLA on 31 March,Any moves,With one or more moves during the year,37,9
2022,Reporting year,Local authority,E92000001,England,E12000005,West Midlands,332,Dudley,E08000027,CLA on 31 March,Mid-year moves,Total children,396,100
2022,Reporting year,Local authority,E92000001,England,E12000005,West Midlands,332,Dudley,E08000027,CLA on 31 March,Mid-year moves,With one or more mid-year moves during the year,29,7
2022,Reporting year,Local authority,E92000001,England,E12000005,West Midlands,333,Sandwell,E08000028,CLA 2 years on 31 March,Any moves,Total children,540,100
2022,Reporting year,Local authority,E92000001,England,E12000005,West Midlands,333,Sandwell,E08000028,CLA 2 years on 31 March,Any moves,With one or more moves during the previous 2 years,98,18
2022,Reporting year,Local authority,E92000001,England,E12000005,West Midlands,333,Sandwell,E08000028,CLA 2 years on 31 March,Mid-year moves,Total children,540,100
2022,Reporting year,Local authority,E92000001,England,E12000005,West Midlands,333,Sandwell,E08000028,CLA 2 years on 31 March,Mid-year moves,With one or more mid-year moves during the previous 2 years,69,13
2022,Reporting year,Local authority,E92000001,England,E12000005,West Midlands,333,Sandwell,E08000028,CLA on 31 March,Any moves,Total children,577,100
2022,Reporting year,Local authority,E92000001,England,E12000005,West Midlands,333,Sandwell,E08000028,CLA on 31 March,Any moves,With one or more moves during the year,69,12
2022,Reporting year,Local authority,E92000001,England,E12000005,West Midlands,333,Sandwell,E08000028,CLA on 31 March,Mid-year moves,Total children,577,100
2022,Reporting year,Local authority,E92000001,England,E12000005,West Midlands,333,Sandwell,E08000028,CLA on 31 March,Mid-year moves,With one or more mid-year moves during the year,47,8
2022,Reporting year,Local authority,E92000001,England,E12000005,West Midlands,334,Solihull,E08000029,CLA 2 years on 31 March,Any moves,Total children,315,100
2022,Reporting year,Local authority,E92000001,England,E12000005,West Midlands,334,Solihull,E08000029,CLA 2 years on 31 March,Any moves,With one or more moves during the previous 2 years,31,10
2022,Reporting year,Local authority,E92000001,England,E12000005,West Midlands,334,Solihull,E08000029,CLA 2 years on 31 March,Mid-year moves,Total children,315,100
2022,Reporting year,Local authority,E92000001,England,E12000005,West Midlands,334,Solihull,E08000029,CLA 2 years on 31 March,Mid-year moves,With one or more mid-year moves during the previous 2 years,20,6
2022,Reporting year,Local authority,E92000001,England,E12000005,West Midlands,334,Solihull,E08000029,CLA on 31 March,Any moves,Total children,358,100
2022,Reporting year,Local authority,E92000001,England,E12000005,West Midlands,334,Solihull,E08000029,CLA on 31 March,Any moves,With one or more moves during the year,20,6
2022,Reporting year,Local authority,E92000001,England,E12000005,West Midlands,334,Solihull,E08000029,CLA on 31 March,Mid-year moves,Total children,358,100
2022,Reporting year,Local authority,E92000001,England,E12000005,West Midlands,334,Solihull,E08000029,CLA on 31 March,Mid-year moves,With one or more mid-year moves during the year,14,4
2022,Reporting year,Local authority,E92000001,England,E12000005,West Midlands,335,Walsall,E08000030,CLA 2 years on 31 March,Any moves,Total children,367,100
2022,Reporting year,Local authority,E92000001,England,E12000005,West Midlands,335,Walsall,E08000030,CLA 2 years on 31 March,Any moves,With one or more moves during the previous 2 years,74,20
2022,Reporting year,Local authority,E92000001,England,E12000005,West Midlands,335,Walsall,E08000030,CLA 2 years on 31 March,Mid-year moves,Total children,367,100
2022,Reporting year,Local authority,E92000001,England,E12000005,West Midlands,335,Walsall,E08000030,CLA 2 years on 31 March,Mid-year moves,With one or more mid-year moves during the previous 2 years,45,12
2022,Reporting year,Local authority,E92000001,England,E12000005,West Midlands,335,Walsall,E08000030,CLA on 31 March,Any moves,Total children,430,100
2022,Reporting year,Local authority,E92000001,England,E12000005,West Midlands,335,Walsall,E08000030,CLA on 31 March,Any moves,With one or more moves during the year,50,12
2022,Reporting year,Local authority,E92000001,England,E12000005,West Midlands,335,Walsall,E08000030,CLA on 31 March,Mid-year moves,Total children,430,100
2022,Reporting year,Local authority,E92000001,England,E12000005,West Midlands,335,Walsall,E08000030,CLA on 31 March,Mid-year moves,With one or more mid-year moves during the year,37,9
2022,Reporting year,Local authority,E92000001,England,E12000005,West Midlands,336,Wolverhampton,E08000031,CLA 2 years on 31 March,Any moves,Total children,320,100
2022,Reporting year,Local authority,E92000001,England,E12000005,West Midlands,336,Wolverhampton,E08000031,CLA 2 years on 31 March,Any moves,With one or more moves during the previous 2 years,44,14
2022,Reporting year,Local authority,E92000001,England,E12000005,West Midlands,336,Wolverhampton,E08000031,CLA 2 years on 31 March,Mid-year moves,Total children,320,100
2022,Reporting year,Local authority,E92000001,England,E12000005,West Midlands,336,Wolverhampton,E08000031,CLA 2 years on 31 March,Mid-year moves,With one or more mid-year moves during the previous 2 years,27,8
2022,Reporting year,Local authority,E92000001,England,E12000005,West Midlands,336,Wolverhampton,E08000031,CLA on 31 March,Any moves,Total children,357,100
2022,Reporting year,Local authority,E92000001,England,E12000005,West Midlands,336,Wolverhampton,E08000031,CLA on 31 March,Any moves,With one or more moves during the year,21,6
2022,Reporting year,Local authority,E92000001,England,E12000005,West Midlands,336,Wolverhampton,E08000031,CLA on 31 March,Mid-year moves,Total children,357,100
2022,Reporting year,Local authority,E92000001,England,E12000005,West Midlands,336,Wolverhampton,E08000031,CLA on 31 March,Mid-year moves,With one or more mid-year moves during the year,11,3
2022,Reporting year,Local authority,E92000001,England,E12000005,West Midlands,860,Staffordshire,E10000028,CLA 2 years on 31 March,Any moves,Total children,729,100
2022,Reporting year,Local authority,E92000001,England,E12000005,West Midlands,860,Staffordshire,E10000028,CLA 2 years on 31 March,Any moves,With one or more moves during the previous 2 years,122,17
2022,Reporting year,Local authority,E92000001,England,E12000005,West Midlands,860,Staffordshire,E10000028,CLA 2 years on 31 March,Mid-year moves,Total children,729,100
2022,Reporting year,Local authority,E92000001,England,E12000005,West Midlands,860,Staffordshire,E10000028,CLA 2 years on 31 March,Mid-year moves,With one or more mid-year moves during the previous 2 years,66,9
2022,Reporting year,Local authority,E92000001,England,E12000005,West Midlands,860,Staffordshire,E10000028,CLA on 31 March,Any moves,Total children,883,100
2022,Reporting year,Local authority,E92000001,England,E12000005,West Midlands,860,Staffordshire,E10000028,CLA on 31 March,Any moves,With one or more moves during the year,86,10
2022,Reporting year,Local authority,E92000001,England,E12000005,West Midlands,860,Staffordshire,E10000028,CLA on 31 March,Mid-year moves,Total children,883,100
2022,Reporting year,Local authority,E92000001,England,E12000005,West Midlands,860,Staffordshire,E10000028,CLA on 31 March,Mid-year moves,With one or more mid-year moves during the year,55,6
2022,Reporting year,Local authority,E92000001,England,E12000005,West Midlands,937,Warwickshire,E10000031,CLA 2 years on 31 March,Any moves,Total children,407,100
2022,Reporting year,Local authority,E92000001,England,E12000005,West Midlands,937,Warwickshire,E10000031,CLA 2 years on 31 March,Any moves,With one or more moves during the previous 2 years,65,16
2022,Reporting year,Local authority,E92000001,England,E12000005,West Midlands,937,Warwickshire,E10000031,CLA 2 years on 31 March,Mid-year moves,Total children,407,100
2022,Reporting year,Local authority,E92000001,England,E12000005,West Midlands,937,Warwickshire,E10000031,CLA 2 years on 31 March,Mid-year moves,With one or more mid-year moves during the previous 2 years,33,8
2022,Reporting year,Local authority,E92000001,England,E12000005,West Midlands,937,Warwickshire,E10000031,CLA on 31 March,Any moves,Total children,477,100
2022,Reporting year,Local authority,E92000001,England,E12000005,West Midlands,937,Warwickshire,E10000031,CLA on 31 March,Any moves,With one or more moves during the year,44,9
2022,Reporting year,Local authority,E92000001,England,E12000005,West Midlands,937,Warwickshire,E10000031,CLA on 31 March,Mid-year moves,Total children,477,100
2022,Reporting year,Local authority,E92000001,England,E12000005,West Midlands,937,Warwickshire,E10000031,CLA on 31 March,Mid-year moves,With one or more mid-year moves during the year,27,6
2022,Reporting year,Local authority,E92000001,England,E12000005,West Midlands,885,Worcestershire,E10000034,CLA 2 years on 31 March,Any moves,Total children,541,100
2022,Reporting year,Local authority,E92000001,England,E12000005,West Midlands,885,Worcestershire,E10000034,CLA 2 years on 31 March,Any moves,With one or more moves during the previous 2 years,99,18
2022,Reporting year,Local authority,E92000001,England,E12000005,West Midlands,885,Worcestershire,E10000034,CLA 2 years on 31 March,Mid-year moves,Total children,541,100
2022,Reporting year,Local authority,E92000001,England,E12000005,West Midlands,885,Worcestershire,E10000034,CLA 2 years on 31 March,Mid-year moves,With one or more mid-year moves during the previous 2 years,69,13
2022,Reporting year,Local authority,E92000001,England,E12000005,West Midlands,885,Worcestershire,E10000034,CLA on 31 March,Any moves,Total children,617,100
2022,Reporting year,Local authority,E92000001,England,E12000005,West Midlands,885,Worcestershire,E10000034,CLA on 31 March,Any moves,With one or more moves during the year,67,11
2022,Reporting year,Local authority,E92000001,England,E12000005,West Midlands,885,Worcestershire,E10000034,CLA on 31 March,Mid-year moves,Total children,617,100
2022,Reporting year,Local authority,E92000001,England,E12000005,West Midlands,885,Worcestershire,E10000034,CLA on 31 March,Mid-year moves,With one or more mid-year moves during the year,52,8
2022,Reporting year,Local authority,E92000001,England,E12000006,East of England,874,Peterborough,E06000031,CLA 2 years on 31 March,Any moves,Total children,184,100
2022,Reporting year,Local authority,E92000001,England,E12000006,East of England,874,Peterborough,E06000031,CLA 2 years on 31 March,Any moves,With one or more moves during the previous 2 years,51,28
2022,Reporting year,Local authority,E92000001,England,E12000006,East of England,874,Peterborough,E06000031,CLA 2 years on 31 March,Mid-year moves,Total children,184,100
2022,Reporting year,Local authority,E92000001,England,E12000006,East of England,874,Peterborough,E06000031,CLA 2 years on 31 March,Mid-year moves,With one or more mid-year moves during the previous 2 years,37,20
2022,Reporting year,Local authority,E92000001,England,E12000006,East of England,874,Peterborough,E06000031,CLA on 31 March,Any moves,Total children,224,100
2022,Reporting year,Local authority,E92000001,England,E12000006,East of England,874,Peterborough,E06000031,CLA on 31 March,Any moves,With one or more moves during the year,32,14
2022,Reporting year,Local authority,E92000001,England,E12000006,East of England,874,Peterborough,E06000031,CLA on 31 March,Mid-year moves,Total children,224,100
2022,Reporting year,Local authority,E92000001,England,E12000006,East of England,874,Peterborough,E06000031,CLA on 31 March,Mid-year moves,With one or more mid-year moves during the year,21,9
2022,Reporting year,Local authority,E92000001,England,E12000006,East of England,821,Luton,E06000032,CLA 2 years on 31 March,Any moves,Total children,202,100
2022,Reporting year,Local authority,E92000001,England,E12000006,East of England,821,Luton,E06000032,CLA 2 years on 31 March,Any moves,With one or more moves during the previous 2 years,43,21
2022,Reporting year,Local authority,E92000001,England,E12000006,East of England,821,Luton,E06000032,CLA 2 years on 31 March,Mid-year moves,Total children,202,100
2022,Reporting year,Local authority,E92000001,England,E12000006,East of England,821,Luton,E06000032,CLA 2 years on 31 March,Mid-year moves,With one or more mid-year moves during the previous 2 years,28,14
2022,Reporting year,Local authority,E92000001,England,E12000006,East of England,821,Luton,E06000032,CLA on 31 March,Any moves,Total children,243,100
2022,Reporting year,Local authority,E92000001,England,E12000006,East of England,821,Luton,E06000032,CLA on 31 March,Any moves,With one or more moves during the year,31,13
2022,Reporting year,Local authority,E92000001,England,E12000006,East of England,821,Luton,E06000032,CLA on 31 March,Mid-year moves,Total children,243,100
2022,Reporting year,Local authority,E92000001,England,E12000006,East of England,821,Luton,E06000032,CLA on 31 March,Mid-year moves,With one or more mid-year moves during the year,21,9
2022,Reporting year,Local authority,E92000001,England,E12000006,East of England,882,Southend-on-Sea,E06000033,CLA 2 years on 31 March,Any moves,Total children,156,100
2022,Reporting year,Local authority,E92000001,England,E12000006,East of England,882,Southend-on-Sea,E06000033,CLA 2 years on 31 March,Any moves,With one or more moves during the previous 2 years,34,22
2022,Reporting year,Local authority,E92000001,England,E12000006,East of England,882,Southend-on-Sea,E06000033,CLA 2 years on 31 March,Mid-year moves,Total children,156,100
2022,Reporting year,Local authority,E92000001,England,E12000006,East of England,882,Southend-on-Sea,E06000033,CLA 2 years on 31 March,Mid-year moves,With one or more mid-year moves during the previous 2 years,24,15
2022,Reporting year,Local authority,E92000001,England,E12000006,East of England,882,Southend-on-Sea,E06000033,CLA on 31 March,Any moves,Total children,206,100
2022,Reporting year,Local authority,E92000001,England,E12000006,East of England,882,Southend-on-Sea,E06000033,CLA on 31 March,Any moves,With one or more moves during the year,24,12
2022,Reporting year,Local authority,E92000001,England,E12000006,East of England,882,Southend-on-Sea,E06000033,CLA on 31 March,Mid-year moves,Total children,206,100
2022,Reporting year,Local authority,E92000001,England,E12000006,East of England,882,Southend-on-Sea,E06000033,CLA on 31 March,Mid-year moves,With one or more mid-year moves during the year,20,10
2022,Reporting year,Local authority,E92000001,England,E12000006,East of England,883,Thurrock,E06000034,CLA 2 years on 31 March,Any moves,Total children,160,100
2022,Reporting year,Local authority,E92000001,England,E12000006,East of England,883,Thurrock,E06000034,CLA 2 years on 31 March,Any moves,With one or more moves during the previous 2 years,33,21
2022,Reporting year,Local authority,E92000001,England,E12000006,East of England,883,Thurrock,E06000034,CLA 2 years on 31 March,Mid-year moves,Total children,160,100
2022,Reporting year,Local authority,E92000001,England,E12000006,East of England,883,Thurrock,E06000034,CLA 2 years on 31 March,Mid-year moves,With one or more mid-year moves during the previous 2 years,25,16
2022,Reporting year,Local authority,E92000001,England,E12000006,East of England,883,Thurrock,E06000034,CLA on 31 March,Any moves,Total children,197,100
2022,Reporting year,Local authority,E92000001,England,E12000006,East of England,883,Thurrock,E06000034,CLA on 31 March,Any moves,With one or more moves during the year,34,17
2022,Reporting year,Local authority,E92000001,England,E12000006,East of England,883,Thurrock,E06000034,CLA on 31 March,Mid-year moves,Total children,197,100
2022,Reporting year,Local authority,E92000001,England,E12000006,East of England,883,Thurrock,E06000034,CLA on 31 March,Mid-year moves,With one or more mid-year moves during the year,24,12
2022,Reporting year,Local authority,E92000001,England,E12000006,East of England,822,Bedford,E06000055,CLA 2 years on 31 March,Any moves,Total children,145,100
2022,Reporting year,Local authority,E92000001,England,E12000006,East of England,822,Bedford,E06000055,CLA 2 years on 31 March,Any moves,With one or more moves during the previous 2 years,42,29
2022,Reporting year,Local authority,E92000001,England,E12000006,East of England,822,Bedford,E06000055,CLA 2 years on 31 March,Mid-year moves,Total children,145,100
2022,Reporting year,Local authority,E92000001,England,E12000006,East of England,822,Bedford,E06000055,CLA 2 years on 31 March,Mid-year moves,With one or more mid-year moves during the previous 2 years,30,21
2022,Reporting year,Local authority,E92000001,England,E12000006,East of England,822,Bedford,E06000055,CLA on 31 March,Any moves,Total children,167,100
2022,Reporting year,Local authority,E92000001,England,E12000006,East of England,822,Bedford,E06000055,CLA on 31 March,Any moves,With one or more moves during the year,27,16
2022,Reporting year,Local authority,E92000001,England,E12000006,East of England,822,Bedford,E06000055,CLA on 31 March,Mid-year moves,Total children,167,100
2022,Reporting year,Local authority,E92000001,England,E12000006,East of England,822,Bedford,E06000055,CLA on 31 March,Mid-year moves,With one or more mid-year moves during the year,24,14
2022,Reporting year,Local authority,E92000001,England,E12000006,East of England,823,Central Bedfordshire,E06000056,CLA 2 years on 31 March,Any moves,Total children,183,100
2022,Reporting year,Local authority,E92000001,England,E12000006,East of England,823,Central Bedfordshire,E06000056,CLA 2 years on 31 March,Any moves,With one or more moves during the previous 2 years,45,25
2022,Reporting year,Local authority,E92000001,England,E12000006,East of England,823,Central Bedfordshire,E06000056,CLA 2 years on 31 March,Mid-year moves,Total children,183,100
2022,Reporting year,Local authority,E92000001,England,E12000006,East of England,823,Central Bedfordshire,E06000056,CLA 2 years on 31 March,Mid-year moves,With one or more mid-year moves during the previous 2 years,34,19
2022,Reporting year,Local authority,E92000001,England,E12000006,East of England,823,Central Bedfordshire,E06000056,CLA on 31 March,Any moves,Total children,224,100
2022,Reporting year,Local authority,E92000001,England,E12000006,East of England,823,Central Bedfordshire,E06000056,CLA on 31 March,Any moves,With one or more moves during the year,24,11
2022,Reporting year,Local authority,E92000001,England,E12000006,East of England,823,Central Bedfordshire,E06000056,CLA on 31 March,Mid-year moves,Total children,224,100
2022,Reporting year,Local authority,E92000001,England,E12000006,East of England,823,Central Bedfordshire,E06000056,CLA on 31 March,Mid-year moves,With one or more mid-year moves during the year,20,9
2022,Reporting year,Local authority,E92000001,England,E12000006,East of England,873,Cambridgeshire,E10000003,CLA 2 years on 31 March,Any moves,Total children,332,100
2022,Reporting year,Local authority,E92000001,England,E12000006,East of England,873,Cambridgeshire,E10000003,CLA 2 years on 31 March,Any moves,With one or more moves during the previous 2 years,79,24
2022,Reporting year,Local authority,E92000001,England,E12000006,East of England,873,Cambridgeshire,E10000003,CLA 2 years on 31 March,Mid-year moves,Total children,332,100
2022,Reporting year,Local authority,E92000001,England,E12000006,East of England,873,Cambridgeshire,E10000003,CLA 2 years on 31 March,Mid-year moves,With one or more mid-year moves during the previous 2 years,62,19
2022,Reporting year,Local authority,E92000001,England,E12000006,East of England,873,Cambridgeshire,E10000003,CLA on 31 March,Any moves,Total children,392,100
2022,Reporting year,Local authority,E92000001,England,E12000006,East of England,873,Cambridgeshire,E10000003,CLA on 31 March,Any moves,With one or more moves during the year,50,13
2022,Reporting year,Local authority,E92000001,England,E12000006,East of England,873,Cambridgeshire,E10000003,CLA on 31 March,Mid-year moves,Total children,392,100
2022,Reporting year,Local authority,E92000001,England,E12000006,East of England,873,Cambridgeshire,E10000003,CLA on 31 March,Mid-year moves,With one or more mid-year moves during the year,42,11
2022,Reporting year,Local authority,E92000001,England,E12000006,East of England,881,Essex,E10000012,CLA 2 years on 31 March,Any moves,Total children,554,100
2022,Reporting year,Local authority,E92000001,England,E12000006,East of England,881,Essex,E10000012,CLA 2 years on 31 March,Any moves,With one or more moves during the previous 2 years,137,25
2022,Reporting year,Local authority,E92000001,England,E12000006,East of England,881,Essex,E10000012,CLA 2 years on 31 March,Mid-year moves,Total children,554,100
2022,Reporting year,Local authority,E92000001,England,E12000006,East of England,881,Essex,E10000012,CLA 2 years on 31 March,Mid-year moves,With one or more mid-year moves during the previous 2 years,96,17
2022,Reporting year,Local authority,E92000001,England,E12000006,East of England,881,Essex,E10000012,CLA on 31 March,Any moves,Total children,671,100
2022,Reporting year,Local authority,E92000001,England,E12000006,East of England,881,Essex,E10000012,CLA on 31 March,Any moves,With one or more moves during the year,104,15
2022,Reporting year,Local authority,E92000001,England,E12000006,East of England,881,Essex,E10000012,CLA on 31 March,Mid-year moves,Total children,671,100
2022,Reporting year,Local authority,E92000001,England,E12000006,East of England,881,Essex,E10000012,CLA on 31 March,Mid-year moves,With one or more mid-year moves during the year,77,11
2022,Reporting year,Local authority,E92000001,England,E12000006,East of England,919,Hertfordshire,E10000015,CLA 2 years on 31 March,Any moves,Total children,552,100
2022,Reporting year,Local authority,E92000001,England,E12000006,East of England,919,Hertfordshire,E10000015,CLA 2 years on 31 March,Any moves,With one or more moves during the previous 2 years,133,24
2022,Reporting year,Local authority,E92000001,England,E12000006,East of England,919,Hertfordshire,E10000015,CLA 2 years on 31 March,Mid-year moves,Total children,552,100
2022,Reporting year,Local authority,E92000001,England,E12000006,East of England,919,Hertfordshire,E10000015,CLA 2 years on 31 March,Mid-year moves,With one or more mid-year moves during the previous 2 years,86,16
2022,Reporting year,Local authority,E92000001,England,E12000006,East of England,919,Hertfordshire,E10000015,CLA on 31 March,Any moves,Total children,658,100
2022,Reporting year,Local authority,E92000001,England,E12000006,East of England,919,Hertfordshire,E10000015,CLA on 31 March,Any moves,With one or more moves during the year,84,13
2022,Reporting year,Local authority,E92000001,England,E12000006,East of England,919,Hertfordshire,E10000015,CLA on 31 March,Mid-year moves,Total children,658,100
2022,Reporting year,Local authority,E92000001,England,E12000006,East of England,919,Hertfordshire,E10000015,CLA on 31 March,Mid-year moves,With one or more mid-year moves during the year,59,9
2022,Reporting year,Local authority,E92000001,England,E12000006,East of England,926,Norfolk,E10000020,CLA 2 years on 31 March,Any moves,Total children,579,100
2022,Reporting year,Local authority,E92000001,England,E12000006,East of England,926,Norfolk,E10000020,CLA 2 years on 31 March,Any moves,With one or more moves during the previous 2 years,120,21
2022,Reporting year,Local authority,E92000001,England,E12000006,East of England,926,Norfolk,E10000020,CLA 2 years on 31 March,Mid-year moves,Total children,579,100
2022,Reporting year,Local authority,E92000001,England,E12000006,East of England,926,Norfolk,E10000020,CLA 2 years on 31 March,Mid-year moves,With one or more mid-year moves during the previous 2 years,71,12
2022,Reporting year,Local authority,E92000001,England,E12000006,East of England,926,Norfolk,E10000020,CLA on 31 March,Any moves,Total children,679,100
2022,Reporting year,Local authority,E92000001,England,E12000006,East of England,926,Norfolk,E10000020,CLA on 31 March,Any moves,With one or more moves during the year,84,12
2022,Reporting year,Local authority,E92000001,England,E12000006,East of England,926,Norfolk,E10000020,CLA on 31 March,Mid-year moves,Total children,679,100
2022,Reporting year,Local authority,E92000001,England,E12000006,East of England,926,Norfolk,E10000020,CLA on 31 March,Mid-year moves,With one or more mid-year moves during the year,54,8
2022,Reporting year,Local authority,E92000001,England,E12000006,East of England,935,Suffolk,E10000029,CLA 2 years on 31 March,Any moves,Total children,513,100
2022,Reporting year,Local authority,E92000001,England,E12000006,East of England,935,Suffolk,E10000029,CLA 2 years on 31 March,Any moves,With one or more moves during the previous 2 years,144,28
2022,Reporting year,Local authority,E92000001,England,E12000006,East of England,935,Suffolk,E10000029,CLA 2 years on 31 March,Mid-year moves,Total children,513,100
2022,Reporting year,Local authority,E92000001,England,E12000006,East of England,935,Suffolk,E10000029,CLA 2 years on 31 March,Mid-year moves,With one or more mid-year moves during the previous 2 years,102,20
2022,Reporting year,Local authority,E92000001,England,E12000006,East of England,935,Suffolk,E10000029,CLA on 31 March,Any moves,Total children,605,100
2022,Reporting year,Local authority,E92000001,England,E12000006,East of England,935,Suffolk,E10000029,CLA on 31 March,Any moves,With one or more moves during the year,100,17
2022,Reporting year,Local authority,E92000001,England,E12000006,East of England,935,Suffolk,E10000029,CLA on 31 March,Mid-year moves,Total children,605,100
2022,Reporting year,Local authority,E92000001,England,E12000006,East of England,935,Suffolk,E10000029,CLA on 31 March,Mid-year moves,With one or more mid-year moves during the year,63,10
2022,Reporting year,Local authority,E92000001,England,E12000008,South East,887,Medway,E06000035,CLA 2 years on 31 March,Any moves,Total children,266,100
2022,Reporting year,Local authority,E92000001,England,E12000008,South East,887,Medway,E06000035,CLA 2 years on 31 March,Any moves,With one or more moves during the previous 2 years,53,20
2022,Reporting year,Local authority,E92000001,England,E12000008,South East,887,Medway,E06000035,CLA 2 years on 31 March,Mid-year moves,Total children,266,100
2022,Reporting year,Local authority,E92000001,England,E12000008,South East,887,Medway,E06000035,CLA 2 years on 31 March,Mid-year moves,With one or more mid-year moves during the previous 2 years,28,11
2022,Reporting year,Local authority,E92000001,England,E12000008,South East,887,Medway,E06000035,CLA on 31 March,Any moves,Total children,293,100
2022,Reporting year,Local authority,E92000001,England,E12000008,South East,887,Medway,E06000035,CLA on 31 March,Any moves,With one or more moves during the year,33,11
2022,Reporting year,Local authority,E92000001,England,E12000008,South East,887,Medway,E06000035,CLA on 31 March,Mid-year moves,Total children,293,100
2022,Reporting year,Local authority,E92000001,England,E12000008,South East,887,Medway,E06000035,CLA on 31 March,Mid-year moves,With one or more mid-year moves during the year,24,8
2022,Reporting year,Local authority,E92000001,England,E12000008,South East,867,Bracknell Forest,E06000036,CLA 2 years on 31 March,Any moves,Total children,72,100
2022,Reporting year,Local authority,E92000001,England,E12000008,South East,867,Bracknell Forest,E06000036,CLA 2 years on 31 March,Any moves,With one or more moves during the previous 2 years,12,17
2022,Reporting year,Local authority,E92000001,England,E12000008,South East,867,Bracknell Forest,E06000036,CLA 2 years on 31 March,Mid-year moves,Total children,72,100
2022,Reporting year,Local authority,E92000001,England,E12000008,South East,867,Bracknell Forest,E06000036,CLA 2 years on 31 March,Mid-year moves,With one or more mid-year moves during the previous 2 years,8,11
2022,Reporting year,Local authority,E92000001,England,E12000008,South East,867,Bracknell Forest,E06000036,CLA on 31 March,Any moves,Total children,81,100
2022,Reporting year,Local authority,E92000001,England,E12000008,South East,867,Bracknell Forest,E06000036,CLA on 31 March,Any moves,With one or more moves during the year,8,10
2022,Reporting year,Local authority,E92000001,England,E12000008,South East,867,Bracknell Forest,E06000036,CLA on 31 March,Mid-year moves,Total children,81,100
2022,Reporting year,Local authority,E92000001,England,E12000008,South East,867,Bracknell Forest,E06000036,CLA on 31 March,Mid-year moves,With one or more mid-year moves during the year,7,9
2022,Reporting year,Local authority,E92000001,England,E12000008,South East,869,West Berkshire,E06000037,CLA 2 years on 31 March,Any moves,Total children,79,100
2022,Reporting year,Local authority,E92000001,England,E12000008,South East,869,West Berkshire,E06000037,CLA 2 years on 31 March,Any moves,With one or more moves during the previous 2 years,19,24
2022,Reporting year,Local authority,E92000001,England,E12000008,South East,869,West Berkshire,E06000037,CLA 2 years on 31 March,Mid-year moves,Total children,79,100
2022,Reporting year,Local authority,E92000001,England,E12000008,South East,869,West Berkshire,E06000037,CLA 2 years on 31 March,Mid-year moves,With one or more mid-year moves during the previous 2 years,13,16
2022,Reporting year,Local authority,E92000001,England,E12000008,South East,869,West Berkshire,E06000037,CLA on 31 March,Any moves,Total children,95,100
2022,Reporting year,Local authority,E92000001,England,E12000008,South East,869,West Berkshire,E06000037,CLA on 31 March,Any moves,With one or more moves during the year,10,11
2022,Reporting year,Local authority,E92000001,England,E12000008,South East,869,West Berkshire,E06000037,CLA on 31 March,Mid-year moves,Total children,95,100
2022,Reporting year,Local authority,E92000001,England,E12000008,South East,869,West Berkshire,E06000037,CLA on 31 March,Mid-year moves,With one or more mid-year moves during the year,9,9
2022,Reporting year,Local authority,E92000001,England,E12000008,South East,870,Reading,E06000038,CLA 2 years on 31 March,Any moves,Total children,138,100
2022,Reporting year,Local authority,E92000001,England,E12000008,South East,870,Reading,E06000038,CLA 2 years on 31 March,Any moves,With one or more moves during the previous 2 years,27,20
2022,Reporting year,Local authority,E92000001,England,E12000008,South East,870,Reading,E06000038,CLA 2 years on 31 March,Mid-year moves,Total children,138,100
2022,Reporting year,Local authority,E92000001,England,E12000008,South East,870,Reading,E06000038,CLA 2 years on 31 March,Mid-year moves,With one or more mid-year moves during the previous 2 years,18,13
2022,Reporting year,Local authority,E92000001,England,E12000008,South East,870,Reading,E06000038,CLA on 31 March,Any moves,Total children,148,100
2022,Reporting year,Local authority,E92000001,England,E12000008,South East,870,Reading,E06000038,CLA on 31 March,Any moves,With one or more moves during the year,22,15
2022,Reporting year,Local authority,E92000001,England,E12000008,South East,870,Reading,E06000038,CLA on 31 March,Mid-year moves,Total children,148,100
2022,Reporting year,Local authority,E92000001,England,E12000008,South East,870,Reading,E06000038,CLA on 31 March,Mid-year moves,With one or more mid-year moves during the year,16,11
2022,Reporting year,Local authority,E92000001,England,E12000008,South East,871,Slough,E06000039,CLA 2 years on 31 March,Any moves,Total children,100,100
2022,Reporting year,Local authority,E92000001,England,E12000008,South East,871,Slough,E06000039,CLA 2 years on 31 March,Any moves,With one or more moves during the previous 2 years,25,25
2022,Reporting year,Local authority,E92000001,England,E12000008,South East,871,Slough,E06000039,CLA 2 years on 31 March,Mid-year moves,Total children,100,100
2022,Reporting year,Local authority,E92000001,England,E12000008,South East,871,Slough,E06000039,CLA 2 years on 31 March,Mid-year moves,With one or more mid-year moves during the previous 2 years,17,17
2022,Reporting year,Local authority,E92000001,England,E12000008,South East,871,Slough,E06000039,CLA on 31 March,Any moves,Total children,133,100
2022,Reporting year,Local authority,E92000001,England,E12000008,South East,871,Slough,E06000039,CLA on 31 March,Any moves,With one or more moves during the year,19,14
2022,Reporting year,Local authority,E92000001,England,E12000008,South East,871,Slough,E06000039,CLA on 31 March,Mid-year moves,Total children,133,100
2022,Reporting year,Local authority,E92000001,England,E12000008,South East,871,Slough,E06000039,CLA on 31 March,Mid-year moves,With one or more mid-year moves during the year,12,9
2022,Reporting year,Local authority,E92000001,England,E12000008,South East,868,Windsor and Maidenhead,E06000040,CLA 2 years on 31 March,Any moves,Total children,64,100
2022,Reporting year,Local authority,E92000001,England,E12000008,South East,868,Windsor and Maidenhead,E06000040,CLA 2 years on 31 March,Any moves,With one or more moves during the previous 2 years,13,20
2022,Reporting year,Local authority,E92000001,England,E12000008,South East,868,Windsor and Maidenhead,E06000040,CLA 2 years on 31 March,Mid-year moves,Total children,64,100
2022,Reporting year,Local authority,E92000001,England,E12000008,South East,868,Windsor and Maidenhead,E06000040,CLA 2 years on 31 March,Mid-year moves,With one or more mid-year moves during the previous 2 years,11,17
2022,Reporting year,Local authority,E92000001,England,E12000008,South East,868,Windsor and Maidenhead,E06000040,CLA on 31 March,Any moves,Total children,84,100
2022,Reporting year,Local authority,E92000001,England,E12000008,South East,868,Windsor and Maidenhead,E06000040,CLA on 31 March,Any moves,With one or more moves during the year,9,11
2022,Reporting year,Local authority,E92000001,England,E12000008,South East,868,Windsor and Maidenhead,E06000040,CLA on 31 March,Mid-year moves,Total children,84,100
2022,Reporting year,Local authority,E92000001,England,E12000008,South East,868,Windsor and Maidenhead,E06000040,CLA on 31 March,Mid-year moves,With one or more mid-year moves during the year,9,11
2022,Reporting year,Local authority,E92000001,England,E12000008,South East,872,Wokingham,E06000041,CLA 2 years on 31 March,Any moves,Total children,39,100
2022,Reporting year,Local authority,E92000001,England,E12000008,South East,872,Wokingham,E06000041,CLA 2 years on 31 March,Any moves,With one or more moves during the previous 2 years,12,31
2022,Reporting year,Local authority,E92000001,England,E12000008,South East,872,Wokingham,E06000041,CLA 2 years on 31 March,Mid-year moves,Total children,39,100
2022,Reporting year,Local authority,E92000001,England,E12000008,South East,872,Wokingham,E06000041,CLA 2 years on 31 March,Mid-year moves,With one or more mid-year moves during the previous 2 years,7,18
2022,Reporting year,Local authority,E92000001,England,E12000008,South East,872,Wokingham,E06000041,CLA on 31 March,Any moves,Total children,66,100
2022,Reporting year,Local authority,E92000001,England,E12000008,South East,872,Wokingham,E06000041,CLA on 31 March,Any moves,With one or more moves during the year,7,11
2022,Reporting year,Local authority,E92000001,England,E12000008,South East,872,Wokingham,E06000041,CLA on 31 March,Mid-year moves,Total children,66,100
2022,Reporting year,Local authority,E92000001,England,E12000008,South East,872,Wokingham,E06000041,CLA on 31 March,Mid-year moves,With one or more mid-year moves during the year,6,9
2022,Reporting year,Local authority,E92000001,England,E12000008,South East,826,Milton Keynes,E06000042,CLA 2 years on 31 March,Any moves,Total children,190,100
2022,Reporting year,Local authority,E92000001,England,E12000008,South East,826,Milton Keynes,E06000042,CLA 2 years on 31 March,Any moves,With one or more moves during the previous 2 years,40,21
2022,Reporting year,Local authority,E92000001,England,E12000008,South East,826,Milton Keynes,E06000042,CLA 2 years on 31 March,Mid-year moves,Total children,190,100
2022,Reporting year,Local authority,E92000001,England,E12000008,South East,826,Milton Keynes,E06000042,CLA 2 years on 31 March,Mid-year moves,With one or more mid-year moves during the previous 2 years,22,12
2022,Reporting year,Local authority,E92000001,England,E12000008,South East,826,Milton Keynes,E06000042,CLA on 31 March,Any moves,Total children,224,100
2022,Reporting year,Local authority,E92000001,England,E12000008,South East,826,Milton Keynes,E06000042,CLA on 31 March,Any moves,With one or more moves during the year,34,15
2022,Reporting year,Local authority,E92000001,England,E12000008,South East,826,Milton Keynes,E06000042,CLA on 31 March,Mid-year moves,Total children,224,100
2022,Reporting year,Local authority,E92000001,England,E12000008,South East,826,Milton Keynes,E06000042,CLA on 31 March,Mid-year moves,With one or more mid-year moves during the year,21,9
2022,Reporting year,Local authority,E92000001,England,E12000008,South East,846,Brighton and Hove,E06000043,CLA 2 years on 31 March,Any moves,Total children,187,100
2022,Reporting year,Local authority,E92000001,England,E12000008,South East,846,Brighton and Hove,E06000043,CLA 2 years on 31 March,Any moves,With one or more moves during the previous 2 years,37,20
2022,Reporting year,Local authority,E92000001,England,E12000008,South East,846,Brighton and Hove,E06000043,CLA 2 years on 31 March,Mid-year moves,Total children,187,100
2022,Reporting year,Local authority,E92000001,England,E12000008,South East,846,Brighton and Hove,E06000043,CLA 2 years on 31 March,Mid-year moves,With one or more mid-year moves during the previous 2 years,21,11
2022,Reporting year,Local authority,E92000001,England,E12000008,South East,846,Brighton and Hove,E06000043,CLA on 31 March,Any moves,Total children,227,100
2022,Reporting year,Local authority,E92000001,England,E12000008,South East,846,Brighton and Hove,E06000043,CLA on 31 March,Any moves,With one or more moves during the year,22,10
2022,Reporting year,Local authority,E92000001,England,E12000008,South East,846,Brighton and Hove,E06000043,CLA on 31 March,Mid-year moves,Total children,227,100
2022,Reporting year,Local authority,E92000001,England,E12000008,South East,846,Brighton and Hove,E06000043,CLA on 31 March,Mid-year moves,With one or more mid-year moves during the year,12,5
2022,Reporting year,Local authority,E92000001,England,E12000008,South East,851,Portsmouth,E06000044,CLA 2 years on 31 March,Any moves,Total children,210,100
2022,Reporting year,Local authority,E92000001,England,E12000008,South East,851,Portsmouth,E06000044,CLA 2 years on 31 March,Any moves,With one or more moves during the previous 2 years,32,15
2022,Reporting year,Local authority,E92000001,England,E12000008,South East,851,Portsmouth,E06000044,CLA 2 years on 31 March,Mid-year moves,Total children,210,100
2022,Reporting year,Local authority,E92000001,England,E12000008,South East,851,Portsmouth,E06000044,CLA 2 years on 31 March,Mid-year moves,With one or more mid-year moves during the previous 2 years,27,13
2022,Reporting year,Local authority,E92000001,England,E12000008,South East,851,Portsmouth,E06000044,CLA on 31 March,Any moves,Total children,246,100
2022,Reporting year,Local authority,E92000001,England,E12000008,South East,851,Portsmouth,E06000044,CLA on 31 March,Any moves,With one or more moves during the year,23,9
2022,Reporting year,Local authority,E92000001,England,E12000008,South East,851,Portsmouth,E06000044,CLA on 31 March,Mid-year moves,Total children,246,100
2022,Reporting year,Local authority,E92000001,England,E12000008,South East,851,Portsmouth,E06000044,CLA on 31 March,Mid-year moves,With one or more mid-year moves during the year,19,8
2022,Reporting year,Local authority,E92000001,England,E12000008,South East,852,Southampton,E06000045,CLA 2 years on 31 March,Any moves,Total children,280,100
2022,Reporting year,Local authority,E92000001,England,E12000008,South East,852,Southampton,E06000045,CLA 2 years on 31 March,Any moves,With one or more moves during the previous 2 years,65,23
2022,Reporting year,Local authority,E92000001,England,E12000008,South East,852,Southampton,E06000045,CLA 2 years on 31 March,Mid-year moves,Total children,280,100
2022,Reporting year,Local authority,E92000001,England,E12000008,South East,852,Southampton,E06000045,CLA 2 years on 31 March,Mid-year moves,With one or more mid-year moves during the previous 2 years,47,17
2022,Reporting year,Local authority,E92000001,England,E12000008,South East,852,Southampton,E06000045,CLA on 31 March,Any moves,Total children,376,100
2022,Reporting year,Local authority,E92000001,England,E12000008,South East,852,Southampton,E06000045,CLA on 31 March,Any moves,With one or more moves during the year,52,14
2022,Reporting year,Local authority,E92000001,England,E12000008,South East,852,Southampton,E06000045,CLA on 31 March,Mid-year moves,Total children,376,100
2022,Reporting year,Local authority,E92000001,England,E12000008,South East,852,Southampton,E06000045,CLA on 31 March,Mid-year moves,With one or more mid-year moves during the year,39,10
2022,Reporting year,Local authority,E92000001,England,E12000008,South East,921,Isle of Wight,E06000046,CLA 2 years on 31 March,Any moves,Total children,158,100
2022,Reporting year,Local authority,E92000001,England,E12000008,South East,921,Isle of Wight,E06000046,CLA 2 years on 31 March,Any moves,With one or more moves during the previous 2 years,22,14
2022,Reporting year,Local authority,E92000001,England,E12000008,South East,921,Isle of Wight,E06000046,CLA 2 years on 31 March,Mid-year moves,Total children,158,100
2022,Reporting year,Local authority,E92000001,England,E12000008,South East,921,Isle of Wight,E06000046,CLA 2 years on 31 March,Mid-year moves,With one or more mid-year moves during the previous 2 years,18,11
2022,Reporting year,Local authority,E92000001,England,E12000008,South East,921,Isle of Wight,E06000046,CLA on 31 March,Any moves,Total children,187,100
2022,Reporting year,Local authority,E92000001,England,E12000008,South East,921,Isle of Wight,E06000046,CLA on 31 March,Any moves,With one or more moves during the year,15,8
2022,Reporting year,Local authority,E92000001,England,E12000008,South East,921,Isle of Wight,E06000046,CLA on 31 March,Mid-year moves,Total children,187,100
2022,Reporting year,Local authority,E92000001,England,E12000008,South East,921,Isle of Wight,E06000046,CLA on 31 March,Mid-year moves,With one or more mid-year moves during the year,12,6
2022,Reporting year,Local authority,E92000001,England,E12000008,South East,825,Buckinghamshire,E06000060,CLA 2 years on 31 March,Any moves,Total children,263,100
2022,Reporting year,Local authority,E92000001,England,E12000008,South East,825,Buckinghamshire,E06000060,CLA 2 years on 31 March,Any moves,With one or more moves during the previous 2 years,55,21
2022,Reporting year,Local authority,E92000001,England,E12000008,South East,825,Buckinghamshire,E06000060,CLA 2 years on 31 March,Mid-year moves,Total children,263,100
2022,Reporting year,Local authority,E92000001,England,E12000008,South East,825,Buckinghamshire,E06000060,CLA 2 years on 31 March,Mid-year moves,With one or more mid-year moves during the previous 2 years,46,17
2022,Reporting year,Local authority,E92000001,England,E12000008,South East,825,Buckinghamshire,E06000060,CLA on 31 March,Any moves,Total children,328,100
2022,Reporting year,Local authority,E92000001,England,E12000008,South East,825,Buckinghamshire,E06000060,CLA on 31 March,Any moves,With one or more moves during the year,49,15
2022,Reporting year,Local authority,E92000001,England,E12000008,South East,825,Buckinghamshire,E06000060,CLA on 31 March,Mid-year moves,Total children,328,100
2022,Reporting year,Local authority,E92000001,England,E12000008,South East,825,Buckinghamshire,E06000060,CLA on 31 March,Mid-year moves,With one or more mid-year moves during the year,35,11
2022,Reporting year,Local authority,E92000001,England,E12000008,South East,845,East Sussex,E10000011,CLA 2 years on 31 March,Any moves,Total children,324,100
2022,Reporting year,Local authority,E92000001,England,E12000008,South East,845,East Sussex,E10000011,CLA 2 years on 31 March,Any moves,With one or more moves during the previous 2 years,53,16
2022,Reporting year,Local authority,E92000001,England,E12000008,South East,845,East Sussex,E10000011,CLA 2 years on 31 March,Mid-year moves,Total children,324,100
2022,Reporting year,Local authority,E92000001,England,E12000008,South East,845,East Sussex,E10000011,CLA 2 years on 31 March,Mid-year moves,With one or more mid-year moves during the previous 2 years,31,10
2022,Reporting year,Local authority,E92000001,England,E12000008,South East,845,East Sussex,E10000011,CLA on 31 March,Any moves,Total children,399,100
2022,Reporting year,Local authority,E92000001,England,E12000008,South East,845,East Sussex,E10000011,CLA on 31 March,Any moves,With one or more moves during the year,27,7
2022,Reporting year,Local authority,E92000001,England,E12000008,South East,845,East Sussex,E10000011,CLA on 31 March,Mid-year moves,Total children,399,100
2022,Reporting year,Local authority,E92000001,England,E12000008,South East,845,East Sussex,E10000011,CLA on 31 March,Mid-year moves,With one or more mid-year moves during the year,17,4
2022,Reporting year,Local authority,E92000001,England,E12000008,South East,850,Hampshire,E10000014,CLA 2 years on 31 March,Any moves,Total children,1015,100
2022,Reporting year,Local authority,E92000001,England,E12000008,South East,850,Hampshire,E10000014,CLA 2 years on 31 March,Any moves,With one or more moves during the previous 2 years,215,21
2022,Reporting year,Local authority,E92000001,England,E12000008,South East,850,Hampshire,E10000014,CLA 2 years on 31 March,Mid-year moves,Total children,1015,100
2022,Reporting year,Local authority,E92000001,England,E12000008,South East,850,Hampshire,E10000014,CLA 2 years on 31 March,Mid-year moves,With one or more mid-year moves during the previous 2 years,148,15
2022,Reporting year,Local authority,E92000001,England,E12000008,South East,850,Hampshire,E10000014,CLA on 31 March,Any moves,Total children,1217,100
2022,Reporting year,Local authority,E92000001,England,E12000008,South East,850,Hampshire,E10000014,CLA on 31 March,Any moves,With one or more moves during the year,149,12
2022,Reporting year,Local authority,E92000001,England,E12000008,South East,850,Hampshire,E10000014,CLA on 31 March,Mid-year moves,Total children,1217,100
2022,Reporting year,Local authority,E92000001,England,E12000008,South East,850,Hampshire,E10000014,CLA on 31 March,Mid-year moves,With one or more mid-year moves during the year,98,8
2022,Reporting year,Local authority,E92000001,England,E12000008,South East,886,Kent,E10000016,CLA 2 years on 31 March,Any moves,Total children,791,100
2022,Reporting year,Local authority,E92000001,England,E12000008,South East,886,Kent,E10000016,CLA 2 years on 31 March,Any moves,With one or more moves during the previous 2 years,140,18
2022,Reporting year,Local authority,E92000001,England,E12000008,South East,886,Kent,E10000016,CLA 2 years on 31 March,Mid-year moves,Total children,791,100
2022,Reporting year,Local authority,E92000001,England,E12000008,South East,886,Kent,E10000016,CLA 2 years on 31 March,Mid-year moves,With one or more mid-year moves during the previous 2 years,85,11
2022,Reporting year,Local authority,E92000001,England,E12000008,South East,886,Kent,E10000016,CLA on 31 March,Any moves,Total children,1006,100
2022,Reporting year,Local authority,E92000001,England,E12000008,South East,886,Kent,E10000016,CLA on 31 March,Any moves,With one or more moves during the year,82,8
2022,Reporting year,Local authority,E92000001,England,E12000008,South East,886,Kent,E10000016,CLA on 31 March,Mid-year moves,Total children,1006,100
2022,Reporting year,Local authority,E92000001,England,E12000008,South East,886,Kent,E10000016,CLA on 31 March,Mid-year moves,With one or more mid-year moves during the year,50,5
2022,Reporting year,Local authority,E92000001,England,E12000008,South East,931,Oxfordshire,E10000025,CLA 2 years on 31 March,Any moves,Total children,418,100
2022,Reporting year,Local authority,E92000001,England,E12000008,South East,931,Oxfordshire,E10000025,CLA 2 years on 31 March,Any moves,With one or more moves during the previous 2 years,109,26
2022,Reporting year,Local authority,E92000001,England,E12000008,South East,931,Oxfordshire,E10000025,CLA 2 years on 31 March,Mid-year moves,Total children,418,100
2022,Reporting year,Local authority,E92000001,England,E12000008,South East,931,Oxfordshire,E10000025,CLA 2 years on 31 March,Mid-year moves,With one or more mid-year moves during the previous 2 years,68,16
2022,Reporting year,Local authority,E92000001,England,E12000008,South East,931,Oxfordshire,E10000025,CLA on 31 March,Any moves,Total children,535,100
2022,Reporting year,Local authority,E92000001,England,E12000008,South East,931,Oxfordshire,E10000025,CLA on 31 March,Any moves,With one or more moves during the year,79,15
2022,Reporting year,Local authority,E92000001,England,E12000008,South East,931,Oxfordshire,E10000025,CLA on 31 March,Mid-year moves,Total children,535,100
2022,Reporting year,Local authority,E92000001,England,E12000008,South East,931,Oxfordshire,E10000025,CLA on 31 March,Mid-year moves,With one or more mid-year moves during the year,51,10
2022,Reporting year,Local authority,E92000001,England,E12000008,South East,936,Surrey,E10000030,CLA 2 years on 31 March,Any moves,Total children,490,100
2022,Reporting year,Local authority,E92000001,England,E12000008,South East,936,Surrey,E10000030,CLA 2 years on 31 March,Any moves,With one or more moves during the previous 2 years,119,24
2022,Reporting year,Local authority,E92000001,England,E12000008,South East,936,Surrey,E10000030,CLA 2 years on 31 March,Mid-year moves,Total children,490,100
2022,Reporting year,Local authority,E92000001,England,E12000008,South East,936,Surrey,E10000030,CLA 2 years on 31 March,Mid-year moves,With one or more mid-year moves during the previous 2 years,77,16
2022,Reporting year,Local authority,E92000001,England,E12000008,South East,936,Surrey,E10000030,CLA on 31 March,Any moves,Total children,607,100
2022,Reporting year,Local authority,E92000001,England,E12000008,South East,936,Surrey,E10000030,CLA on 31 March,Any moves,With one or more moves during the year,100,16
2022,Reporting year,Local authority,E92000001,England,E12000008,South East,936,Surrey,E10000030,CLA on 31 March,Mid-year moves,Total children,607,100
2022,Reporting year,Local authority,E92000001,England,E12000008,South East,936,Surrey,E10000030,CLA on 31 March,Mid-year moves,With one or more mid-year moves during the year,68,11
2022,Reporting year,Local authority,E92000001,England,E12000008,South East,938,West Sussex,E10000032,CLA 2 years on 31 March,Any moves,Total children,382,100
2022,Reporting year,Local authority,E92000001,England,E12000008,South East,938,West Sussex,E10000032,CLA 2 years on 31 March,Any moves,With one or more moves during the previous 2 years,102,27
2022,Reporting year,Local authority,E92000001,England,E12000008,South East,938,West Sussex,E10000032,CLA 2 years on 31 March,Mid-year moves,Total children,382,100
2022,Reporting year,Local authority,E92000001,England,E12000008,South East,938,West Sussex,E10000032,CLA 2 years on 31 March,Mid-year moves,With one or more mid-year moves during the previous 2 years,71,19
2022,Reporting year,Local authority,E92000001,England,E12000008,South East,938,West Sussex,E10000032,CLA on 31 March,Any moves,Total children,499,100
2022,Reporting year,Local authority,E92000001,England,E12000008,South East,938,West Sussex,E10000032,CLA on 31 March,Any moves,With one or more moves during the year,72,14
2022,Reporting year,Local authority,E92000001,England,E12000008,South East,938,West Sussex,E10000032,CLA on 31 March,Mid-year moves,Total children,499,100
2022,Reporting year,Local authority,E92000001,England,E12000008,South East,938,West Sussex,E10000032,CLA on 31 March,Mid-year moves,With one or more mid-year moves during the year,58,12
2022,Reporting year,Local authority,E92000001,England,E12000009,South West,800,Bath and North East Somerset,E06000022,CLA 2 years on 31 March,Any moves,Total children,106,100
2022,Reporting year,Local authority,E92000001,England,E12000009,South West,800,Bath and North East Somerset,E06000022,CLA 2 years on 31 March,Any moves,With one or more moves during the previous 2 years,20,19
2022,Reporting year,Local authority,E92000001,England,E12000009,South West,800,Bath and North East Somerset,E06000022,CLA 2 years on 31 March,Mid-year moves,Total children,106,100
2022,Reporting year,Local authority,E92000001,England,E12000009,South West,800,Bath and North East Somerset,E06000022,CLA 2 years on 31 March,Mid-year moves,With one or more mid-year moves during the previous 2 years,16,15
2022,Reporting year,Local authority,E92000001,England,E12000009,South West,800,Bath and North East Somerset,E06000022,CLA on 31 March,Any moves,Total children,132,100
2022,Reporting year,Local authority,E92000001,England,E12000009,South West,800,Bath and North East Somerset,E06000022,CLA on 31 March,Any moves,With one or more moves during the year,11,8
2022,Reporting year,Local authority,E92000001,England,E12000009,South West,800,Bath and North East Somerset,E06000022,CLA on 31 March,Mid-year moves,Total children,132,100
2022,Reporting year,Local authority,E92000001,England,E12000009,South West,800,Bath and North East Somerset,E06000022,CLA on 31 March,Mid-year moves,With one or more mid-year moves during the year,7,5
2022,Reporting year,Local authority,E92000001,England,E12000009,South West,801,"Bristol, City of",E06000023,CLA 2 years on 31 March,Any moves,Total children,390,100
2022,Reporting year,Local authority,E92000001,England,E12000009,South West,801,"Bristol, City of",E06000023,CLA 2 years on 31 March,Any moves,With one or more moves during the previous 2 years,66,17
2022,Reporting year,Local authority,E92000001,England,E12000009,South West,801,"Bristol, City of",E06000023,CLA 2 years on 31 March,Mid-year moves,Total children,390,100
2022,Reporting year,Local authority,E92000001,England,E12000009,South West,801,"Bristol, City of",E06000023,CLA 2 years on 31 March,Mid-year moves,With one or more mid-year moves during the previous 2 years,41,11
2022,Reporting year,Local authority,E92000001,England,E12000009,South West,801,"Bristol, City of",E06000023,CLA on 31 March,Any moves,Total children,493,100
2022,Reporting year,Local authority,E92000001,England,E12000009,South West,801,"Bristol, City of",E06000023,CLA on 31 March,Any moves,With one or more moves during the year,44,9
2022,Reporting year,Local authority,E92000001,England,E12000009,South West,801,"Bristol, City of",E06000023,CLA on 31 March,Mid-year moves,Total children,493,100
2022,Reporting year,Local authority,E92000001,England,E12000009,South West,801,"Bristol, City of",E06000023,CLA on 31 March,Mid-year moves,With one or more mid-year moves during the year,29,6
2022,Reporting year,Local authority,E92000001,England,E12000009,South West,802,North Somerset,E06000024,CLA 2 years on 31 March,Any moves,Total children,111,100
2022,Reporting year,Local authority,E92000001,England,E12000009,South West,802,North Somerset,E06000024,CLA 2 years on 31 March,Any moves,With one or more moves during the previous 2 years,27,24
2022,Reporting year,Local authority,E92000001,England,E12000009,South West,802,North Somerset,E06000024,CLA 2 years on 31 March,Mid-year moves,Total children,111,100
2022,Reporting year,Local authority,E92000001,England,E12000009,South West,802,North Somerset,E06000024,CLA 2 years on 31 March,Mid-year moves,With one or more mid-year moves during the previous 2 years,21,19
2022,Reporting year,Local authority,E92000001,England,E12000009,South West,802,North Somerset,E06000024,CLA on 31 March,Any moves,Total children,125,100
2022,Reporting year,Local authority,E92000001,England,E12000009,South West,802,North Somerset,E06000024,CLA on 31 March,Any moves,With one or more moves during the year,18,14
2022,Reporting year,Local authority,E92000001,England,E12000009,South West,802,North Somerset,E06000024,CLA on 31 March,Mid-year moves,Total children,125,100
2022,Reporting year,Local authority,E92000001,England,E12000009,South West,802,North Somerset,E06000024,CLA on 31 March,Mid-year moves,With one or more mid-year moves during the year,10,8
2022,Reporting year,Local authority,E92000001,England,E12000009,South West,803,South Gloucestershire,E06000025,CLA 2 years on 31 March,Any moves,Total children,111,100
2022,Reporting year,Local authority,E92000001,England,E12000009,South West,803,South Gloucestershire,E06000025,CLA 2 years on 31 March,Any moves,With one or more moves during the previous 2 years,30,27
2022,Reporting year,Local authority,E92000001,England,E12000009,South West,803,South Gloucestershire,E06000025,CLA 2 years on 31 March,Mid-year moves,Total children,111,100
2022,Reporting year,Local authority,E92000001,England,E12000009,South West,803,South Gloucestershire,E06000025,CLA 2 years on 31 March,Mid-year moves,With one or more mid-year moves during the previous 2 years,20,18
2022,Reporting year,Local authority,E92000001,England,E12000009,South West,803,South Gloucestershire,E06000025,CLA on 31 March,Any moves,Total children,145,100
2022,Reporting year,Local authority,E92000001,England,E12000009,South West,803,South Gloucestershire,E06000025,CLA on 31 March,Any moves,With one or more moves during the year,15,10
2022,Reporting year,Local authority,E92000001,England,E12000009,South West,803,South Gloucestershire,E06000025,CLA on 31 March,Mid-year moves,Total children,145,100
2022,Reporting year,Local authority,E92000001,England,E12000009,South West,803,South Gloucestershire,E06000025,CLA on 31 March,Mid-year moves,With one or more mid-year moves during the year,14,10
2022,Reporting year,Local authority,E92000001,England,E12000009,South West,879,Plymouth,E06000026,CLA 2 years on 31 March,Any moves,Total children,293,100
2022,Reporting year,Local authority,E92000001,England,E12000009,South West,879,Plymouth,E06000026,CLA 2 years on 31 March,Any moves,With one or more moves during the previous 2 years,74,25
2022,Reporting year,Local authority,E92000001,England,E12000009,South West,879,Plymouth,E06000026,CLA 2 years on 31 March,Mid-year moves,Total children,293,100
2022,Reporting year,Local authority,E92000001,England,E12000009,South West,879,Plymouth,E06000026,CLA 2 years on 31 March,Mid-year moves,With one or more mid-year moves during the previous 2 years,51,17
2022,Reporting year,Local authority,E92000001,England,E12000009,South West,879,Plymouth,E06000026,CLA on 31 March,Any moves,Total children,362,100
2022,Reporting year,Local authority,E92000001,England,E12000009,South West,879,Plymouth,E06000026,CLA on 31 March,Any moves,With one or more moves during the year,45,12
2022,Reporting year,Local authority,E92000001,England,E12000009,South West,879,Plymouth,E06000026,CLA on 31 March,Mid-year moves,Total children,362,100
2022,Reporting year,Local authority,E92000001,England,E12000009,South West,879,Plymouth,E06000026,CLA on 31 March,Mid-year moves,With one or more mid-year moves during the year,27,7
2022,Reporting year,Local authority,E92000001,England,E12000009,South West,880,Torbay,E06000027,CLA 2 years on 31 March,Any moves,Total children,186,100
2022,Reporting year,Local authority,E92000001,England,E12000009,South West,880,Torbay,E06000027,CLA 2 years on 31 March,Any moves,With one or more moves during the previous 2 years,43,23
2022,Reporting year,Local authority,E92000001,England,E12000009,South West,880,Torbay,E06000027,CLA 2 years on 31 March,Mid-year moves,Total children,186,100
2022,Reporting year,Local authority,E92000001,England,E12000009,South West,880,Torbay,E06000027,CLA 2 years on 31 March,Mid-year moves,With one or more mid-year moves during the previous 2 years,32,17
2022,Reporting year,Local authority,E92000001,England,E12000009,South West,880,Torbay,E06000027,CLA on 31 March,Any moves,Total children,208,100
2022,Reporting year,Local authority,E92000001,England,E12000009,South West,880,Torbay,E06000027,CLA on 31 March,Any moves,With one or more moves during the year,31,15
2022,Reporting year,Local authority,E92000001,England,E12000009,South West,880,Torbay,E06000027,CLA on 31 March,Mid-year moves,Total children,208,100
2022,Reporting year,Local authority,E92000001,England,E12000009,South West,880,Torbay,E06000027,CLA on 31 March,Mid-year moves,With one or more mid-year moves during the year,24,12
2022,Reporting year,Local authority,E92000001,England,E12000009,South West,866,Swindon,E06000030,CLA 2 years on 31 March,Any moves,Total children,168,100
2022,Reporting year,Local authority,E92000001,England,E12000009,South West,866,Swindon,E06000030,CLA 2 years on 31 March,Any moves,With one or more moves during the previous 2 years,43,26
2022,Reporting year,Local authority,E92000001,England,E12000009,South West,866,Swindon,E06000030,CLA 2 years on 31 March,Mid-year moves,Total children,168,100
2022,Reporting year,Local authority,E92000001,England,E12000009,South West,866,Swindon,E06000030,CLA 2 years on 31 March,Mid-year moves,With one or more mid-year moves during the previous 2 years,29,17
2022,Reporting year,Local authority,E92000001,England,E12000009,South West,866,Swindon,E06000030,CLA on 31 March,Any moves,Total children,210,100
2022,Reporting year,Local authority,E92000001,England,E12000009,South West,866,Swindon,E06000030,CLA on 31 March,Any moves,With one or more moves during the year,31,15
2022,Reporting year,Local authority,E92000001,England,E12000009,South West,866,Swindon,E06000030,CLA on 31 March,Mid-year moves,Total children,210,100
2022,Reporting year,Local authority,E92000001,England,E12000009,South West,866,Swindon,E06000030,CLA on 31 March,Mid-year moves,With one or more mid-year moves during the year,23,11
2022,Reporting year,Local authority,E92000001,England,E12000009,South West,908,Cornwall,E06000052,CLA 2 years on 31 March,Any moves,Total children,259,100
2022,Reporting year,Local authority,E92000001,England,E12000009,South West,908,Cornwall,E06000052,CLA 2 years on 31 March,Any moves,With one or more moves during the previous 2 years,69,27
2022,Reporting year,Local authority,E92000001,England,E12000009,South West,908,Cornwall,E06000052,CLA 2 years on 31 March,Mid-year moves,Total children,259,100
2022,Reporting year,Local authority,E92000001,England,E12000009,South West,908,Cornwall,E06000052,CLA 2 years on 31 March,Mid-year moves,With one or more mid-year moves during the previous 2 years,55,21
2022,Reporting year,Local authority,E92000001,England,E12000009,South West,908,Cornwall,E06000052,CLA on 31 March,Any moves,Total children,337,100
2022,Reporting year,Local authority,E92000001,England,E12000009,South West,908,Cornwall,E06000052,CLA on 31 March,Any moves,With one or more moves during the year,62,18
2022,Reporting year,Local authority,E92000001,England,E12000009,South West,908,Cornwall,E06000052,CLA on 31 March,Mid-year moves,Total children,337,100
2022,Reporting year,Local authority,E92000001,England,E12000009,South West,908,Cornwall,E06000052,CLA on 31 March,Mid-year moves,With one or more mid-year moves during the year,52,15
2022,Reporting year,Local authority,E92000001,England,E12000009,South West,420,Isles of Scilly,E06000053,CLA 2 years on 31 March,Any moves,Total children,0,z
2022,Reporting year,Local authority,E92000001,England,E12000009,South West,420,Isles of Scilly,E06000053,CLA 2 years on 31 March,Any moves,With one or more moves during the previous 2 years,z,z
2022,Reporting year,Local authority,E92000001,England,E12000009,South West,420,Isles of Scilly,E06000053,CLA 2 years on 31 March,Mid-year moves,Total children,0,z
2022,Reporting year,Local authority,E92000001,England,E12000009,South West,420,Isles of Scilly,E06000053,CLA 2 years on 31 March,Mid-year moves,With one or more mid-year moves during the previous 2 years,z,z
2022,Reporting year,Local authority,E92000001,England,E12000009,South West,420,Isles of Scilly,E06000053,CLA on 31 March,Any moves,Total children,0,z
2022,Reporting year,Local authority,E92000001,England,E12000009,South West,420,Isles of Scilly,E06000053,CLA on 31 March,Any moves,With one or more moves during the year,z,z
2022,Reporting year,Local authority,E92000001,England,E12000009,South West,420,Isles of Scilly,E06000053,CLA on 31 March,Mid-year moves,Total children,0,z
2022,Reporting year,Local authority,E92000001,England,E12000009,South West,420,Isles of Scilly,E06000053,CLA on 31 March,Mid-year moves,With one or more mid-year moves during the year,z,z
2022,Reporting year,Local authority,E92000001,England,E12000009,South West,865,Wiltshire,E06000054,CLA 2 years on 31 March,Any moves,Total children,235,100
2022,Reporting year,Local authority,E92000001,England,E12000009,South West,865,Wiltshire,E06000054,CLA 2 years on 31 March,Any moves,With one or more moves during the previous 2 years,45,19
2022,Reporting year,Local authority,E92000001,England,E12000009,South West,865,Wiltshire,E06000054,CLA 2 years on 31 March,Mid-year moves,Total children,235,100
2022,Reporting year,Local authority,E92000001,England,E12000009,South West,865,Wiltshire,E06000054,CLA 2 years on 31 March,Mid-year moves,With one or more mid-year moves during the previous 2 years,28,12
2022,Reporting year,Local authority,E92000001,England,E12000009,South West,865,Wiltshire,E06000054,CLA on 31 March,Any moves,Total children,286,100
2022,Reporting year,Local authority,E92000001,England,E12000009,South West,865,Wiltshire,E06000054,CLA on 31 March,Any moves,With one or more moves during the year,24,8
2022,Reporting year,Local authority,E92000001,England,E12000009,South West,865,Wiltshire,E06000054,CLA on 31 March,Mid-year moves,Total children,286,100
2022,Reporting year,Local authority,E92000001,England,E12000009,South West,865,Wiltshire,E06000054,CLA on 31 March,Mid-year moves,With one or more mid-year moves during the year,16,6
2022,Reporting year,Local authority,E92000001,England,E12000009,South West,839,"Bournemouth, Christchurch and Poole",E06000058,CLA 2 years on 31 March,Any moves,Total children,218,100
2022,Reporting year,Local authority,E92000001,England,E12000009,South West,839,"Bournemouth, Christchurch and Poole",E06000058,CLA 2 years on 31 March,Any moves,With one or more moves during the previous 2 years,47,22
2022,Reporting year,Local authority,E92000001,England,E12000009,South West,839,"Bournemouth, Christchurch and Poole",E06000058,CLA 2 years on 31 March,Mid-year moves,Total children,218,100
2022,Reporting year,Local authority,E92000001,England,E12000009,South West,839,"Bournemouth, Christchurch and Poole",E06000058,CLA 2 years on 31 March,Mid-year moves,With one or more mid-year moves during the previous 2 years,28,13
2022,Reporting year,Local authority,E92000001,England,E12000009,South West,839,"Bournemouth, Christchurch and Poole",E06000058,CLA on 31 March,Any moves,Total children,286,100
2022,Reporting year,Local authority,E92000001,England,E12000009,South West,839,"Bournemouth, Christchurch and Poole",E06000058,CLA on 31 March,Any moves,With one or more moves during the year,39,14
2022,Reporting year,Local authority,E92000001,England,E12000009,South West,839,"Bournemouth, Christchurch and Poole",E06000058,CLA on 31 March,Mid-year moves,Total children,286,100
2022,Reporting year,Local authority,E92000001,England,E12000009,South West,839,"Bournemouth, Christchurch and Poole",E06000058,CLA on 31 March,Mid-year moves,With one or more mid-year moves during the year,28,10
2022,Reporting year,Local authority,E92000001,England,E12000009,South West,838,Dorset,E06000059,CLA 2 years on 31 March,Any moves,Total children,244,100
2022,Reporting year,Local authority,E92000001,England,E12000009,South West,838,Dorset,E06000059,CLA 2 years on 31 March,Any moves,With one or more moves during the previous 2 years,61,25
2022,Reporting year,Local authority,E92000001,England,E12000009,South West,838,Dorset,E06000059,CLA 2 years on 31 March,Mid-year moves,Total children,244,100
2022,Reporting year,Local authority,E92000001,England,E12000009,South West,838,Dorset,E06000059,CLA 2 years on 31 March,Mid-year moves,With one or more mid-year moves during the previous 2 years,38,16
2022,Reporting year,Local authority,E92000001,England,E12000009,South West,838,Dorset,E06000059,CLA on 31 March,Any moves,Total children,284,100
2022,Reporting year,Local authority,E92000001,England,E12000009,South West,838,Dorset,E06000059,CLA on 31 March,Any moves,With one or more moves during the year,49,17
2022,Reporting year,Local authority,E92000001,England,E12000009,South West,838,Dorset,E06000059,CLA on 31 March,Mid-year moves,Total children,284,100
2022,Reporting year,Local authority,E92000001,England,E12000009,South West,838,Dorset,E06000059,CLA on 31 March,Mid-year moves,With one or more mid-year moves during the year,33,12
2022,Reporting year,Local authority,E92000001,England,E12000009,South West,933,Somerset,E06000066,CLA 2 years on 31 March,Any moves,Total children,283,100
2022,Reporting year,Local authority,E92000001,England,E12000009,South West,933,Somerset,E06000066,CLA 2 years on 31 March,Any moves,With one or more moves during the previous 2 years,67,24
2022,Reporting year,Local authority,E92000001,England,E12000009,South West,933,Somerset,E06000066,CLA 2 years on 31 March,Mid-year moves,Total children,283,100
2022,Reporting year,Local authority,E92000001,England,E12000009,South West,933,Somerset,E06000066,CLA 2 years on 31 March,Mid-year moves,With one or more mid-year moves during the previous 2 years,47,17
2022,Reporting year,Local authority,E92000001,England,E12000009,South West,933,Somerset,E06000066,CLA on 31 March,Any moves,Total children,346,100
2022,Reporting year,Local authority,E92000001,England,E12000009,South West,933,Somerset,E06000066,CLA on 31 March,Any moves,With one or more moves during the year,39,11
2022,Reporting year,Local authority,E92000001,England,E12000009,South West,933,Somerset,E06000066,CLA on 31 March,Mid-year moves,Total children,346,100
2022,Reporting year,Local authority,E92000001,England,E12000009,South West,933,Somerset,E06000066,CLA on 31 March,Mid-year moves,With one or more mid-year moves during the year,25,7
2022,Reporting year,Local authority,E92000001,England,E12000009,South West,878,Devon,E10000008,CLA 2 years on 31 March,Any moves,Total children,424,100
2022,Reporting year,Local authority,E92000001,England,E12000009,South West,878,Devon,E10000008,CLA 2 years on 31 March,Any moves,With one or more moves during the previous 2 years,104,25
2022,Reporting year,Local authority,E92000001,England,E12000009,South West,878,Devon,E10000008,CLA 2 years on 31 March,Mid-year moves,Total children,424,100
2022,Reporting year,Local authority,E92000001,England,E12000009,South West,878,Devon,E10000008,CLA 2 years on 31 March,Mid-year moves,With one or more mid-year moves during the previous 2 years,68,16
2022,Reporting year,Local authority,E92000001,England,E12000009,South West,878,Devon,E10000008,CLA on 31 March,Any moves,Total children,532,100
2022,Reporting year,Local authority,E92000001,England,E12000009,South West,878,Devon,E10000008,CLA on 31 March,Any moves,With one or more moves during the year,81,15
2022,Reporting year,Local authority,E92000001,England,E12000009,South West,878,Devon,E10000008,CLA on 31 March,Mid-year moves,Total children,532,100
2022,Reporting year,Local authority,E92000001,England,E12000009,South West,878,Devon,E10000008,CLA on 31 March,Mid-year moves,With one or more mid-year moves during the year,58,11
2022,Reporting year,Local authority,E92000001,England,E12000009,South West,916,Gloucestershire,E10000013,CLA 2 years on 31 March,Any moves,Total children,385,100
2022,Reporting year,Local authority,E92000001,England,E12000009,South West,916,Gloucestershire,E10000013,CLA 2 years on 31 March,Any moves,With one or more moves during the previous 2 years,97,25
2022,Reporting year,Local authority,E92000001,England,E12000009,South West,916,Gloucestershire,E10000013,CLA 2 years on 31 March,Mid-year moves,Total children,385,100
2022,Reporting year,Local authority,E92000001,England,E12000009,South West,916,Gloucestershire,E10000013,CLA 2 years on 31 March,Mid-year moves,With one or more mid-year moves during the previous 2 years,62,16
2022,Reporting year,Local authority,E92000001,England,E12000009,South West,916,Gloucestershire,E10000013,CLA on 31 March,Any moves,Total children,523,100
2022,Reporting year,Local authority,E92000001,England,E12000009,South West,916,Gloucestershire,E10000013,CLA on 31 March,Any moves,With one or more moves during the year,87,17
2022,Reporting year,Local authority,E92000001,England,E12000009,South West,916,Gloucestershire,E10000013,CLA on 31 March,Mid-year moves,Total children,523,100
2022,Reporting year,Local authority,E92000001,England,E12000009,South West,916,Gloucestershire,E10000013,CLA on 31 March,Mid-year moves,With one or more mid-year moves during the year,56,11
2022,Reporting year,Local authority,E92000001,England,E13000001,Inner London,201,City of London,E09000001,CLA 2 years on 31 March,Any moves,Total children,c,c
2022,Reporting year,Local authority,E92000001,England,E13000001,Inner London,201,City of London,E09000001,CLA 2 years on 31 March,Any moves,With one or more moves during the previous 2 years,0,0
2022,Reporting year,Local authority,E92000001,England,E13000001,Inner London,201,City of London,E09000001,CLA 2 years on 31 March,Mid-year moves,Total children,c,c
2022,Reporting year,Local authority,E92000001,England,E13000001,Inner London,201,City of London,E09000001,CLA 2 years on 31 March,Mid-year moves,With one or more mid-year moves during the previous 2 years,0,0
2022,Reporting year,Local authority,E92000001,England,E13000001,Inner London,201,City of London,E09000001,CLA on 31 March,Any moves,Total children,c,c
2022,Reporting year,Local authority,E92000001,England,E13000001,Inner London,201,City of London,E09000001,CLA on 31 March,Any moves,With one or more moves during the year,0,0
2022,Reporting year,Local authority,E92000001,England,E13000001,Inner London,201,City of London,E09000001,CLA on 31 March,Mid-year moves,Total children,c,c
2022,Reporting year,Local authority,E92000001,England,E13000001,Inner London,201,City of London,E09000001,CLA on 31 March,Mid-year moves,With one or more mid-year moves during the year,0,0
2022,Reporting year,Local authority,E92000001,England,E13000001,Inner London,202,Camden,E09000007,CLA 2 years on 31 March,Any moves,Total children,55,100
2022,Reporting year,Local authority,E92000001,England,E13000001,Inner London,202,Camden,E09000007,CLA 2 years on 31 March,Any moves,With one or more moves during the previous 2 years,8,15
2022,Reporting year,Local authority,E92000001,England,E13000001,Inner London,202,Camden,E09000007,CLA 2 years on 31 March,Mid-year moves,Total children,55,100
2022,Reporting year,Local authority,E92000001,England,E13000001,Inner London,202,Camden,E09000007,CLA 2 years on 31 March,Mid-year moves,With one or more mid-year moves during the previous 2 years,6,11
2022,Reporting year,Local authority,E92000001,England,E13000001,Inner London,202,Camden,E09000007,CLA on 31 March,Any moves,Total children,82,100
2022,Reporting year,Local authority,E92000001,England,E13000001,Inner London,202,Camden,E09000007,CLA on 31 March,Any moves,With one or more moves during the year,11,13
2022,Reporting year,Local authority,E92000001,England,E13000001,Inner London,202,Camden,E09000007,CLA on 31 March,Mid-year moves,Total children,82,100
2022,Reporting year,Local authority,E92000001,England,E13000001,Inner London,202,Camden,E09000007,CLA on 31 March,Mid-year moves,With one or more mid-year moves during the year,8,10
2022,Reporting year,Local authority,E92000001,England,E13000001,Inner London,204,Hackney,E09000012,CLA 2 years on 31 March,Any moves,Total children,194,100
2022,Reporting year,Local authority,E92000001,England,E13000001,Inner London,204,Hackney,E09000012,CLA 2 years on 31 March,Any moves,With one or more moves during the previous 2 years,42,22
2022,Reporting year,Local authority,E92000001,England,E13000001,Inner London,204,Hackney,E09000012,CLA 2 years on 31 March,Mid-year moves,Total children,194,100
2022,Reporting year,Local authority,E92000001,England,E13000001,Inner London,204,Hackney,E09000012,CLA 2 years on 31 March,Mid-year moves,With one or more mid-year moves during the previous 2 years,30,15
2022,Reporting year,Local authority,E92000001,England,E13000001,Inner London,204,Hackney,E09000012,CLA on 31 March,Any moves,Total children,239,100
2022,Reporting year,Local authority,E92000001,England,E13000001,Inner London,204,Hackney,E09000012,CLA on 31 March,Any moves,With one or more moves during the year,22,9
2022,Reporting year,Local authority,E92000001,England,E13000001,Inner London,204,Hackney,E09000012,CLA on 31 March,Mid-year moves,Total children,239,100
2022,Reporting year,Local authority,E92000001,England,E13000001,Inner London,204,Hackney,E09000012,CLA on 31 March,Mid-year moves,With one or more mid-year moves during the year,17,7
2022,Reporting year,Local authority,E92000001,England,E13000001,Inner London,205,Hammersmith and Fulham,E09000013,CLA 2 years on 31 March,Any moves,Total children,92,100
2022,Reporting year,Local authority,E92000001,England,E13000001,Inner London,205,Hammersmith and Fulham,E09000013,CLA 2 years on 31 March,Any moves,With one or more moves during the previous 2 years,12,13
2022,Reporting year,Local authority,E92000001,England,E13000001,Inner London,205,Hammersmith and Fulham,E09000013,CLA 2 years on 31 March,Mid-year moves,Total children,92,100
2022,Reporting year,Local authority,E92000001,England,E13000001,Inner London,205,Hammersmith and Fulham,E09000013,CLA 2 years on 31 March,Mid-year moves,With one or more mid-year moves during the previous 2 years,9,10
2022,Reporting year,Local authority,E92000001,England,E13000001,Inner London,205,Hammersmith and Fulham,E09000013,CLA on 31 March,Any moves,Total children,117,100
2022,Reporting year,Local authority,E92000001,England,E13000001,Inner London,205,Hammersmith and Fulham,E09000013,CLA on 31 March,Any moves,With one or more moves during the year,7,6
2022,Reporting year,Local authority,E92000001,England,E13000001,Inner London,205,Hammersmith and Fulham,E09000013,CLA on 31 March,Mid-year moves,Total children,117,100
2022,Reporting year,Local authority,E92000001,England,E13000001,Inner London,205,Hammersmith and Fulham,E09000013,CLA on 31 March,Mid-year moves,With one or more mid-year moves during the year,6,5
2022,Reporting year,Local authority,E92000001,England,E13000001,Inner London,309,Haringey,E09000014,CLA 2 years on 31 March,Any moves,Total children,188,100
2022,Reporting year,Local authority,E92000001,England,E13000001,Inner London,309,Haringey,E09000014,CLA 2 years on 31 March,Any moves,With one or more moves during the previous 2 years,41,22
2022,Reporting year,Local authority,E92000001,England,E13000001,Inner London,309,Haringey,E09000014,CLA 2 years on 31 March,Mid-year moves,Total children,188,100
2022,Reporting year,Local authority,E92000001,England,E13000001,Inner London,309,Haringey,E09000014,CLA 2 years on 31 March,Mid-year moves,With one or more mid-year moves during the previous 2 years,23,12
2022,Reporting year,Local authority,E92000001,England,E13000001,Inner London,309,Haringey,E09000014,CLA on 31 March,Any moves,Total children,229,100
2022,Reporting year,Local authority,E92000001,England,E13000001,Inner London,309,Haringey,E09000014,CLA on 31 March,Any moves,With one or more moves during the year,27,12
2022,Reporting year,Local authority,E92000001,England,E13000001,Inner London,309,Haringey,E09000014,CLA on 31 March,Mid-year moves,Total children,229,100
2022,Reporting year,Local authority,E92000001,England,E13000001,Inner London,309,Haringey,E09000014,CLA on 31 March,Mid-year moves,With one or more mid-year moves during the year,15,7
2022,Reporting year,Local authority,E92000001,England,E13000001,Inner London,206,Islington,E09000019,CLA 2 years on 31 March,Any moves,Total children,171,100
2022,Reporting year,Local authority,E92000001,England,E13000001,Inner London,206,Islington,E09000019,CLA 2 years on 31 March,Any moves,With one or more moves during the previous 2 years,49,29
2022,Reporting year,Local authority,E92000001,England,E13000001,Inner London,206,Islington,E09000019,CLA 2 years on 31 March,Mid-year moves,Total children,171,100
2022,Reporting year,Local authority,E92000001,England,E13000001,Inner London,206,Islington,E09000019,CLA 2 years on 31 March,Mid-year moves,With one or more mid-year moves during the previous 2 years,32,19
2022,Reporting year,Local authority,E92000001,England,E13000001,Inner London,206,Islington,E09000019,CLA on 31 March,Any moves,Total children,228,100
2022,Reporting year,Local authority,E92000001,England,E13000001,Inner London,206,Islington,E09000019,CLA on 31 March,Any moves,With one or more moves during the year,29,13
2022,Reporting year,Local authority,E92000001,England,E13000001,Inner London,206,Islington,E09000019,CLA on 31 March,Mid-year moves,Total children,228,100
2022,Reporting year,Local authority,E92000001,England,E13000001,Inner London,206,Islington,E09000019,CLA on 31 March,Mid-year moves,With one or more mid-year moves during the year,14,6
2022,Reporting year,Local authority,E92000001,England,E13000001,Inner London,207,Kensington and Chelsea,E09000020,CLA 2 years on 31 March,Any moves,Total children,30,100
2022,Reporting year,Local authority,E92000001,England,E13000001,Inner London,207,Kensington and Chelsea,E09000020,CLA 2 years on 31 March,Any moves,With one or more moves during the previous 2 years,8,27
2022,Reporting year,Local authority,E92000001,England,E13000001,Inner London,207,Kensington and Chelsea,E09000020,CLA 2 years on 31 March,Mid-year moves,Total children,30,100
2022,Reporting year,Local authority,E92000001,England,E13000001,Inner London,207,Kensington and Chelsea,E09000020,CLA 2 years on 31 March,Mid-year moves,With one or more mid-year moves during the previous 2 years,7,23
2022,Reporting year,Local authority,E92000001,England,E13000001,Inner London,207,Kensington and Chelsea,E09000020,CLA on 31 March,Any moves,Total children,43,100
2022,Reporting year,Local authority,E92000001,England,E13000001,Inner London,207,Kensington and Chelsea,E09000020,CLA on 31 March,Any moves,With one or more moves during the year,6,14
2022,Reporting year,Local authority,E92000001,England,E13000001,Inner London,207,Kensington and Chelsea,E09000020,CLA on 31 March,Mid-year moves,Total children,43,100
2022,Reporting year,Local authority,E92000001,England,E13000001,Inner London,207,Kensington and Chelsea,E09000020,CLA on 31 March,Mid-year moves,With one or more mid-year moves during the year,c,c
2022,Reporting year,Local authority,E92000001,England,E13000001,Inner London,208,Lambeth,E09000022,CLA 2 years on 31 March,Any moves,Total children,164,100
2022,Reporting year,Local authority,E92000001,England,E13000001,Inner London,208,Lambeth,E09000022,CLA 2 years on 31 March,Any moves,With one or more moves during the previous 2 years,25,15
2022,Reporting year,Local authority,E92000001,England,E13000001,Inner London,208,Lambeth,E09000022,CLA 2 years on 31 March,Mid-year moves,Total children,164,100
2022,Reporting year,Local authority,E92000001,England,E13000001,Inner London,208,Lambeth,E09000022,CLA 2 years on 31 March,Mid-year moves,With one or more mid-year moves during the previous 2 years,18,11
2022,Reporting year,Local authority,E92000001,England,E13000001,Inner London,208,Lambeth,E09000022,CLA on 31 March,Any moves,Total children,226,100
2022,Reporting year,Local authority,E92000001,England,E13000001,Inner London,208,Lambeth,E09000022,CLA on 31 March,Any moves,With one or more moves during the year,19,8
2022,Reporting year,Local authority,E92000001,England,E13000001,Inner London,208,Lambeth,E09000022,CLA on 31 March,Mid-year moves,Total children,226,100
2022,Reporting year,Local authority,E92000001,England,E13000001,Inner London,208,Lambeth,E09000022,CLA on 31 March,Mid-year moves,With one or more mid-year moves during the year,12,5
2022,Reporting year,Local authority,E92000001,England,E13000001,Inner London,209,Lewisham,E09000023,CLA 2 years on 31 March,Any moves,Total children,208,100
2022,Reporting year,Local authority,E92000001,England,E13000001,Inner London,209,Lewisham,E09000023,CLA 2 years on 31 March,Any moves,With one or more moves during the previous 2 years,48,23
2022,Reporting year,Local authority,E92000001,England,E13000001,Inner London,209,Lewisham,E09000023,CLA 2 years on 31 March,Mid-year moves,Total children,208,100
2022,Reporting year,Local authority,E92000001,England,E13000001,Inner London,209,Lewisham,E09000023,CLA 2 years on 31 March,Mid-year moves,With one or more mid-year moves during the previous 2 years,30,14
2022,Reporting year,Local authority,E92000001,England,E13000001,Inner London,209,Lewisham,E09000023,CLA on 31 March,Any moves,Total children,268,100
2022,Reporting year,Local authority,E92000001,England,E13000001,Inner London,209,Lewisham,E09000023,CLA on 31 March,Any moves,With one or more moves during the year,38,14
2022,Reporting year,Local authority,E92000001,England,E13000001,Inner London,209,Lewisham,E09000023,CLA on 31 March,Mid-year moves,Total children,268,100
2022,Reporting year,Local authority,E92000001,England,E13000001,Inner London,209,Lewisham,E09000023,CLA on 31 March,Mid-year moves,With one or more mid-year moves during the year,24,9
2022,Reporting year,Local authority,E92000001,England,E13000001,Inner London,316,Newham,E09000025,CLA 2 years on 31 March,Any moves,Total children,167,100
2022,Reporting year,Local authority,E92000001,England,E13000001,Inner London,316,Newham,E09000025,CLA 2 years on 31 March,Any moves,With one or more moves during the previous 2 years,30,18
2022,Reporting year,Local authority,E92000001,England,E13000001,Inner London,316,Newham,E09000025,CLA 2 years on 31 March,Mid-year moves,Total children,167,100
2022,Reporting year,Local authority,E92000001,England,E13000001,Inner London,316,Newham,E09000025,CLA 2 years on 31 March,Mid-year moves,With one or more mid-year moves during the previous 2 years,18,11
2022,Reporting year,Local authority,E92000001,England,E13000001,Inner London,316,Newham,E09000025,CLA on 31 March,Any moves,Total children,236,100
2022,Reporting year,Local authority,E92000001,England,E13000001,Inner London,316,Newham,E09000025,CLA on 31 March,Any moves,With one or more moves during the year,25,11
2022,Reporting year,Local authority,E92000001,England,E13000001,Inner London,316,Newham,E09000025,CLA on 31 March,Mid-year moves,Total children,236,100
2022,Reporting year,Local authority,E92000001,England,E13000001,Inner London,316,Newham,E09000025,CLA on 31 March,Mid-year moves,With one or more mid-year moves during the year,17,7
2022,Reporting year,Local authority,E92000001,England,E13000001,Inner London,210,Southwark,E09000028,CLA 2 years on 31 March,Any moves,Total children,233,100
2022,Reporting year,Local authority,E92000001,England,E13000001,Inner London,210,Southwark,E09000028,CLA 2 years on 31 March,Any moves,With one or more moves during the previous 2 years,42,18
2022,Reporting year,Local authority,E92000001,England,E13000001,Inner London,210,Southwark,E09000028,CLA 2 years on 31 March,Mid-year moves,Total children,233,100
2022,Reporting year,Local authority,E92000001,England,E13000001,Inner London,210,Southwark,E09000028,CLA 2 years on 31 March,Mid-year moves,With one or more mid-year moves during the previous 2 years,32,14
2022,Reporting year,Local authority,E92000001,England,E13000001,Inner London,210,Southwark,E09000028,CLA on 31 March,Any moves,Total children,288,100
2022,Reporting year,Local authority,E92000001,England,E13000001,Inner London,210,Southwark,E09000028,CLA on 31 March,Any moves,With one or more moves during the year,23,8
2022,Reporting year,Local authority,E92000001,England,E13000001,Inner London,210,Southwark,E09000028,CLA on 31 March,Mid-year moves,Total children,288,100
2022,Reporting year,Local authority,E92000001,England,E13000001,Inner London,210,Southwark,E09000028,CLA on 31 March,Mid-year moves,With one or more mid-year moves during the year,19,7
2022,Reporting year,Local authority,E92000001,England,E13000001,Inner London,211,Tower Hamlets,E09000030,CLA 2 years on 31 March,Any moves,Total children,137,100
2022,Reporting year,Local authority,E92000001,England,E13000001,Inner London,211,Tower Hamlets,E09000030,CLA 2 years on 31 March,Any moves,With one or more moves during the previous 2 years,36,26
2022,Reporting year,Local authority,E92000001,England,E13000001,Inner London,211,Tower Hamlets,E09000030,CLA 2 years on 31 March,Mid-year moves,Total children,137,100
2022,Reporting year,Local authority,E92000001,England,E13000001,Inner London,211,Tower Hamlets,E09000030,CLA 2 years on 31 March,Mid-year moves,With one or more mid-year moves during the previous 2 years,23,17
2022,Reporting year,Local authority,E92000001,England,E13000001,Inner London,211,Tower Hamlets,E09000030,CLA on 31 March,Any moves,Total children,173,100
2022,Reporting year,Local authority,E92000001,England,E13000001,Inner London,211,Tower Hamlets,E09000030,CLA on 31 March,Any moves,With one or more moves during the year,16,9
2022,Reporting year,Local authority,E92000001,England,E13000001,Inner London,211,Tower Hamlets,E09000030,CLA on 31 March,Mid-year moves,Total children,173,100
2022,Reporting year,Local authority,E92000001,England,E13000001,Inner London,211,Tower Hamlets,E09000030,CLA on 31 March,Mid-year moves,With one or more mid-year moves during the year,13,8
2022,Reporting year,Local authority,E92000001,England,E13000001,Inner London,212,Wandsworth,E09000032,CLA 2 years on 31 March,Any moves,Total children,119,100
2022,Reporting year,Local authority,E92000001,England,E13000001,Inner London,212,Wandsworth,E09000032,CLA 2 years on 31 March,Any moves,With one or more moves during the previous 2 years,23,19
2022,Reporting year,Local authority,E92000001,England,E13000001,Inner London,212,Wandsworth,E09000032,CLA 2 years on 31 March,Mid-year moves,Total children,119,100
2022,Reporting year,Local authority,E92000001,England,E13000001,Inner London,212,Wandsworth,E09000032,CLA 2 years on 31 March,Mid-year moves,With one or more mid-year moves during the previous 2 years,14,12
2022,Reporting year,Local authority,E92000001,England,E13000001,Inner London,212,Wandsworth,E09000032,CLA on 31 March,Any moves,Total children,152,100
2022,Reporting year,Local authority,E92000001,England,E13000001,Inner London,212,Wandsworth,E09000032,CLA on 31 March,Any moves,With one or more moves during the year,7,5
2022,Reporting year,Local authority,E92000001,England,E13000001,Inner London,212,Wandsworth,E09000032,CLA on 31 March,Mid-year moves,Total children,152,100
2022,Reporting year,Local authority,E92000001,England,E13000001,Inner London,212,Wandsworth,E09000032,CLA on 31 March,Mid-year moves,With one or more mid-year moves during the year,c,c
2022,Reporting year,Local authority,E92000001,England,E13000001,Inner London,213,Westminster,E09000033,CLA 2 years on 31 March,Any moves,Total children,60,100
2022,Reporting year,Local authority,E92000001,England,E13000001,Inner London,213,Westminster,E09000033,CLA 2 years on 31 March,Any moves,With one or more moves during the previous 2 years,17,28
2022,Reporting year,Local authority,E92000001,England,E13000001,Inner London,213,Westminster,E09000033,CLA 2 years on 31 March,Mid-year moves,Total children,60,100
2022,Reporting year,Local authority,E92000001,England,E13000001,Inner London,213,Westminster,E09000033,CLA 2 years on 31 March,Mid-year moves,With one or more mid-year moves during the previous 2 years,11,18
2022,Reporting year,Local authority,E92000001,England,E13000001,Inner London,213,Westminster,E09000033,CLA on 31 March,Any moves,Total children,90,100
2022,Reporting year,Local authority,E92000001,England,E13000001,Inner London,213,Westminster,E09000033,CLA on 31 March,Any moves,With one or more moves during the year,15,17
2022,Reporting year,Local authority,E92000001,England,E13000001,Inner London,213,Westminster,E09000033,CLA on 31 March,Mid-year moves,Total children,90,100
2022,Reporting year,Local authority,E92000001,England,E13000001,Inner London,213,Westminster,E09000033,CLA on 31 March,Mid-year moves,With one or more mid-year moves during the year,10,11
2022,Reporting year,Local authority,E92000001,England,E13000002,Outer London,301,Barking and Dagenham,E09000002,CLA 2 years on 31 March,Any moves,Total children,189,100
2022,Reporting year,Local authority,E92000001,England,E13000002,Outer London,301,Barking and Dagenham,E09000002,CLA 2 years on 31 March,Any moves,With one or more moves during the previous 2 years,31,16
2022,Reporting year,Local authority,E92000001,England,E13000002,Outer London,301,Barking and Dagenham,E09000002,CLA 2 years on 31 March,Mid-year moves,Total children,189,100
2022,Reporting year,Local authority,E92000001,England,E13000002,Outer London,301,Barking and Dagenham,E09000002,CLA 2 years on 31 March,Mid-year moves,With one or more mid-year moves during the previous 2 years,21,11
2022,Reporting year,Local authority,E92000001,England,E13000002,Outer London,301,Barking and Dagenham,E09000002,CLA on 31 March,Any moves,Total children,255,100
2022,Reporting year,Local authority,E92000001,England,E13000002,Outer London,301,Barking and Dagenham,E09000002,CLA on 31 March,Any moves,With one or more moves during the year,20,8
2022,Reporting year,Local authority,E92000001,England,E13000002,Outer London,301,Barking and Dagenham,E09000002,CLA on 31 March,Mid-year moves,Total children,255,100
2022,Reporting year,Local authority,E92000001,England,E13000002,Outer London,301,Barking and Dagenham,E09000002,CLA on 31 March,Mid-year moves,With one or more mid-year moves during the year,12,5
2022,Reporting year,Local authority,E92000001,England,E13000002,Outer London,302,Barnet,E09000003,CLA 2 years on 31 March,Any moves,Total children,122,100
2022,Reporting year,Local authority,E92000001,England,E13000002,Outer London,302,Barnet,E09000003,CLA 2 years on 31 March,Any moves,With one or more moves during the previous 2 years,23,19
2022,Reporting year,Local authority,E92000001,England,E13000002,Outer London,302,Barnet,E09000003,CLA 2 years on 31 March,Mid-year moves,Total children,122,100
2022,Reporting year,Local authority,E92000001,England,E13000002,Outer London,302,Barnet,E09000003,CLA 2 years on 31 March,Mid-year moves,With one or more mid-year moves during the previous 2 years,15,12
2022,Reporting year,Local authority,E92000001,England,E13000002,Outer London,302,Barnet,E09000003,CLA on 31 March,Any moves,Total children,177,100
2022,Reporting year,Local authority,E92000001,England,E13000002,Outer London,302,Barnet,E09000003,CLA on 31 March,Any moves,With one or more moves during the year,20,11
2022,Reporting year,Local authority,E92000001,England,E13000002,Outer London,302,Barnet,E09000003,CLA on 31 March,Mid-year moves,Total children,177,100
2022,Reporting year,Local authority,E92000001,England,E13000002,Outer London,302,Barnet,E09000003,CLA on 31 March,Mid-year moves,With one or more mid-year moves during the year,13,7
2022,Reporting year,Local authority,E92000001,England,E13000002,Outer London,303,Bexley,E09000004,CLA 2 years on 31 March,Any moves,Total children,101,100
2022,Reporting year,Local authority,E92000001,England,E13000002,Outer London,303,Bexley,E09000004,CLA 2 years on 31 March,Any moves,With one or more moves during the previous 2 years,14,14
2022,Reporting year,Local authority,E92000001,England,E13000002,Outer London,303,Bexley,E09000004,CLA 2 years on 31 March,Mid-year moves,Total children,101,100
2022,Reporting year,Local authority,E92000001,England,E13000002,Outer London,303,Bexley,E09000004,CLA 2 years on 31 March,Mid-year moves,With one or more mid-year moves during the previous 2 years,8,8
2022,Reporting year,Local authority,E92000001,England,E13000002,Outer London,303,Bexley,E09000004,CLA on 31 March,Any moves,Total children,139,100
2022,Reporting year,Local authority,E92000001,England,E13000002,Outer London,303,Bexley,E09000004,CLA on 31 March,Any moves,With one or more moves during the year,13,9
2022,Reporting year,Local authority,E92000001,England,E13000002,Outer London,303,Bexley,E09000004,CLA on 31 March,Mid-year moves,Total children,139,100
2022,Reporting year,Local authority,E92000001,England,E13000002,Outer London,303,Bexley,E09000004,CLA on 31 March,Mid-year moves,With one or more mid-year moves during the year,8,6
2022,Reporting year,Local authority,E92000001,England,E13000002,Outer London,304,Brent,E09000005,CLA 2 years on 31 March,Any moves,Total children,118,100
2022,Reporting year,Local authority,E92000001,England,E13000002,Outer London,304,Brent,E09000005,CLA 2 years on 31 March,Any moves,With one or more moves during the previous 2 years,26,22
2022,Reporting year,Local authority,E92000001,England,E13000002,Outer London,304,Brent,E09000005,CLA 2 years on 31 March,Mid-year moves,Total children,118,100
2022,Reporting year,Local authority,E92000001,England,E13000002,Outer London,304,Brent,E09000005,CLA 2 years on 31 March,Mid-year moves,With one or more mid-year moves during the previous 2 years,21,18
2022,Reporting year,Local authority,E92000001,England,E13000002,Outer London,304,Brent,E09000005,CLA on 31 March,Any moves,Total children,168,100
2022,Reporting year,Local authority,E92000001,England,E13000002,Outer London,304,Brent,E09000005,CLA on 31 March,Any moves,With one or more moves during the year,26,15
2022,Reporting year,Local authority,E92000001,England,E13000002,Outer London,304,Brent,E09000005,CLA on 31 March,Mid-year moves,Total children,168,100
2022,Reporting year,Local authority,E92000001,England,E13000002,Outer London,304,Brent,E09000005,CLA on 31 March,Mid-year moves,With one or more mid-year moves during the year,20,12
2022,Reporting year,Local authority,E92000001,England,E13000002,Outer London,305,Bromley,E09000006,CLA 2 years on 31 March,Any moves,Total children,174,100
2022,Reporting year,Local authority,E92000001,England,E13000002,Outer London,305,Bromley,E09000006,CLA 2 years on 31 March,Any moves,With one or more moves during the previous 2 years,30,17
2022,Reporting year,Local authority,E92000001,England,E13000002,Outer London,305,Bromley,E09000006,CLA 2 years on 31 March,Mid-year moves,Total children,174,100
2022,Reporting year,Local authority,E92000001,England,E13000002,Outer London,305,Bromley,E09000006,CLA 2 years on 31 March,Mid-year moves,With one or more mid-year moves during the previous 2 years,19,11
2022,Reporting year,Local authority,E92000001,England,E13000002,Outer London,305,Bromley,E09000006,CLA on 31 March,Any moves,Total children,225,100
2022,Reporting year,Local authority,E92000001,England,E13000002,Outer London,305,Bromley,E09000006,CLA on 31 March,Any moves,With one or more moves during the year,21,9
2022,Reporting year,Local authority,E92000001,England,E13000002,Outer London,305,Bromley,E09000006,CLA on 31 March,Mid-year moves,Total children,225,100
2022,Reporting year,Local authority,E92000001,England,E13000002,Outer London,305,Bromley,E09000006,CLA on 31 March,Mid-year moves,With one or more mid-year moves during the year,15,7
2022,Reporting year,Local authority,E92000001,England,E13000002,Outer London,306,Croydon,E09000008,CLA 2 years on 31 March,Any moves,Total children,274,100
2022,Reporting year,Local authority,E92000001,England,E13000002,Outer London,306,Croydon,E09000008,CLA 2 years on 31 March,Any moves,With one or more moves during the previous 2 years,65,24
2022,Reporting year,Local authority,E92000001,England,E13000002,Outer London,306,Croydon,E09000008,CLA 2 years on 31 March,Mid-year moves,Total children,274,100
2022,Reporting year,Local authority,E92000001,England,E13000002,Outer London,306,Croydon,E09000008,CLA 2 years on 31 March,Mid-year moves,With one or more mid-year moves during the previous 2 years,42,15
2022,Reporting year,Local authority,E92000001,England,E13000002,Outer London,306,Croydon,E09000008,CLA on 31 March,Any moves,Total children,346,100
2022,Reporting year,Local authority,E92000001,England,E13000002,Outer London,306,Croydon,E09000008,CLA on 31 March,Any moves,With one or more moves during the year,40,12
2022,Reporting year,Local authority,E92000001,England,E13000002,Outer London,306,Croydon,E09000008,CLA on 31 March,Mid-year moves,Total children,346,100
2022,Reporting year,Local authority,E92000001,England,E13000002,Outer London,306,Croydon,E09000008,CLA on 31 March,Mid-year moves,With one or more mid-year moves during the year,21,6
2022,Reporting year,Local authority,E92000001,England,E13000002,Outer London,307,Ealing,E09000009,CLA 2 years on 31 March,Any moves,Total children,153,100
2022,Reporting year,Local authority,E92000001,England,E13000002,Outer London,307,Ealing,E09000009,CLA 2 years on 31 March,Any moves,With one or more moves during the previous 2 years,27,18
2022,Reporting year,Local authority,E92000001,England,E13000002,Outer London,307,Ealing,E09000009,CLA 2 years on 31 March,Mid-year moves,Total children,153,100
2022,Reporting year,Local authority,E92000001,England,E13000002,Outer London,307,Ealing,E09000009,CLA 2 years on 31 March,Mid-year moves,With one or more mid-year moves during the previous 2 years,18,12
2022,Reporting year,Local authority,E92000001,England,E13000002,Outer London,307,Ealing,E09000009,CLA on 31 March,Any moves,Total children,198,100
2022,Reporting year,Local authority,E92000001,England,E13000002,Outer London,307,Ealing,E09000009,CLA on 31 March,Any moves,With one or more moves during the year,18,9
2022,Reporting year,Local authority,E92000001,England,E13000002,Outer London,307,Ealing,E09000009,CLA on 31 March,Mid-year moves,Total children,198,100
2022,Reporting year,Local authority,E92000001,England,E13000002,Outer London,307,Ealing,E09000009,CLA on 31 March,Mid-year moves,With one or more mid-year moves during the year,14,7
2022,Reporting year,Local authority,E92000001,England,E13000002,Outer London,308,Enfield,E09000010,CLA 2 years on 31 March,Any moves,Total children,174,100
2022,Reporting year,Local authority,E92000001,England,E13000002,Outer London,308,Enfield,E09000010,CLA 2 years on 31 March,Any moves,With one or more moves during the previous 2 years,36,21
2022,Reporting year,Local authority,E92000001,England,E13000002,Outer London,308,Enfield,E09000010,CLA 2 years on 31 March,Mid-year moves,Total children,174,100
2022,Reporting year,Local authority,E92000001,England,E13000002,Outer London,308,Enfield,E09000010,CLA 2 years on 31 March,Mid-year moves,With one or more mid-year moves during the previous 2 years,20,11
2022,Reporting year,Local authority,E92000001,England,E13000002,Outer London,308,Enfield,E09000010,CLA on 31 March,Any moves,Total children,227,100
2022,Reporting year,Local authority,E92000001,England,E13000002,Outer London,308,Enfield,E09000010,CLA on 31 March,Any moves,With one or more moves during the year,18,8
2022,Reporting year,Local authority,E92000001,England,E13000002,Outer London,308,Enfield,E09000010,CLA on 31 March,Mid-year moves,Total children,227,100
2022,Reporting year,Local authority,E92000001,England,E13000002,Outer London,308,Enfield,E09000010,CLA on 31 March,Mid-year moves,With one or more mid-year moves during the year,12,5
2022,Reporting year,Local authority,E92000001,England,E13000002,Outer London,203,Greenwich,E09000011,CLA 2 years on 31 March,Any moves,Total children,261,100
2022,Reporting year,Local authority,E92000001,England,E13000002,Outer London,203,Greenwich,E09000011,CLA 2 years on 31 March,Any moves,With one or more moves during the previous 2 years,45,17
2022,Reporting year,Local authority,E92000001,England,E13000002,Outer London,203,Greenwich,E09000011,CLA 2 years on 31 March,Mid-year moves,Total children,261,100
2022,Reporting year,Local authority,E92000001,England,E13000002,Outer London,203,Greenwich,E09000011,CLA 2 years on 31 March,Mid-year moves,With one or more mid-year moves during the previous 2 years,26,10
2022,Reporting year,Local authority,E92000001,England,E13000002,Outer London,203,Greenwich,E09000011,CLA on 31 March,Any moves,Total children,302,100
2022,Reporting year,Local authority,E92000001,England,E13000002,Outer London,203,Greenwich,E09000011,CLA on 31 March,Any moves,With one or more moves during the year,30,10
2022,Reporting year,Local authority,E92000001,England,E13000002,Outer London,203,Greenwich,E09000011,CLA on 31 March,Mid-year moves,Total children,302,100
2022,Reporting year,Local authority,E92000001,England,E13000002,Outer London,203,Greenwich,E09000011,CLA on 31 March,Mid-year moves,With one or more mid-year moves during the year,18,6
2022,Reporting year,Local authority,E92000001,England,E13000002,Outer London,310,Harrow,E09000015,CLA 2 years on 31 March,Any moves,Total children,75,100
2022,Reporting year,Local authority,E92000001,England,E13000002,Outer London,310,Harrow,E09000015,CLA 2 years on 31 March,Any moves,With one or more moves during the previous 2 years,18,24
2022,Reporting year,Local authority,E92000001,England,E13000002,Outer London,310,Harrow,E09000015,CLA 2 years on 31 March,Mid-year moves,Total children,75,100
2022,Reporting year,Local authority,E92000001,England,E13000002,Outer London,310,Harrow,E09000015,CLA 2 years on 31 March,Mid-year moves,With one or more mid-year moves during the previous 2 years,11,15
2022,Reporting year,Local authority,E92000001,England,E13000002,Outer London,310,Harrow,E09000015,CLA on 31 March,Any moves,Total children,100,100
2022,Reporting year,Local authority,E92000001,England,E13000002,Outer London,310,Harrow,E09000015,CLA on 31 March,Any moves,With one or more moves during the year,14,14
2022,Reporting year,Local authority,E92000001,England,E13000002,Outer London,310,Harrow,E09000015,CLA on 31 March,Mid-year moves,Total children,100,100
2022,Reporting year,Local authority,E92000001,England,E13000002,Outer London,310,Harrow,E09000015,CLA on 31 March,Mid-year moves,With one or more mid-year moves during the year,8,8
2022,Reporting year,Local authority,E92000001,England,E13000002,Outer London,311,Havering,E09000016,CLA 2 years on 31 March,Any moves,Total children,111,100
2022,Reporting year,Local authority,E92000001,England,E13000002,Outer London,311,Havering,E09000016,CLA 2 years on 31 March,Any moves,With one or more moves during the previous 2 years,23,21
2022,Reporting year,Local authority,E92000001,England,E13000002,Outer London,311,Havering,E09000016,CLA 2 years on 31 March,Mid-year moves,Total children,111,100
2022,Reporting year,Local authority,E92000001,England,E13000002,Outer London,311,Havering,E09000016,CLA 2 years on 31 March,Mid-year moves,With one or more mid-year moves during the previous 2 years,15,14
2022,Reporting year,Local authority,E92000001,England,E13000002,Outer London,311,Havering,E09000016,CLA on 31 March,Any moves,Total children,168,100
2022,Reporting year,Local authority,E92000001,England,E13000002,Outer London,311,Havering,E09000016,CLA on 31 March,Any moves,With one or more moves during the year,14,8
2022,Reporting year,Local authority,E92000001,England,E13000002,Outer London,311,Havering,E09000016,CLA on 31 March,Mid-year moves,Total children,168,100
2022,Reporting year,Local authority,E92000001,England,E13000002,Outer London,311,Havering,E09000016,CLA on 31 March,Mid-year moves,With one or more mid-year moves during the year,10,6
2022,Reporting year,Local authority,E92000001,England,E13000002,Outer London,312,Hillingdon,E09000017,CLA 2 years on 31 March,Any moves,Total children,123,100
2022,Reporting year,Local authority,E92000001,England,E13000002,Outer London,312,Hillingdon,E09000017,CLA 2 years on 31 March,Any moves,With one or more moves during the previous 2 years,26,21
2022,Reporting year,Local authority,E92000001,England,E13000002,Outer London,312,Hillingdon,E09000017,CLA 2 years on 31 March,Mid-year moves,Total children,123,100
2022,Reporting year,Local authority,E92000001,England,E13000002,Outer London,312,Hillingdon,E09000017,CLA 2 years on 31 March,Mid-year moves,With one or more mid-year moves during the previous 2 years,16,13
2022,Reporting year,Local authority,E92000001,England,E13000002,Outer London,312,Hillingdon,E09000017,CLA on 31 March,Any moves,Total children,171,100
2022,Reporting year,Local authority,E92000001,England,E13000002,Outer London,312,Hillingdon,E09000017,CLA on 31 March,Any moves,With one or more moves during the year,16,9
2022,Reporting year,Local authority,E92000001,England,E13000002,Outer London,312,Hillingdon,E09000017,CLA on 31 March,Mid-year moves,Total children,171,100
2022,Reporting year,Local authority,E92000001,England,E13000002,Outer London,312,Hillingdon,E09000017,CLA on 31 March,Mid-year moves,With one or more mid-year moves during the year,13,8
2022,Reporting year,Local authority,E92000001,England,E13000002,Outer London,313,Hounslow,E09000018,CLA 2 years on 31 March,Any moves,Total children,102,100
2022,Reporting year,Local authority,E92000001,England,E13000002,Outer London,313,Hounslow,E09000018,CLA 2 years on 31 March,Any moves,With one or more moves during the previous 2 years,21,21
2022,Reporting year,Local authority,E92000001,England,E13000002,Outer London,313,Hounslow,E09000018,CLA 2 years on 31 March,Mid-year moves,Total children,102,100
2022,Reporting year,Local authority,E92000001,England,E13000002,Outer London,313,Hounslow,E09000018,CLA 2 years on 31 March,Mid-year moves,With one or more mid-year moves during the previous 2 years,14,14
2022,Reporting year,Local authority,E92000001,England,E13000002,Outer London,313,Hounslow,E09000018,CLA on 31 March,Any moves,Total children,128,100
2022,Reporting year,Local authority,E92000001,England,E13000002,Outer London,313,Hounslow,E09000018,CLA on 31 March,Any moves,With one or more moves during the year,18,14
2022,Reporting year,Local authority,E92000001,England,E13000002,Outer London,313,Hounslow,E09000018,CLA on 31 March,Mid-year moves,Total children,128,100
2022,Reporting year,Local authority,E92000001,England,E13000002,Outer London,313,Hounslow,E09000018,CLA on 31 March,Mid-year moves,With one or more mid-year moves during the year,13,10
2022,Reporting year,Local authority,E92000001,England,E13000002,Outer London,314,Kingston upon Thames,E09000021,CLA 2 years on 31 March,Any moves,Total children,56,100
2022,Reporting year,Local authority,E92000001,England,E13000002,Outer London,314,Kingston upon Thames,E09000021,CLA 2 years on 31 March,Any moves,With one or more moves during the previous 2 years,9,16
2022,Reporting year,Local authority,E92000001,England,E13000002,Outer London,314,Kingston upon Thames,E09000021,CLA 2 years on 31 March,Mid-year moves,Total children,56,100
2022,Reporting year,Local authority,E92000001,England,E13000002,Outer London,314,Kingston upon Thames,E09000021,CLA 2 years on 31 March,Mid-year moves,With one or more mid-year moves during the previous 2 years,7,13
2022,Reporting year,Local authority,E92000001,England,E13000002,Outer London,314,Kingston upon Thames,E09000021,CLA on 31 March,Any moves,Total children,77,100
2022,Reporting year,Local authority,E92000001,England,E13000002,Outer London,314,Kingston upon Thames,E09000021,CLA on 31 March,Any moves,With one or more moves during the year,8,10
2022,Reporting year,Local authority,E92000001,England,E13000002,Outer London,314,Kingston upon Thames,E09000021,CLA on 31 March,Mid-year moves,Total children,77,100
2022,Reporting year,Local authority,E92000001,England,E13000002,Outer London,314,Kingston upon Thames,E09000021,CLA on 31 March,Mid-year moves,With one or more mid-year moves during the year,7,9
2022,Reporting year,Local authority,E92000001,England,E13000002,Outer London,315,Merton,E09000024,CLA 2 years on 31 March,Any moves,Total children,60,100
2022,Reporting year,Local authority,E92000001,England,E13000002,Outer London,315,Merton,E09000024,CLA 2 years on 31 March,Any moves,With one or more moves during the previous 2 years,15,25
2022,Reporting year,Local authority,E92000001,England,E13000002,Outer London,315,Merton,E09000024,CLA 2 years on 31 March,Mid-year moves,Total children,60,100
2022,Reporting year,Local authority,E92000001,England,E13000002,Outer London,315,Merton,E09000024,CLA 2 years on 31 March,Mid-year moves,With one or more mid-year moves during the previous 2 years,10,17
2022,Reporting year,Local authority,E92000001,England,E13000002,Outer London,315,Merton,E09000024,CLA on 31 March,Any moves,Total children,68,100
2022,Reporting year,Local authority,E92000001,England,E13000002,Outer London,315,Merton,E09000024,CLA on 31 March,Any moves,With one or more moves during the year,8,12
2022,Reporting year,Local authority,E92000001,England,E13000002,Outer London,315,Merton,E09000024,CLA on 31 March,Mid-year moves,Total children,68,100
2022,Reporting year,Local authority,E92000001,England,E13000002,Outer London,315,Merton,E09000024,CLA on 31 March,Mid-year moves,With one or more mid-year moves during the year,c,c
2022,Reporting year,Local authority,E92000001,England,E13000002,Outer London,317,Redbridge,E09000026,CLA 2 years on 31 March,Any moves,Total children,100,100
2022,Reporting year,Local authority,E92000001,England,E13000002,Outer London,317,Redbridge,E09000026,CLA 2 years on 31 March,Any moves,With one or more moves during the previous 2 years,21,21
2022,Reporting year,Local authority,E92000001,England,E13000002,Outer London,317,Redbridge,E09000026,CLA 2 years on 31 March,Mid-year moves,Total children,100,100
2022,Reporting year,Local authority,E92000001,England,E13000002,Outer London,317,Redbridge,E09000026,CLA 2 years on 31 March,Mid-year moves,With one or more mid-year moves during the previous 2 years,14,14
2022,Reporting year,Local authority,E92000001,England,E13000002,Outer London,317,Redbridge,E09000026,CLA on 31 March,Any moves,Total children,144,100
2022,Reporting year,Local authority,E92000001,England,E13000002,Outer London,317,Redbridge,E09000026,CLA on 31 March,Any moves,With one or more moves during the year,19,13
2022,Reporting year,Local authority,E92000001,England,E13000002,Outer London,317,Redbridge,E09000026,CLA on 31 March,Mid-year moves,Total children,144,100
2022,Reporting year,Local authority,E92000001,England,E13000002,Outer London,317,Redbridge,E09000026,CLA on 31 March,Mid-year moves,With one or more mid-year moves during the year,15,10
2022,Reporting year,Local authority,E92000001,England,E13000002,Outer London,318,Richmond upon Thames,E09000027,CLA 2 years on 31 March,Any moves,Total children,37,100
2022,Reporting year,Local authority,E92000001,England,E13000002,Outer London,318,Richmond upon Thames,E09000027,CLA 2 years on 31 March,Any moves,With one or more moves during the previous 2 years,10,27
2022,Reporting year,Local authority,E92000001,England,E13000002,Outer London,318,Richmond upon Thames,E09000027,CLA 2 years on 31 March,Mid-year moves,Total children,37,100
2022,Reporting year,Local authority,E92000001,England,E13000002,Outer London,318,Richmond upon Thames,E09000027,CLA 2 years on 31 March,Mid-year moves,With one or more mid-year moves during the previous 2 years,c,c
2022,Reporting year,Local authority,E92000001,England,E13000002,Outer London,318,Richmond upon Thames,E09000027,CLA on 31 March,Any moves,Total children,60,100
2022,Reporting year,Local authority,E92000001,England,E13000002,Outer London,318,Richmond upon Thames,E09000027,CLA on 31 March,Any moves,With one or more moves during the year,6,10
2022,Reporting year,Local authority,E92000001,England,E13000002,Outer London,318,Richmond upon Thames,E09000027,CLA on 31 March,Mid-year moves,Total children,60,100
2022,Reporting year,Local authority,E92000001,England,E13000002,Outer London,318,Richmond upon Thames,E09000027,CLA on 31 March,Mid-year moves,With one or more mid-year moves during the year,c,c
2022,Reporting year,Local authority,E92000001,England,E13000002,Outer London,319,Sutton,E09000029,CLA 2 years on 31 March,Any moves,Total children,103,100
2022,Reporting year,Local authority,E92000001,England,E13000002,Outer London,319,Sutton,E09000029,CLA 2 years on 31 March,Any moves,With one or more moves during the previous 2 years,21,20
2022,Reporting year,Local authority,E92000001,England,E13000002,Outer London,319,Sutton,E09000029,CLA 2 years on 31 March,Mid-year moves,Total children,103,100
2022,Reporting year,Local authority,E92000001,England,E13000002,Outer London,319,Sutton,E09000029,CLA 2 years on 31 March,Mid-year moves,With one or more mid-year moves during the previous 2 years,12,12
2022,Reporting year,Local authority,E92000001,England,E13000002,Outer London,319,Sutton,E09000029,CLA on 31 March,Any moves,Total children,130,100
2022,Reporting year,Local authority,E92000001,England,E13000002,Outer London,319,Sutton,E09000029,CLA on 31 March,Any moves,With one or more moves during the year,22,17
2022,Reporting year,Local authority,E92000001,England,E13000002,Outer London,319,Sutton,E09000029,CLA on 31 March,Mid-year moves,Total children,130,100
2022,Reporting year,Local authority,E92000001,England,E13000002,Outer London,319,Sutton,E09000029,CLA on 31 March,Mid-year moves,With one or more mid-year moves during the year,15,12
2022,Reporting year,Local authority,E92000001,England,E13000002,Outer London,320,Waltham Forest,E09000031,CLA 2 years on 31 March,Any moves,Total children,136,100
2022,Reporting year,Local authority,E92000001,England,E13000002,Outer London,320,Waltham Forest,E09000031,CLA 2 years on 31 March,Any moves,With one or more moves during the previous 2 years,21,15
2022,Reporting year,Local authority,E92000001,England,E13000002,Outer London,320,Waltham Forest,E09000031,CLA 2 years on 31 March,Mid-year moves,Total children,136,100
2022,Reporting year,Local authority,E92000001,England,E13000002,Outer London,320,Waltham Forest,E09000031,CLA 2 years on 31 March,Mid-year moves,With one or more mid-year moves during the previous 2 years,14,10
2022,Reporting year,Local authority,E92000001,England,E13000002,Outer London,320,Waltham Forest,E09000031,CLA on 31 March,Any moves,Total children,195,100
2022,Reporting year,Local authority,E92000001,England,E13000002,Outer London,320,Waltham Forest,E09000031,CLA on 31 March,Any moves,With one or more moves during the year,18,9
2022,Reporting year,Local authority,E92000001,England,E13000002,Outer London,320,Waltham Forest,E09000031,CLA on 31 March,Mid-year moves,Total children,195,100
2022,Reporting year,Local authority,E92000001,England,E13000002,Outer London,320,Waltham Forest,E09000031,CLA on 31 March,Mid-year moves,With one or more mid-year moves during the year,15,8
2021,Reporting year,National,E92000001,England,,,,,,CLA 2 years on 31 March,Any moves,Total children,40750,100
2021,Reporting year,National,E92000001,England,,,,,,CLA 2 years on 31 March,Any moves,With one or more moves during the previous 2 years,8520,21
2021,Reporting year,National,E92000001,England,,,,,,CLA 2 years on 31 March,Mid-year moves,Total children,40750,100
2021,Reporting year,National,E92000001,England,,,,,,CLA 2 years on 31 March,Mid-year moves,With one or more mid-year moves during the previous 2 years,5530,14
2021,Reporting year,National,E92000001,England,,,,,,CLA on 31 March,Any moves,Total children,46390,100
2021,Reporting year,National,E92000001,England,,,,,,CLA on 31 March,Any moves,With one or more moves during the year,5280,11
2021,Reporting year,National,E92000001,England,,,,,,CLA on 31 March,Mid-year moves,Total children,46390,100
2021,Reporting year,National,E92000001,England,,,,,,CLA on 31 March,Mid-year moves,With one or more mid-year moves during the year,3090,7
2021,Reporting year,Regional,E92000001,England,E12000001,North East,,,,CLA 2 years on 31 March,Any moves,Total children,3100,100
2021,Reporting year,Regional,E92000001,England,E12000001,North East,,,,CLA 2 years on 31 March,Any moves,With one or more moves during the previous 2 years,580,19
2021,Reporting year,Regional,E92000001,England,E12000001,North East,,,,CLA 2 years on 31 March,Mid-year moves,Total children,3100,100
2021,Reporting year,Regional,E92000001,England,E12000001,North East,,,,CLA 2 years on 31 March,Mid-year moves,With one or more mid-year moves during the previous 2 years,360,11
2021,Reporting year,Regional,E92000001,England,E12000001,North East,,,,CLA on 31 March,Any moves,Total children,3610,100
2021,Reporting year,Regional,E92000001,England,E12000001,North East,,,,CLA on 31 March,Any moves,With one or more moves during the year,360,10
2021,Reporting year,Regional,E92000001,England,E12000001,North East,,,,CLA on 31 March,Mid-year moves,Total children,3610,100
2021,Reporting year,Regional,E92000001,England,E12000001,North East,,,,CLA on 31 March,Mid-year moves,With one or more mid-year moves during the year,210,6
2021,Reporting year,Regional,E92000001,England,E12000002,North West,,,,CLA 2 years on 31 March,Any moves,Total children,8240,100
2021,Reporting year,Regional,E92000001,England,E12000002,North West,,,,CLA 2 years on 31 March,Any moves,With one or more moves during the previous 2 years,1450,18
2021,Reporting year,Regional,E92000001,England,E12000002,North West,,,,CLA 2 years on 31 March,Mid-year moves,Total children,8240,100
2021,Reporting year,Regional,E92000001,England,E12000002,North West,,,,CLA 2 years on 31 March,Mid-year moves,With one or more mid-year moves during the previous 2 years,920,11
2021,Reporting year,Regional,E92000001,England,E12000002,North West,,,,CLA on 31 March,Any moves,Total children,9180,100
2021,Reporting year,Regional,E92000001,England,E12000002,North West,,,,CLA on 31 March,Any moves,With one or more moves during the year,820,9
2021,Reporting year,Regional,E92000001,England,E12000002,North West,,,,CLA on 31 March,Mid-year moves,Total children,9180,100
2021,Reporting year,Regional,E92000001,England,E12000002,North West,,,,CLA on 31 March,Mid-year moves,With one or more mid-year moves during the year,440,5
2021,Reporting year,Regional,E92000001,England,E12000003,Yorkshire and The Humber,,,,CLA 2 years on 31 March,Any moves,Total children,4750,100
2021,Reporting year,Regional,E92000001,England,E12000003,Yorkshire and The Humber,,,,CLA 2 years on 31 March,Any moves,With one or more moves during the previous 2 years,1030,22
2021,Reporting year,Regional,E92000001,England,E12000003,Yorkshire and The Humber,,,,CLA 2 years on 31 March,Mid-year moves,Total children,4750,100
2021,Reporting year,Regional,E92000001,England,E12000003,Yorkshire and The Humber,,,,CLA 2 years on 31 March,Mid-year moves,With one or more mid-year moves during the previous 2 years,670,14
2021,Reporting year,Regional,E92000001,England,E12000003,Yorkshire and The Humber,,,,CLA on 31 March,Any moves,Total children,5500,100
2021,Reporting year,Regional,E92000001,England,E12000003,Yorkshire and The Humber,,,,CLA on 31 March,Any moves,With one or more moves during the year,610,11
2021,Reporting year,Regional,E92000001,England,E12000003,Yorkshire and The Humber,,,,CLA on 31 March,Mid-year moves,Total children,5500,100
2021,Reporting year,Regional,E92000001,England,E12000003,Yorkshire and The Humber,,,,CLA on 31 March,Mid-year moves,With one or more mid-year moves during the year,360,7
2021,Reporting year,Regional,E92000001,England,E12000004,East Midlands,,,,CLA 2 years on 31 March,Any moves,Total children,3160,100
2021,Reporting year,Regional,E92000001,England,E12000004,East Midlands,,,,CLA 2 years on 31 March,Any moves,With one or more moves during the previous 2 years,750,24
2021,Reporting year,Regional,E92000001,England,E12000004,East Midlands,,,,CLA 2 years on 31 March,Mid-year moves,Total children,3160,100
2021,Reporting year,Regional,E92000001,England,E12000004,East Midlands,,,,CLA 2 years on 31 March,Mid-year moves,With one or more mid-year moves during the previous 2 years,470,15
2021,Reporting year,Regional,E92000001,England,E12000004,East Midlands,,,,CLA on 31 March,Any moves,Total children,3690,100
2021,Reporting year,Regional,E92000001,England,E12000004,East Midlands,,,,CLA on 31 March,Any moves,With one or more moves during the year,510,14
2021,Reporting year,Regional,E92000001,England,E12000004,East Midlands,,,,CLA on 31 March,Mid-year moves,Total children,3690,100
2021,Reporting year,Regional,E92000001,England,E12000004,East Midlands,,,,CLA on 31 March,Mid-year moves,With one or more mid-year moves during the year,300,8
2021,Reporting year,Regional,E92000001,England,E12000005,West Midlands,,,,CLA 2 years on 31 March,Any moves,Total children,5830,100
2021,Reporting year,Regional,E92000001,England,E12000005,West Midlands,,,,CLA 2 years on 31 March,Any moves,With one or more moves during the previous 2 years,1210,21
2021,Reporting year,Regional,E92000001,England,E12000005,West Midlands,,,,CLA 2 years on 31 March,Mid-year moves,Total children,5830,100
2021,Reporting year,Regional,E92000001,England,E12000005,West Midlands,,,,CLA 2 years on 31 March,Mid-year moves,With one or more mid-year moves during the previous 2 years,760,13
2021,Reporting year,Regional,E92000001,England,E12000005,West Midlands,,,,CLA on 31 March,Any moves,Total children,6590,100
2021,Reporting year,Regional,E92000001,England,E12000005,West Midlands,,,,CLA on 31 March,Any moves,With one or more moves during the year,630,10
2021,Reporting year,Regional,E92000001,England,E12000005,West Midlands,,,,CLA on 31 March,Mid-year moves,Total children,6590,100
2021,Reporting year,Regional,E92000001,England,E12000005,West Midlands,,,,CLA on 31 March,Mid-year moves,With one or more mid-year moves during the year,340,5
2021,Reporting year,Regional,E92000001,England,E12000006,East of England,,,,CLA 2 years on 31 March,Any moves,Total children,3370,100
2021,Reporting year,Regional,E92000001,England,E12000006,East of England,,,,CLA 2 years on 31 March,Any moves,With one or more moves during the previous 2 years,820,24
2021,Reporting year,Regional,E92000001,England,E12000006,East of England,,,,CLA 2 years on 31 March,Mid-year moves,Total children,3370,100
2021,Reporting year,Regional,E92000001,England,E12000006,East of England,,,,CLA 2 years on 31 March,Mid-year moves,With one or more mid-year moves during the previous 2 years,550,16
2021,Reporting year,Regional,E92000001,England,E12000006,East of England,,,,CLA on 31 March,Any moves,Total children,3700,100
2021,Reporting year,Regional,E92000001,England,E12000006,East of England,,,,CLA on 31 March,Any moves,With one or more moves during the year,540,15
2021,Reporting year,Regional,E92000001,England,E12000006,East of England,,,,CLA on 31 March,Mid-year moves,Total children,3700,100
2021,Reporting year,Regional,E92000001,England,E12000006,East of England,,,,CLA on 31 March,Mid-year moves,With one or more mid-year moves during the year,330,9
2021,Reporting year,Regional,E92000001,England,E12000007,London,,,,CLA 2 years on 31 March,Any moves,Total children,4090,100
2021,Reporting year,Regional,E92000001,England,E12000007,London,,,,CLA 2 years on 31 March,Any moves,With one or more moves during the previous 2 years,820,20
2021,Reporting year,Regional,E92000001,England,E12000007,London,,,,CLA 2 years on 31 March,Mid-year moves,Total children,4090,100
2021,Reporting year,Regional,E92000001,England,E12000007,London,,,,CLA 2 years on 31 March,Mid-year moves,With one or more mid-year moves during the previous 2 years,560,14
2021,Reporting year,Regional,E92000001,England,E12000007,London,,,,CLA on 31 March,Any moves,Total children,4640,100
2021,Reporting year,Regional,E92000001,England,E12000007,London,,,,CLA on 31 March,Any moves,With one or more moves during the year,570,12
2021,Reporting year,Regional,E92000001,England,E12000007,London,,,,CLA on 31 March,Mid-year moves,Total children,4640,100
2021,Reporting year,Regional,E92000001,England,E12000007,London,,,,CLA on 31 March,Mid-year moves,With one or more mid-year moves during the year,360,8
2021,Reporting year,Regional,E92000001,England,E12000008,South East,,,,CLA 2 years on 31 March,Any moves,Total children,5090,100
2021,Reporting year,Regional,E92000001,England,E12000008,South East,,,,CLA 2 years on 31 March,Any moves,With one or more moves during the previous 2 years,1140,22
2021,Reporting year,Regional,E92000001,England,E12000008,South East,,,,CLA 2 years on 31 March,Mid-year moves,Total children,5090,100
2021,Reporting year,Regional,E92000001,England,E12000008,South East,,,,CLA 2 years on 31 March,Mid-year moves,With one or more mid-year moves during the previous 2 years,750,15
2021,Reporting year,Regional,E92000001,England,E12000008,South East,,,,CLA on 31 March,Any moves,Total children,5860,100
2021,Reporting year,Regional,E92000001,England,E12000008,South East,,,,CLA on 31 March,Any moves,With one or more moves during the year,740,13
2021,Reporting year,Regional,E92000001,England,E12000008,South East,,,,CLA on 31 March,Mid-year moves,Total children,5860,100
2021,Reporting year,Regional,E92000001,England,E12000008,South East,,,,CLA on 31 March,Mid-year moves,With one or more mid-year moves during the year,440,7
2021,Reporting year,Regional,E92000001,England,E12000009,South West,,,,CLA 2 years on 31 March,Any moves,Total children,3130,100
2021,Reporting year,Regional,E92000001,England,E12000009,South West,,,,CLA 2 years on 31 March,Any moves,With one or more moves during the previous 2 years,720,23
2021,Reporting year,Regional,E92000001,England,E12000009,South West,,,,CLA 2 years on 31 March,Mid-year moves,Total children,3130,100
2021,Reporting year,Regional,E92000001,England,E12000009,South West,,,,CLA 2 years on 31 March,Mid-year moves,With one or more mid-year moves during the previous 2 years,490,16
2021,Reporting year,Regional,E92000001,England,E12000009,South West,,,,CLA on 31 March,Any moves,Total children,3610,100
2021,Reporting year,Regional,E92000001,England,E12000009,South West,,,,CLA on 31 March,Any moves,With one or more moves during the year,500,14
2021,Reporting year,Regional,E92000001,England,E12000009,South West,,,,CLA on 31 March,Mid-year moves,Total children,3610,100
2021,Reporting year,Regional,E92000001,England,E12000009,South West,,,,CLA on 31 March,Mid-year moves,With one or more mid-year moves during the year,320,9
2021,Reporting year,Regional,E92000001,England,E13000001,Inner London,,,,CLA 2 years on 31 March,Any moves,Total children,1750,100
2021,Reporting year,Regional,E92000001,England,E13000001,Inner London,,,,CLA 2 years on 31 March,Any moves,With one or more moves during the previous 2 years,350,20
2021,Reporting year,Regional,E92000001,England,E13000001,Inner London,,,,CLA 2 years on 31 March,Mid-year moves,Total children,1750,100
2021,Reporting year,Regional,E92000001,England,E13000001,Inner London,,,,CLA 2 years on 31 March,Mid-year moves,With one or more mid-year moves during the previous 2 years,250,14
2021,Reporting year,Regional,E92000001,England,E13000001,Inner London,,,,CLA on 31 March,Any moves,Total children,1940,100
2021,Reporting year,Regional,E92000001,England,E13000001,Inner London,,,,CLA on 31 March,Any moves,With one or more moves during the year,260,13
2021,Reporting year,Regional,E92000001,England,E13000001,Inner London,,,,CLA on 31 March,Mid-year moves,Total children,1940,100
2021,Reporting year,Regional,E92000001,England,E13000001,Inner London,,,,CLA on 31 March,Mid-year moves,With one or more mid-year moves during the year,170,9
2021,Reporting year,Regional,E92000001,England,E13000002,Outer London,,,,CLA 2 years on 31 March,Any moves,Total children,2350,100
2021,Reporting year,Regional,E92000001,England,E13000002,Outer London,,,,CLA 2 years on 31 March,Any moves,With one or more moves during the previous 2 years,470,20
2021,Reporting year,Regional,E92000001,England,E13000002,Outer London,,,,CLA 2 years on 31 March,Mid-year moves,Total children,2350,100
2021,Reporting year,Regional,E92000001,England,E13000002,Outer London,,,,CLA 2 years on 31 March,Mid-year moves,With one or more mid-year moves during the previous 2 years,310,13
2021,Reporting year,Regional,E92000001,England,E13000002,Outer London,,,,CLA on 31 March,Any moves,Total children,2700,100
2021,Reporting year,Regional,E92000001,England,E13000002,Outer London,,,,CLA on 31 March,Any moves,With one or more moves during the year,320,12
2021,Reporting year,Regional,E92000001,England,E13000002,Outer London,,,,CLA on 31 March,Mid-year moves,Total children,2700,100
2021,Reporting year,Regional,E92000001,England,E13000002,Outer London,,,,CLA on 31 March,Mid-year moves,With one or more mid-year moves during the year,190,7
2021,Reporting year,Local authority,E92000001,England,E12000001,North East,805,Hartlepool,E06000001,CLA 2 years on 31 March,Any moves,Total children,184,100
2021,Reporting year,Local authority,E92000001,England,E12000001,North East,805,Hartlepool,E06000001,CLA 2 years on 31 March,Any moves,With one or more moves during the previous 2 years,35,19
2021,Reporting year,Local authority,E92000001,England,E12000001,North East,805,Hartlepool,E06000001,CLA 2 years on 31 March,Mid-year moves,Total children,184,100
2021,Reporting year,Local authority,E92000001,England,E12000001,North East,805,Hartlepool,E06000001,CLA 2 years on 31 March,Mid-year moves,With one or more mid-year moves during the previous 2 years,19,10
2021,Reporting year,Local authority,E92000001,England,E12000001,North East,805,Hartlepool,E06000001,CLA on 31 March,Any moves,Total children,212,100
2021,Reporting year,Local authority,E92000001,England,E12000001,North East,805,Hartlepool,E06000001,CLA on 31 March,Any moves,With one or more moves during the year,22,10
2021,Reporting year,Local authority,E92000001,England,E12000001,North East,805,Hartlepool,E06000001,CLA on 31 March,Mid-year moves,Total children,212,100
2021,Reporting year,Local authority,E92000001,England,E12000001,North East,805,Hartlepool,E06000001,CLA on 31 March,Mid-year moves,With one or more mid-year moves during the year,13,6
2021,Reporting year,Local authority,E92000001,England,E12000001,North East,806,Middlesbrough,E06000002,CLA 2 years on 31 March,Any moves,Total children,305,100
2021,Reporting year,Local authority,E92000001,England,E12000001,North East,806,Middlesbrough,E06000002,CLA 2 years on 31 March,Any moves,With one or more moves during the previous 2 years,39,13
2021,Reporting year,Local authority,E92000001,England,E12000001,North East,806,Middlesbrough,E06000002,CLA 2 years on 31 March,Mid-year moves,Total children,305,100
2021,Reporting year,Local authority,E92000001,England,E12000001,North East,806,Middlesbrough,E06000002,CLA 2 years on 31 March,Mid-year moves,With one or more mid-year moves during the previous 2 years,30,10
2021,Reporting year,Local authority,E92000001,England,E12000001,North East,806,Middlesbrough,E06000002,CLA on 31 March,Any moves,Total children,339,100
2021,Reporting year,Local authority,E92000001,England,E12000001,North East,806,Middlesbrough,E06000002,CLA on 31 March,Any moves,With one or more moves during the year,20,6
2021,Reporting year,Local authority,E92000001,England,E12000001,North East,806,Middlesbrough,E06000002,CLA on 31 March,Mid-year moves,Total children,339,100
2021,Reporting year,Local authority,E92000001,England,E12000001,North East,806,Middlesbrough,E06000002,CLA on 31 March,Mid-year moves,With one or more mid-year moves during the year,14,4
2021,Reporting year,Local authority,E92000001,England,E12000001,North East,807,Redcar and Cleveland,E06000003,CLA 2 years on 31 March,Any moves,Total children,165,100
2021,Reporting year,Local authority,E92000001,England,E12000001,North East,807,Redcar and Cleveland,E06000003,CLA 2 years on 31 March,Any moves,With one or more moves during the previous 2 years,26,16
2021,Reporting year,Local authority,E92000001,England,E12000001,North East,807,Redcar and Cleveland,E06000003,CLA 2 years on 31 March,Mid-year moves,Total children,165,100
2021,Reporting year,Local authority,E92000001,England,E12000001,North East,807,Redcar and Cleveland,E06000003,CLA 2 years on 31 March,Mid-year moves,With one or more mid-year moves during the previous 2 years,16,10
2021,Reporting year,Local authority,E92000001,England,E12000001,North East,807,Redcar and Cleveland,E06000003,CLA on 31 March,Any moves,Total children,196,100
2021,Reporting year,Local authority,E92000001,England,E12000001,North East,807,Redcar and Cleveland,E06000003,CLA on 31 March,Any moves,With one or more moves during the year,17,9
2021,Reporting year,Local authority,E92000001,England,E12000001,North East,807,Redcar and Cleveland,E06000003,CLA on 31 March,Mid-year moves,Total children,196,100
2021,Reporting year,Local authority,E92000001,England,E12000001,North East,807,Redcar and Cleveland,E06000003,CLA on 31 March,Mid-year moves,With one or more mid-year moves during the year,8,4
2021,Reporting year,Local authority,E92000001,England,E12000001,North East,808,Stockton-on-Tees,E06000004,CLA 2 years on 31 March,Any moves,Total children,335,100
2021,Reporting year,Local authority,E92000001,England,E12000001,North East,808,Stockton-on-Tees,E06000004,CLA 2 years on 31 March,Any moves,With one or more moves during the previous 2 years,48,14
2021,Reporting year,Local authority,E92000001,England,E12000001,North East,808,Stockton-on-Tees,E06000004,CLA 2 years on 31 March,Mid-year moves,Total children,335,100
2021,Reporting year,Local authority,E92000001,England,E12000001,North East,808,Stockton-on-Tees,E06000004,CLA 2 years on 31 March,Mid-year moves,With one or more mid-year moves during the previous 2 years,27,8
2021,Reporting year,Local authority,E92000001,England,E12000001,North East,808,Stockton-on-Tees,E06000004,CLA on 31 March,Any moves,Total children,373,100
2021,Reporting year,Local authority,E92000001,England,E12000001,North East,808,Stockton-on-Tees,E06000004,CLA on 31 March,Any moves,With one or more moves during the year,26,7
2021,Reporting year,Local authority,E92000001,England,E12000001,North East,808,Stockton-on-Tees,E06000004,CLA on 31 March,Mid-year moves,Total children,373,100
2021,Reporting year,Local authority,E92000001,England,E12000001,North East,808,Stockton-on-Tees,E06000004,CLA on 31 March,Mid-year moves,With one or more mid-year moves during the year,12,3
2021,Reporting year,Local authority,E92000001,England,E12000001,North East,841,Darlington,E06000005,CLA 2 years on 31 March,Any moves,Total children,153,100
2021,Reporting year,Local authority,E92000001,England,E12000001,North East,841,Darlington,E06000005,CLA 2 years on 31 March,Any moves,With one or more moves during the previous 2 years,44,29
2021,Reporting year,Local authority,E92000001,England,E12000001,North East,841,Darlington,E06000005,CLA 2 years on 31 March,Mid-year moves,Total children,153,100
2021,Reporting year,Local authority,E92000001,England,E12000001,North East,841,Darlington,E06000005,CLA 2 years on 31 March,Mid-year moves,With one or more mid-year moves during the previous 2 years,27,18
2021,Reporting year,Local authority,E92000001,England,E12000001,North East,841,Darlington,E06000005,CLA on 31 March,Any moves,Total children,167,100
2021,Reporting year,Local authority,E92000001,England,E12000001,North East,841,Darlington,E06000005,CLA on 31 March,Any moves,With one or more moves during the year,23,14
2021,Reporting year,Local authority,E92000001,England,E12000001,North East,841,Darlington,E06000005,CLA on 31 March,Mid-year moves,Total children,167,100
2021,Reporting year,Local authority,E92000001,England,E12000001,North East,841,Darlington,E06000005,CLA on 31 March,Mid-year moves,With one or more mid-year moves during the year,14,8
2021,Reporting year,Local authority,E92000001,England,E12000001,North East,840,County Durham,E06000047,CLA 2 years on 31 March,Any moves,Total children,519,100
2021,Reporting year,Local authority,E92000001,England,E12000001,North East,840,County Durham,E06000047,CLA 2 years on 31 March,Any moves,With one or more moves during the previous 2 years,95,18
2021,Reporting year,Local authority,E92000001,England,E12000001,North East,840,County Durham,E06000047,CLA 2 years on 31 March,Mid-year moves,Total children,519,100
2021,Reporting year,Local authority,E92000001,England,E12000001,North East,840,County Durham,E06000047,CLA 2 years on 31 March,Mid-year moves,With one or more mid-year moves during the previous 2 years,62,12
2021,Reporting year,Local authority,E92000001,England,E12000001,North East,840,County Durham,E06000047,CLA on 31 March,Any moves,Total children,592,100
2021,Reporting year,Local authority,E92000001,England,E12000001,North East,840,County Durham,E06000047,CLA on 31 March,Any moves,With one or more moves during the year,54,9
2021,Reporting year,Local authority,E92000001,England,E12000001,North East,840,County Durham,E06000047,CLA on 31 March,Mid-year moves,Total children,592,100
2021,Reporting year,Local authority,E92000001,England,E12000001,North East,840,County Durham,E06000047,CLA on 31 March,Mid-year moves,With one or more mid-year moves during the year,35,6
2021,Reporting year,Local authority,E92000001,England,E12000001,North East,929,Northumberland,E06000057,CLA 2 years on 31 March,Any moves,Total children,210,100
2021,Reporting year,Local authority,E92000001,England,E12000001,North East,929,Northumberland,E06000057,CLA 2 years on 31 March,Any moves,With one or more moves during the previous 2 years,42,20
2021,Reporting year,Local authority,E92000001,England,E12000001,North East,929,Northumberland,E06000057,CLA 2 years on 31 March,Mid-year moves,Total children,210,100
2021,Reporting year,Local authority,E92000001,England,E12000001,North East,929,Northumberland,E06000057,CLA 2 years on 31 March,Mid-year moves,With one or more mid-year moves during the previous 2 years,28,13
2021,Reporting year,Local authority,E92000001,England,E12000001,North East,929,Northumberland,E06000057,CLA on 31 March,Any moves,Total children,269,100
2021,Reporting year,Local authority,E92000001,England,E12000001,North East,929,Northumberland,E06000057,CLA on 31 March,Any moves,With one or more moves during the year,33,12
2021,Reporting year,Local authority,E92000001,England,E12000001,North East,929,Northumberland,E06000057,CLA on 31 March,Mid-year moves,Total children,269,100
2021,Reporting year,Local authority,E92000001,England,E12000001,North East,929,Northumberland,E06000057,CLA on 31 March,Mid-year moves,With one or more mid-year moves during the year,18,7
2021,Reporting year,Local authority,E92000001,England,E12000001,North East,391,Newcastle upon Tyne,E08000021,CLA 2 years on 31 March,Any moves,Total children,364,100
2021,Reporting year,Local authority,E92000001,England,E12000001,North East,391,Newcastle upon Tyne,E08000021,CLA 2 years on 31 March,Any moves,With one or more moves during the previous 2 years,98,27
2021,Reporting year,Local authority,E92000001,England,E12000001,North East,391,Newcastle upon Tyne,E08000021,CLA 2 years on 31 March,Mid-year moves,Total children,364,100
2021,Reporting year,Local authority,E92000001,England,E12000001,North East,391,Newcastle upon Tyne,E08000021,CLA 2 years on 31 March,Mid-year moves,With one or more mid-year moves during the previous 2 years,69,19
2021,Reporting year,Local authority,E92000001,England,E12000001,North East,391,Newcastle upon Tyne,E08000021,CLA on 31 March,Any moves,Total children,426,100
2021,Reporting year,Local authority,E92000001,England,E12000001,North East,391,Newcastle upon Tyne,E08000021,CLA on 31 March,Any moves,With one or more moves during the year,69,16
2021,Reporting year,Local authority,E92000001,England,E12000001,North East,391,Newcastle upon Tyne,E08000021,CLA on 31 March,Mid-year moves,Total children,426,100
2021,Reporting year,Local authority,E92000001,England,E12000001,North East,391,Newcastle upon Tyne,E08000021,CLA on 31 March,Mid-year moves,With one or more mid-year moves during the year,46,11
2021,Reporting year,Local authority,E92000001,England,E12000001,North East,392,North Tyneside,E08000022,CLA 2 years on 31 March,Any moves,Total children,145,100
2021,Reporting year,Local authority,E92000001,England,E12000001,North East,392,North Tyneside,E08000022,CLA 2 years on 31 March,Any moves,With one or more moves during the previous 2 years,21,14
2021,Reporting year,Local authority,E92000001,England,E12000001,North East,392,North Tyneside,E08000022,CLA 2 years on 31 March,Mid-year moves,Total children,145,100
2021,Reporting year,Local authority,E92000001,England,E12000001,North East,392,North Tyneside,E08000022,CLA 2 years on 31 March,Mid-year moves,With one or more mid-year moves during the previous 2 years,12,8
2021,Reporting year,Local authority,E92000001,England,E12000001,North East,392,North Tyneside,E08000022,CLA on 31 March,Any moves,Total children,171,100
2021,Reporting year,Local authority,E92000001,England,E12000001,North East,392,North Tyneside,E08000022,CLA on 31 March,Any moves,With one or more moves during the year,18,11
2021,Reporting year,Local authority,E92000001,England,E12000001,North East,392,North Tyneside,E08000022,CLA on 31 March,Mid-year moves,Total children,171,100
2021,Reporting year,Local authority,E92000001,England,E12000001,North East,392,North Tyneside,E08000022,CLA on 31 March,Mid-year moves,With one or more mid-year moves during the year,13,8
2021,Reporting year,Local authority,E92000001,England,E12000001,North East,393,South Tyneside,E08000023,CLA 2 years on 31 March,Any moves,Total children,160,100
2021,Reporting year,Local authority,E92000001,England,E12000001,North East,393,South Tyneside,E08000023,CLA 2 years on 31 March,Any moves,With one or more moves during the previous 2 years,31,19
2021,Reporting year,Local authority,E92000001,England,E12000001,North East,393,South Tyneside,E08000023,CLA 2 years on 31 March,Mid-year moves,Total children,160,100
2021,Reporting year,Local authority,E92000001,England,E12000001,North East,393,South Tyneside,E08000023,CLA 2 years on 31 March,Mid-year moves,With one or more mid-year moves during the previous 2 years,14,9
2021,Reporting year,Local authority,E92000001,England,E12000001,North East,393,South Tyneside,E08000023,CLA on 31 March,Any moves,Total children,180,100
2021,Reporting year,Local authority,E92000001,England,E12000001,North East,393,South Tyneside,E08000023,CLA on 31 March,Any moves,With one or more moves during the year,19,11
2021,Reporting year,Local authority,E92000001,England,E12000001,North East,393,South Tyneside,E08000023,CLA on 31 March,Mid-year moves,Total children,180,100
2021,Reporting year,Local authority,E92000001,England,E12000001,North East,393,South Tyneside,E08000023,CLA on 31 March,Mid-year moves,With one or more mid-year moves during the year,9,5
2021,Reporting year,Local authority,E92000001,England,E12000001,North East,394,Sunderland,E08000024,CLA 2 years on 31 March,Any moves,Total children,317,100
2021,Reporting year,Local authority,E92000001,England,E12000001,North East,394,Sunderland,E08000024,CLA 2 years on 31 March,Any moves,With one or more moves during the previous 2 years,66,21
2021,Reporting year,Local authority,E92000001,England,E12000001,North East,394,Sunderland,E08000024,CLA 2 years on 31 March,Mid-year moves,Total children,317,100
2021,Reporting year,Local authority,E92000001,England,E12000001,North East,394,Sunderland,E08000024,CLA 2 years on 31 March,Mid-year moves,With one or more mid-year moves during the previous 2 years,36,11
2021,Reporting year,Local authority,E92000001,England,E12000001,North East,394,Sunderland,E08000024,CLA on 31 March,Any moves,Total children,378,100
2021,Reporting year,Local authority,E92000001,England,E12000001,North East,394,Sunderland,E08000024,CLA on 31 March,Any moves,With one or more moves during the year,31,8
2021,Reporting year,Local authority,E92000001,England,E12000001,North East,394,Sunderland,E08000024,CLA on 31 March,Mid-year moves,Total children,378,100
2021,Reporting year,Local authority,E92000001,England,E12000001,North East,394,Sunderland,E08000024,CLA on 31 March,Mid-year moves,With one or more mid-year moves during the year,15,4
2021,Reporting year,Local authority,E92000001,England,E12000001,North East,390,Gateshead,E08000037,CLA 2 years on 31 March,Any moves,Total children,246,100
2021,Reporting year,Local authority,E92000001,England,E12000001,North East,390,Gateshead,E08000037,CLA 2 years on 31 March,Any moves,With one or more moves during the previous 2 years,33,13
2021,Reporting year,Local authority,E92000001,England,E12000001,North East,390,Gateshead,E08000037,CLA 2 years on 31 March,Mid-year moves,Total children,246,100
2021,Reporting year,Local authority,E92000001,England,E12000001,North East,390,Gateshead,E08000037,CLA 2 years on 31 March,Mid-year moves,With one or more mid-year moves during the previous 2 years,16,7
2021,Reporting year,Local authority,E92000001,England,E12000001,North East,390,Gateshead,E08000037,CLA on 31 March,Any moves,Total children,303,100
2021,Reporting year,Local authority,E92000001,England,E12000001,North East,390,Gateshead,E08000037,CLA on 31 March,Any moves,With one or more moves during the year,25,8
2021,Reporting year,Local authority,E92000001,England,E12000001,North East,390,Gateshead,E08000037,CLA on 31 March,Mid-year moves,Total children,303,100
2021,Reporting year,Local authority,E92000001,England,E12000001,North East,390,Gateshead,E08000037,CLA on 31 March,Mid-year moves,With one or more mid-year moves during the year,15,5
2021,Reporting year,Local authority,E92000001,England,E12000002,North West,876,Halton,E06000006,CLA 2 years on 31 March,Any moves,Total children,161,100
2021,Reporting year,Local authority,E92000001,England,E12000002,North West,876,Halton,E06000006,CLA 2 years on 31 March,Any moves,With one or more moves during the previous 2 years,24,15
2021,Reporting year,Local authority,E92000001,England,E12000002,North West,876,Halton,E06000006,CLA 2 years on 31 March,Mid-year moves,Total children,161,100
2021,Reporting year,Local authority,E92000001,England,E12000002,North West,876,Halton,E06000006,CLA 2 years on 31 March,Mid-year moves,With one or more mid-year moves during the previous 2 years,17,11
2021,Reporting year,Local authority,E92000001,England,E12000002,North West,876,Halton,E06000006,CLA on 31 March,Any moves,Total children,182,100
2021,Reporting year,Local authority,E92000001,England,E12000002,North West,876,Halton,E06000006,CLA on 31 March,Any moves,With one or more moves during the year,c,c
2021,Reporting year,Local authority,E92000001,England,E12000002,North West,876,Halton,E06000006,CLA on 31 March,Mid-year moves,Total children,182,100
2021,Reporting year,Local authority,E92000001,England,E12000002,North West,876,Halton,E06000006,CLA on 31 March,Mid-year moves,With one or more mid-year moves during the year,c,c
2021,Reporting year,Local authority,E92000001,England,E12000002,North West,877,Warrington,E06000007,CLA 2 years on 31 March,Any moves,Total children,198,100
2021,Reporting year,Local authority,E92000001,England,E12000002,North West,877,Warrington,E06000007,CLA 2 years on 31 March,Any moves,With one or more moves during the previous 2 years,33,17
2021,Reporting year,Local authority,E92000001,England,E12000002,North West,877,Warrington,E06000007,CLA 2 years on 31 March,Mid-year moves,Total children,198,100
2021,Reporting year,Local authority,E92000001,England,E12000002,North West,877,Warrington,E06000007,CLA 2 years on 31 March,Mid-year moves,With one or more mid-year moves during the previous 2 years,19,10
2021,Reporting year,Local authority,E92000001,England,E12000002,North West,877,Warrington,E06000007,CLA on 31 March,Any moves,Total children,225,100
2021,Reporting year,Local authority,E92000001,England,E12000002,North West,877,Warrington,E06000007,CLA on 31 March,Any moves,With one or more moves during the year,18,8
2021,Reporting year,Local authority,E92000001,England,E12000002,North West,877,Warrington,E06000007,CLA on 31 March,Mid-year moves,Total children,225,100
2021,Reporting year,Local authority,E92000001,England,E12000002,North West,877,Warrington,E06000007,CLA on 31 March,Mid-year moves,With one or more mid-year moves during the year,8,4
2021,Reporting year,Local authority,E92000001,England,E12000002,North West,889,Blackburn with Darwen,E06000008,CLA 2 years on 31 March,Any moves,Total children,198,100
2021,Reporting year,Local authority,E92000001,England,E12000002,North West,889,Blackburn with Darwen,E06000008,CLA 2 years on 31 March,Any moves,With one or more moves during the previous 2 years,32,16
2021,Reporting year,Local authority,E92000001,England,E12000002,North West,889,Blackburn with Darwen,E06000008,CLA 2 years on 31 March,Mid-year moves,Total children,198,100
2021,Reporting year,Local authority,E92000001,England,E12000002,North West,889,Blackburn with Darwen,E06000008,CLA 2 years on 31 March,Mid-year moves,With one or more mid-year moves during the previous 2 years,22,11
2021,Reporting year,Local authority,E92000001,England,E12000002,North West,889,Blackburn with Darwen,E06000008,CLA on 31 March,Any moves,Total children,226,100
2021,Reporting year,Local authority,E92000001,England,E12000002,North West,889,Blackburn with Darwen,E06000008,CLA on 31 March,Any moves,With one or more moves during the year,20,9
2021,Reporting year,Local authority,E92000001,England,E12000002,North West,889,Blackburn with Darwen,E06000008,CLA on 31 March,Mid-year moves,Total children,226,100
2021,Reporting year,Local authority,E92000001,England,E12000002,North West,889,Blackburn with Darwen,E06000008,CLA on 31 March,Mid-year moves,With one or more mid-year moves during the year,12,5
2021,Reporting year,Local authority,E92000001,England,E12000002,North West,890,Blackpool,E06000009,CLA 2 years on 31 March,Any moves,Total children,316,100
2021,Reporting year,Local authority,E92000001,England,E12000002,North West,890,Blackpool,E06000009,CLA 2 years on 31 March,Any moves,With one or more moves during the previous 2 years,53,17
2021,Reporting year,Local authority,E92000001,England,E12000002,North West,890,Blackpool,E06000009,CLA 2 years on 31 March,Mid-year moves,Total children,316,100
2021,Reporting year,Local authority,E92000001,England,E12000002,North West,890,Blackpool,E06000009,CLA 2 years on 31 March,Mid-year moves,With one or more mid-year moves during the previous 2 years,33,10
2021,Reporting year,Local authority,E92000001,England,E12000002,North West,890,Blackpool,E06000009,CLA on 31 March,Any moves,Total children,347,100
2021,Reporting year,Local authority,E92000001,England,E12000002,North West,890,Blackpool,E06000009,CLA on 31 March,Any moves,With one or more moves during the year,33,10
2021,Reporting year,Local authority,E92000001,England,E12000002,North West,890,Blackpool,E06000009,CLA on 31 March,Mid-year moves,Total children,347,100
2021,Reporting year,Local authority,E92000001,England,E12000002,North West,890,Blackpool,E06000009,CLA on 31 March,Mid-year moves,With one or more mid-year moves during the year,16,5
2021,Reporting year,Local authority,E92000001,England,E12000002,North West,895,Cheshire East,E06000049,CLA 2 years on 31 March,Any moves,Total children,286,100
2021,Reporting year,Local authority,E92000001,England,E12000002,North West,895,Cheshire East,E06000049,CLA 2 years on 31 March,Any moves,With one or more moves during the previous 2 years,51,18
2021,Reporting year,Local authority,E92000001,England,E12000002,North West,895,Cheshire East,E06000049,CLA 2 years on 31 March,Mid-year moves,Total children,286,100
2021,Reporting year,Local authority,E92000001,England,E12000002,North West,895,Cheshire East,E06000049,CLA 2 years on 31 March,Mid-year moves,With one or more mid-year moves during the previous 2 years,30,10
2021,Reporting year,Local authority,E92000001,England,E12000002,North West,895,Cheshire East,E06000049,CLA on 31 March,Any moves,Total children,305,100
2021,Reporting year,Local authority,E92000001,England,E12000002,North West,895,Cheshire East,E06000049,CLA on 31 March,Any moves,With one or more moves during the year,26,9
2021,Reporting year,Local authority,E92000001,England,E12000002,North West,895,Cheshire East,E06000049,CLA on 31 March,Mid-year moves,Total children,305,100
2021,Reporting year,Local authority,E92000001,England,E12000002,North West,895,Cheshire East,E06000049,CLA on 31 March,Mid-year moves,With one or more mid-year moves during the year,15,5
2021,Reporting year,Local authority,E92000001,England,E12000002,North West,896,Cheshire West and Chester,E06000050,CLA 2 years on 31 March,Any moves,Total children,258,100
2021,Reporting year,Local authority,E92000001,England,E12000002,North West,896,Cheshire West and Chester,E06000050,CLA 2 years on 31 March,Any moves,With one or more moves during the previous 2 years,44,17
2021,Reporting year,Local authority,E92000001,England,E12000002,North West,896,Cheshire West and Chester,E06000050,CLA 2 years on 31 March,Mid-year moves,Total children,258,100
2021,Reporting year,Local authority,E92000001,England,E12000002,North West,896,Cheshire West and Chester,E06000050,CLA 2 years on 31 March,Mid-year moves,With one or more mid-year moves during the previous 2 years,25,10
2021,Reporting year,Local authority,E92000001,England,E12000002,North West,896,Cheshire West and Chester,E06000050,CLA on 31 March,Any moves,Total children,294,100
2021,Reporting year,Local authority,E92000001,England,E12000002,North West,896,Cheshire West and Chester,E06000050,CLA on 31 March,Any moves,With one or more moves during the year,26,9
2021,Reporting year,Local authority,E92000001,England,E12000002,North West,896,Cheshire West and Chester,E06000050,CLA on 31 March,Mid-year moves,Total children,294,100
2021,Reporting year,Local authority,E92000001,England,E12000002,North West,896,Cheshire West and Chester,E06000050,CLA on 31 March,Mid-year moves,With one or more mid-year moves during the year,15,5
2021,Reporting year,Local authority,E92000001,England,E12000002,North West,942,Cumberland,E06000063,CLA 2 years on 31 March,Any moves,Total children,z,z
2021,Reporting year,Local authority,E92000001,England,E12000002,North West,942,Cumberland,E06000063,CLA 2 years on 31 March,Any moves,With one or more moves during the previous 2 years,z,z
2021,Reporting year,Local authority,E92000001,England,E12000002,North West,942,Cumberland,E06000063,CLA 2 years on 31 March,Mid-year moves,Total children,z,z
2021,Reporting year,Local authority,E92000001,England,E12000002,North West,942,Cumberland,E06000063,CLA 2 years on 31 March,Mid-year moves,With one or more mid-year moves during the previous 2 years,z,z
2021,Reporting year,Local authority,E92000001,England,E12000002,North West,942,Cumberland,E06000063,CLA on 31 March,Any moves,Total children,z,z
2021,Reporting year,Local authority,E92000001,England,E12000002,North West,942,Cumberland,E06000063,CLA on 31 March,Any moves,With one or more moves during the year,z,z
2021,Reporting year,Local authority,E92000001,England,E12000002,North West,942,Cumberland,E06000063,CLA on 31 March,Mid-year moves,Total children,z,z
2021,Reporting year,Local authority,E92000001,England,E12000002,North West,942,Cumberland,E06000063,CLA on 31 March,Mid-year moves,With one or more mid-year moves during the year,z,z
2021,Reporting year,Local authority,E92000001,England,E12000002,North West,943,Westmorland and Furness,E06000064,CLA 2 years on 31 March,Any moves,Total children,z,z
2021,Reporting year,Local authority,E92000001,England,E12000002,North West,943,Westmorland and Furness,E06000064,CLA 2 years on 31 March,Any moves,With one or more moves during the previous 2 years,z,z
2021,Reporting year,Local authority,E92000001,England,E12000002,North West,943,Westmorland and Furness,E06000064,CLA 2 years on 31 March,Mid-year moves,Total children,z,z
2021,Reporting year,Local authority,E92000001,England,E12000002,North West,943,Westmorland and Furness,E06000064,CLA 2 years on 31 March,Mid-year moves,With one or more mid-year moves during the previous 2 years,z,z
2021,Reporting year,Local authority,E92000001,England,E12000002,North West,943,Westmorland and Furness,E06000064,CLA on 31 March,Any moves,Total children,z,z
2021,Reporting year,Local authority,E92000001,England,E12000002,North West,943,Westmorland and Furness,E06000064,CLA on 31 March,Any moves,With one or more moves during the year,z,z
2021,Reporting year,Local authority,E92000001,England,E12000002,North West,943,Westmorland and Furness,E06000064,CLA on 31 March,Mid-year moves,Total children,z,z
2021,Reporting year,Local authority,E92000001,England,E12000002,North West,943,Westmorland and Furness,E06000064,CLA on 31 March,Mid-year moves,With one or more mid-year moves during the year,z,z
2021,Reporting year,Local authority,E92000001,England,E12000002,North West,350,Bolton,E08000001,CLA 2 years on 31 March,Any moves,Total children,354,100
2021,Reporting year,Local authority,E92000001,England,E12000002,North West,350,Bolton,E08000001,CLA 2 years on 31 March,Any moves,With one or more moves during the previous 2 years,67,19
2021,Reporting year,Local authority,E92000001,England,E12000002,North West,350,Bolton,E08000001,CLA 2 years on 31 March,Mid-year moves,Total children,354,100
2021,Reporting year,Local authority,E92000001,England,E12000002,North West,350,Bolton,E08000001,CLA 2 years on 31 March,Mid-year moves,With one or more mid-year moves during the previous 2 years,41,12
2021,Reporting year,Local authority,E92000001,England,E12000002,North West,350,Bolton,E08000001,CLA on 31 March,Any moves,Total children,391,100
2021,Reporting year,Local authority,E92000001,England,E12000002,North West,350,Bolton,E08000001,CLA on 31 March,Any moves,With one or more moves during the year,30,8
2021,Reporting year,Local authority,E92000001,England,E12000002,North West,350,Bolton,E08000001,CLA on 31 March,Mid-year moves,Total children,391,100
2021,Reporting year,Local authority,E92000001,England,E12000002,North West,350,Bolton,E08000001,CLA on 31 March,Mid-year moves,With one or more mid-year moves during the year,14,4
2021,Reporting year,Local authority,E92000001,England,E12000002,North West,351,Bury,E08000002,CLA 2 years on 31 March,Any moves,Total children,179,100
2021,Reporting year,Local authority,E92000001,England,E12000002,North West,351,Bury,E08000002,CLA 2 years on 31 March,Any moves,With one or more moves during the previous 2 years,33,18
2021,Reporting year,Local authority,E92000001,England,E12000002,North West,351,Bury,E08000002,CLA 2 years on 31 March,Mid-year moves,Total children,179,100
2021,Reporting year,Local authority,E92000001,England,E12000002,North West,351,Bury,E08000002,CLA 2 years on 31 March,Mid-year moves,With one or more mid-year moves during the previous 2 years,26,15
2021,Reporting year,Local authority,E92000001,England,E12000002,North West,351,Bury,E08000002,CLA on 31 March,Any moves,Total children,207,100
2021,Reporting year,Local authority,E92000001,England,E12000002,North West,351,Bury,E08000002,CLA on 31 March,Any moves,With one or more moves during the year,20,10
2021,Reporting year,Local authority,E92000001,England,E12000002,North West,351,Bury,E08000002,CLA on 31 March,Mid-year moves,Total children,207,100
2021,Reporting year,Local authority,E92000001,England,E12000002,North West,351,Bury,E08000002,CLA on 31 March,Mid-year moves,With one or more mid-year moves during the year,13,6
2021,Reporting year,Local authority,E92000001,England,E12000002,North West,352,Manchester,E08000003,CLA 2 years on 31 March,Any moves,Total children,714,100
2021,Reporting year,Local authority,E92000001,England,E12000002,North West,352,Manchester,E08000003,CLA 2 years on 31 March,Any moves,With one or more moves during the previous 2 years,113,16
2021,Reporting year,Local authority,E92000001,England,E12000002,North West,352,Manchester,E08000003,CLA 2 years on 31 March,Mid-year moves,Total children,714,100
2021,Reporting year,Local authority,E92000001,England,E12000002,North West,352,Manchester,E08000003,CLA 2 years on 31 March,Mid-year moves,With one or more mid-year moves during the previous 2 years,77,11
2021,Reporting year,Local authority,E92000001,England,E12000002,North West,352,Manchester,E08000003,CLA on 31 March,Any moves,Total children,777,100
2021,Reporting year,Local authority,E92000001,England,E12000002,North West,352,Manchester,E08000003,CLA on 31 March,Any moves,With one or more moves during the year,70,9
2021,Reporting year,Local authority,E92000001,England,E12000002,North West,352,Manchester,E08000003,CLA on 31 March,Mid-year moves,Total children,777,100
2021,Reporting year,Local authority,E92000001,England,E12000002,North West,352,Manchester,E08000003,CLA on 31 March,Mid-year moves,With one or more mid-year moves during the year,35,5
2021,Reporting year,Local authority,E92000001,England,E12000002,North West,353,Oldham,E08000004,CLA 2 years on 31 March,Any moves,Total children,283,100
2021,Reporting year,Local authority,E92000001,England,E12000002,North West,353,Oldham,E08000004,CLA 2 years on 31 March,Any moves,With one or more moves during the previous 2 years,51,18
2021,Reporting year,Local authority,E92000001,England,E12000002,North West,353,Oldham,E08000004,CLA 2 years on 31 March,Mid-year moves,Total children,283,100
2021,Reporting year,Local authority,E92000001,England,E12000002,North West,353,Oldham,E08000004,CLA 2 years on 31 March,Mid-year moves,With one or more mid-year moves during the previous 2 years,39,14
2021,Reporting year,Local authority,E92000001,England,E12000002,North West,353,Oldham,E08000004,CLA on 31 March,Any moves,Total children,307,100
2021,Reporting year,Local authority,E92000001,England,E12000002,North West,353,Oldham,E08000004,CLA on 31 March,Any moves,With one or more moves during the year,18,6
2021,Reporting year,Local authority,E92000001,England,E12000002,North West,353,Oldham,E08000004,CLA on 31 March,Mid-year moves,Total children,307,100
2021,Reporting year,Local authority,E92000001,England,E12000002,North West,353,Oldham,E08000004,CLA on 31 March,Mid-year moves,With one or more mid-year moves during the year,12,4
2021,Reporting year,Local authority,E92000001,England,E12000002,North West,354,Rochdale,E08000005,CLA 2 years on 31 March,Any moves,Total children,294,100
2021,Reporting year,Local authority,E92000001,England,E12000002,North West,354,Rochdale,E08000005,CLA 2 years on 31 March,Any moves,With one or more moves during the previous 2 years,58,20
2021,Reporting year,Local authority,E92000001,England,E12000002,North West,354,Rochdale,E08000005,CLA 2 years on 31 March,Mid-year moves,Total children,294,100
2021,Reporting year,Local authority,E92000001,England,E12000002,North West,354,Rochdale,E08000005,CLA 2 years on 31 March,Mid-year moves,With one or more mid-year moves during the previous 2 years,40,14
2021,Reporting year,Local authority,E92000001,England,E12000002,North West,354,Rochdale,E08000005,CLA on 31 March,Any moves,Total children,335,100
2021,Reporting year,Local authority,E92000001,England,E12000002,North West,354,Rochdale,E08000005,CLA on 31 March,Any moves,With one or more moves during the year,37,11
2021,Reporting year,Local authority,E92000001,England,E12000002,North West,354,Rochdale,E08000005,CLA on 31 March,Mid-year moves,Total children,335,100
2021,Reporting year,Local authority,E92000001,England,E12000002,North West,354,Rochdale,E08000005,CLA on 31 March,Mid-year moves,With one or more mid-year moves during the year,24,7
2021,Reporting year,Local authority,E92000001,England,E12000002,North West,355,Salford,E08000006,CLA 2 years on 31 March,Any moves,Total children,265,100
2021,Reporting year,Local authority,E92000001,England,E12000002,North West,355,Salford,E08000006,CLA 2 years on 31 March,Any moves,With one or more moves during the previous 2 years,52,20
2021,Reporting year,Local authority,E92000001,England,E12000002,North West,355,Salford,E08000006,CLA 2 years on 31 March,Mid-year moves,Total children,265,100
2021,Reporting year,Local authority,E92000001,England,E12000002,North West,355,Salford,E08000006,CLA 2 years on 31 March,Mid-year moves,With one or more mid-year moves during the previous 2 years,37,14
2021,Reporting year,Local authority,E92000001,England,E12000002,North West,355,Salford,E08000006,CLA on 31 March,Any moves,Total children,297,100
2021,Reporting year,Local authority,E92000001,England,E12000002,North West,355,Salford,E08000006,CLA on 31 March,Any moves,With one or more moves during the year,28,9
2021,Reporting year,Local authority,E92000001,England,E12000002,North West,355,Salford,E08000006,CLA on 31 March,Mid-year moves,Total children,297,100
2021,Reporting year,Local authority,E92000001,England,E12000002,North West,355,Salford,E08000006,CLA on 31 March,Mid-year moves,With one or more mid-year moves during the year,19,6
2021,Reporting year,Local authority,E92000001,England,E12000002,North West,356,Stockport,E08000007,CLA 2 years on 31 March,Any moves,Total children,218,100
2021,Reporting year,Local authority,E92000001,England,E12000002,North West,356,Stockport,E08000007,CLA 2 years on 31 March,Any moves,With one or more moves during the previous 2 years,39,18
2021,Reporting year,Local authority,E92000001,England,E12000002,North West,356,Stockport,E08000007,CLA 2 years on 31 March,Mid-year moves,Total children,218,100
2021,Reporting year,Local authority,E92000001,England,E12000002,North West,356,Stockport,E08000007,CLA 2 years on 31 March,Mid-year moves,With one or more mid-year moves during the previous 2 years,25,11
2021,Reporting year,Local authority,E92000001,England,E12000002,North West,356,Stockport,E08000007,CLA on 31 March,Any moves,Total children,263,100
2021,Reporting year,Local authority,E92000001,England,E12000002,North West,356,Stockport,E08000007,CLA on 31 March,Any moves,With one or more moves during the year,19,7
2021,Reporting year,Local authority,E92000001,England,E12000002,North West,356,Stockport,E08000007,CLA on 31 March,Mid-year moves,Total children,263,100
2021,Reporting year,Local authority,E92000001,England,E12000002,North West,356,Stockport,E08000007,CLA on 31 March,Mid-year moves,With one or more mid-year moves during the year,7,3
2021,Reporting year,Local authority,E92000001,England,E12000002,North West,357,Tameside,E08000008,CLA 2 years on 31 March,Any moves,Total children,380,100
2021,Reporting year,Local authority,E92000001,England,E12000002,North West,357,Tameside,E08000008,CLA 2 years on 31 March,Any moves,With one or more moves during the previous 2 years,75,20
2021,Reporting year,Local authority,E92000001,England,E12000002,North West,357,Tameside,E08000008,CLA 2 years on 31 March,Mid-year moves,Total children,380,100
2021,Reporting year,Local authority,E92000001,England,E12000002,North West,357,Tameside,E08000008,CLA 2 years on 31 March,Mid-year moves,With one or more mid-year moves during the previous 2 years,55,14
2021,Reporting year,Local authority,E92000001,England,E12000002,North West,357,Tameside,E08000008,CLA on 31 March,Any moves,Total children,408,100
2021,Reporting year,Local authority,E92000001,England,E12000002,North West,357,Tameside,E08000008,CLA on 31 March,Any moves,With one or more moves during the year,33,8
2021,Reporting year,Local authority,E92000001,England,E12000002,North West,357,Tameside,E08000008,CLA on 31 March,Mid-year moves,Total children,408,100
2021,Reporting year,Local authority,E92000001,England,E12000002,North West,357,Tameside,E08000008,CLA on 31 March,Mid-year moves,With one or more mid-year moves during the year,16,4
2021,Reporting year,Local authority,E92000001,England,E12000002,North West,358,Trafford,E08000009,CLA 2 years on 31 March,Any moves,Total children,218,100
2021,Reporting year,Local authority,E92000001,England,E12000002,North West,358,Trafford,E08000009,CLA 2 years on 31 March,Any moves,With one or more moves during the previous 2 years,33,15
2021,Reporting year,Local authority,E92000001,England,E12000002,North West,358,Trafford,E08000009,CLA 2 years on 31 March,Mid-year moves,Total children,218,100
2021,Reporting year,Local authority,E92000001,England,E12000002,North West,358,Trafford,E08000009,CLA 2 years on 31 March,Mid-year moves,With one or more mid-year moves during the previous 2 years,18,8
2021,Reporting year,Local authority,E92000001,England,E12000002,North West,358,Trafford,E08000009,CLA on 31 March,Any moves,Total children,244,100
2021,Reporting year,Local authority,E92000001,England,E12000002,North West,358,Trafford,E08000009,CLA on 31 March,Any moves,With one or more moves during the year,19,8
2021,Reporting year,Local authority,E92000001,England,E12000002,North West,358,Trafford,E08000009,CLA on 31 March,Mid-year moves,Total children,244,100
2021,Reporting year,Local authority,E92000001,England,E12000002,North West,358,Trafford,E08000009,CLA on 31 March,Mid-year moves,With one or more mid-year moves during the year,12,5
2021,Reporting year,Local authority,E92000001,England,E12000002,North West,359,Wigan,E08000010,CLA 2 years on 31 March,Any moves,Total children,320,100
2021,Reporting year,Local authority,E92000001,England,E12000002,North West,359,Wigan,E08000010,CLA 2 years on 31 March,Any moves,With one or more moves during the previous 2 years,44,14
2021,Reporting year,Local authority,E92000001,England,E12000002,North West,359,Wigan,E08000010,CLA 2 years on 31 March,Mid-year moves,Total children,320,100
2021,Reporting year,Local authority,E92000001,England,E12000002,North West,359,Wigan,E08000010,CLA 2 years on 31 March,Mid-year moves,With one or more mid-year moves during the previous 2 years,25,8
2021,Reporting year,Local authority,E92000001,England,E12000002,North West,359,Wigan,E08000010,CLA on 31 March,Any moves,Total children,422,100
2021,Reporting year,Local authority,E92000001,England,E12000002,North West,359,Wigan,E08000010,CLA on 31 March,Any moves,With one or more moves during the year,31,7
2021,Reporting year,Local authority,E92000001,England,E12000002,North West,359,Wigan,E08000010,CLA on 31 March,Mid-year moves,Total children,422,100
2021,Reporting year,Local authority,E92000001,England,E12000002,North West,359,Wigan,E08000010,CLA on 31 March,Mid-year moves,With one or more mid-year moves during the year,13,3
2021,Reporting year,Local authority,E92000001,England,E12000002,North West,340,Knowsley,E08000011,CLA 2 years on 31 March,Any moves,Total children,178,100
2021,Reporting year,Local authority,E92000001,England,E12000002,North West,340,Knowsley,E08000011,CLA 2 years on 31 March,Any moves,With one or more moves during the previous 2 years,26,15
2021,Reporting year,Local authority,E92000001,England,E12000002,North West,340,Knowsley,E08000011,CLA 2 years on 31 March,Mid-year moves,Total children,178,100
2021,Reporting year,Local authority,E92000001,England,E12000002,North West,340,Knowsley,E08000011,CLA 2 years on 31 March,Mid-year moves,With one or more mid-year moves during the previous 2 years,11,6
2021,Reporting year,Local authority,E92000001,England,E12000002,North West,340,Knowsley,E08000011,CLA on 31 March,Any moves,Total children,194,100
2021,Reporting year,Local authority,E92000001,England,E12000002,North West,340,Knowsley,E08000011,CLA on 31 March,Any moves,With one or more moves during the year,15,8
2021,Reporting year,Local authority,E92000001,England,E12000002,North West,340,Knowsley,E08000011,CLA on 31 March,Mid-year moves,Total children,194,100
2021,Reporting year,Local authority,E92000001,England,E12000002,North West,340,Knowsley,E08000011,CLA on 31 March,Mid-year moves,With one or more mid-year moves during the year,9,5
2021,Reporting year,Local authority,E92000001,England,E12000002,North West,341,Liverpool,E08000012,CLA 2 years on 31 March,Any moves,Total children,773,100
2021,Reporting year,Local authority,E92000001,England,E12000002,North West,341,Liverpool,E08000012,CLA 2 years on 31 March,Any moves,With one or more moves during the previous 2 years,143,18
2021,Reporting year,Local authority,E92000001,England,E12000002,North West,341,Liverpool,E08000012,CLA 2 years on 31 March,Mid-year moves,Total children,773,100
2021,Reporting year,Local authority,E92000001,England,E12000002,North West,341,Liverpool,E08000012,CLA 2 years on 31 March,Mid-year moves,With one or more mid-year moves during the previous 2 years,78,10
2021,Reporting year,Local authority,E92000001,England,E12000002,North West,341,Liverpool,E08000012,CLA on 31 March,Any moves,Total children,890,100
2021,Reporting year,Local authority,E92000001,England,E12000002,North West,341,Liverpool,E08000012,CLA on 31 March,Any moves,With one or more moves during the year,99,11
2021,Reporting year,Local authority,E92000001,England,E12000002,North West,341,Liverpool,E08000012,CLA on 31 March,Mid-year moves,Total children,890,100
2021,Reporting year,Local authority,E92000001,England,E12000002,North West,341,Liverpool,E08000012,CLA on 31 March,Mid-year moves,With one or more mid-year moves during the year,44,5
2021,Reporting year,Local authority,E92000001,England,E12000002,North West,342,St. Helens,E08000013,CLA 2 years on 31 March,Any moves,Total children,291,100
2021,Reporting year,Local authority,E92000001,England,E12000002,North West,342,St. Helens,E08000013,CLA 2 years on 31 March,Any moves,With one or more moves during the previous 2 years,44,15
2021,Reporting year,Local authority,E92000001,England,E12000002,North West,342,St. Helens,E08000013,CLA 2 years on 31 March,Mid-year moves,Total children,291,100
2021,Reporting year,Local authority,E92000001,England,E12000002,North West,342,St. Helens,E08000013,CLA 2 years on 31 March,Mid-year moves,With one or more mid-year moves during the previous 2 years,28,10
2021,Reporting year,Local authority,E92000001,England,E12000002,North West,342,St. Helens,E08000013,CLA on 31 March,Any moves,Total children,308,100
2021,Reporting year,Local authority,E92000001,England,E12000002,North West,342,St. Helens,E08000013,CLA on 31 March,Any moves,With one or more moves during the year,26,8
2021,Reporting year,Local authority,E92000001,England,E12000002,North West,342,St. Helens,E08000013,CLA on 31 March,Mid-year moves,Total children,308,100
2021,Reporting year,Local authority,E92000001,England,E12000002,North West,342,St. Helens,E08000013,CLA on 31 March,Mid-year moves,With one or more mid-year moves during the year,14,5
2021,Reporting year,Local authority,E92000001,England,E12000002,North West,343,Sefton,E08000014,CLA 2 years on 31 March,Any moves,Total children,330,100
2021,Reporting year,Local authority,E92000001,England,E12000002,North West,343,Sefton,E08000014,CLA 2 years on 31 March,Any moves,With one or more moves during the previous 2 years,67,20
2021,Reporting year,Local authority,E92000001,England,E12000002,North West,343,Sefton,E08000014,CLA 2 years on 31 March,Mid-year moves,Total children,330,100
2021,Reporting year,Local authority,E92000001,England,E12000002,North West,343,Sefton,E08000014,CLA 2 years on 31 March,Mid-year moves,With one or more mid-year moves during the previous 2 years,39,12
2021,Reporting year,Local authority,E92000001,England,E12000002,North West,343,Sefton,E08000014,CLA on 31 March,Any moves,Total children,379,100
2021,Reporting year,Local authority,E92000001,England,E12000002,North West,343,Sefton,E08000014,CLA on 31 March,Any moves,With one or more moves during the year,41,11
2021,Reporting year,Local authority,E92000001,England,E12000002,North West,343,Sefton,E08000014,CLA on 31 March,Mid-year moves,Total children,379,100
2021,Reporting year,Local authority,E92000001,England,E12000002,North West,343,Sefton,E08000014,CLA on 31 March,Mid-year moves,With one or more mid-year moves during the year,19,5
2021,Reporting year,Local authority,E92000001,England,E12000002,North West,344,Wirral,E08000015,CLA 2 years on 31 March,Any moves,Total children,495,100
2021,Reporting year,Local authority,E92000001,England,E12000002,North West,344,Wirral,E08000015,CLA 2 years on 31 March,Any moves,With one or more moves during the previous 2 years,83,17
2021,Reporting year,Local authority,E92000001,England,E12000002,North West,344,Wirral,E08000015,CLA 2 years on 31 March,Mid-year moves,Total children,495,100
2021,Reporting year,Local authority,E92000001,England,E12000002,North West,344,Wirral,E08000015,CLA 2 years on 31 March,Mid-year moves,With one or more mid-year moves during the previous 2 years,46,9
2021,Reporting year,Local authority,E92000001,England,E12000002,North West,344,Wirral,E08000015,CLA on 31 March,Any moves,Total children,527,100
2021,Reporting year,Local authority,E92000001,England,E12000002,North West,344,Wirral,E08000015,CLA on 31 March,Any moves,With one or more moves during the year,40,8
2021,Reporting year,Local authority,E92000001,England,E12000002,North West,344,Wirral,E08000015,CLA on 31 March,Mid-year moves,Total children,527,100
2021,Reporting year,Local authority,E92000001,England,E12000002,North West,344,Wirral,E08000015,CLA on 31 March,Mid-year moves,With one or more mid-year moves during the year,18,3
2021,Reporting year,Local authority,E92000001,England,E12000002,North West,909,Cumbria,E10000006,CLA 2 years on 31 March,Any moves,Total children,384,100
2021,Reporting year,Local authority,E92000001,England,E12000002,North West,909,Cumbria,E10000006,CLA 2 years on 31 March,Any moves,With one or more moves during the previous 2 years,77,20
2021,Reporting year,Local authority,E92000001,England,E12000002,North West,909,Cumbria,E10000006,CLA 2 years on 31 March,Mid-year moves,Total children,384,100
2021,Reporting year,Local authority,E92000001,England,E12000002,North West,909,Cumbria,E10000006,CLA 2 years on 31 March,Mid-year moves,With one or more mid-year moves during the previous 2 years,55,14
2021,Reporting year,Local authority,E92000001,England,E12000002,North West,909,Cumbria,E10000006,CLA on 31 March,Any moves,Total children,424,100
2021,Reporting year,Local authority,E92000001,England,E12000002,North West,909,Cumbria,E10000006,CLA on 31 March,Any moves,With one or more moves during the year,45,11
2021,Reporting year,Local authority,E92000001,England,E12000002,North West,909,Cumbria,E10000006,CLA on 31 March,Mid-year moves,Total children,424,100
2021,Reporting year,Local authority,E92000001,England,E12000002,North West,909,Cumbria,E10000006,CLA on 31 March,Mid-year moves,With one or more mid-year moves during the year,29,7
2021,Reporting year,Local authority,E92000001,England,E12000002,North West,888,Lancashire,E10000017,CLA 2 years on 31 March,Any moves,Total children,1145,100
2021,Reporting year,Local authority,E92000001,England,E12000002,North West,888,Lancashire,E10000017,CLA 2 years on 31 March,Any moves,With one or more moves during the previous 2 years,203,18
2021,Reporting year,Local authority,E92000001,England,E12000002,North West,888,Lancashire,E10000017,CLA 2 years on 31 March,Mid-year moves,Total children,1145,100
2021,Reporting year,Local authority,E92000001,England,E12000002,North West,888,Lancashire,E10000017,CLA 2 years on 31 March,Mid-year moves,With one or more mid-year moves during the previous 2 years,136,12
2021,Reporting year,Local authority,E92000001,England,E12000002,North West,888,Lancashire,E10000017,CLA on 31 March,Any moves,Total children,1232,100
2021,Reporting year,Local authority,E92000001,England,E12000002,North West,888,Lancashire,E10000017,CLA on 31 March,Any moves,With one or more moves during the year,122,10
2021,Reporting year,Local authority,E92000001,England,E12000002,North West,888,Lancashire,E10000017,CLA on 31 March,Mid-year moves,Total children,1232,100
2021,Reporting year,Local authority,E92000001,England,E12000002,North West,888,Lancashire,E10000017,CLA on 31 March,Mid-year moves,With one or more mid-year moves during the year,69,6
2021,Reporting year,Local authority,E92000001,England,E12000003,Yorkshire and The Humber,810,"Kingston upon Hull, City of",E06000010,CLA 2 years on 31 March,Any moves,Total children,464,100
2021,Reporting year,Local authority,E92000001,England,E12000003,Yorkshire and The Humber,810,"Kingston upon Hull, City of",E06000010,CLA 2 years on 31 March,Any moves,With one or more moves during the previous 2 years,128,28
2021,Reporting year,Local authority,E92000001,England,E12000003,Yorkshire and The Humber,810,"Kingston upon Hull, City of",E06000010,CLA 2 years on 31 March,Mid-year moves,Total children,464,100
2021,Reporting year,Local authority,E92000001,England,E12000003,Yorkshire and The Humber,810,"Kingston upon Hull, City of",E06000010,CLA 2 years on 31 March,Mid-year moves,With one or more mid-year moves during the previous 2 years,83,18
2021,Reporting year,Local authority,E92000001,England,E12000003,Yorkshire and The Humber,810,"Kingston upon Hull, City of",E06000010,CLA on 31 March,Any moves,Total children,575,100
2021,Reporting year,Local authority,E92000001,England,E12000003,Yorkshire and The Humber,810,"Kingston upon Hull, City of",E06000010,CLA on 31 March,Any moves,With one or more moves during the year,95,17
2021,Reporting year,Local authority,E92000001,England,E12000003,Yorkshire and The Humber,810,"Kingston upon Hull, City of",E06000010,CLA on 31 March,Mid-year moves,Total children,575,100
2021,Reporting year,Local authority,E92000001,England,E12000003,Yorkshire and The Humber,810,"Kingston upon Hull, City of",E06000010,CLA on 31 March,Mid-year moves,With one or more mid-year moves during the year,50,9
2021,Reporting year,Local authority,E92000001,England,E12000003,Yorkshire and The Humber,811,East Riding of Yorkshire,E06000011,CLA 2 years on 31 March,Any moves,Total children,178,100
2021,Reporting year,Local authority,E92000001,England,E12000003,Yorkshire and The Humber,811,East Riding of Yorkshire,E06000011,CLA 2 years on 31 March,Any moves,With one or more moves during the previous 2 years,42,24
2021,Reporting year,Local authority,E92000001,England,E12000003,Yorkshire and The Humber,811,East Riding of Yorkshire,E06000011,CLA 2 years on 31 March,Mid-year moves,Total children,178,100
2021,Reporting year,Local authority,E92000001,England,E12000003,Yorkshire and The Humber,811,East Riding of Yorkshire,E06000011,CLA 2 years on 31 March,Mid-year moves,With one or more mid-year moves during the previous 2 years,28,16
2021,Reporting year,Local authority,E92000001,England,E12000003,Yorkshire and The Humber,811,East Riding of Yorkshire,E06000011,CLA on 31 March,Any moves,Total children,199,100
2021,Reporting year,Local authority,E92000001,England,E12000003,Yorkshire and The Humber,811,East Riding of Yorkshire,E06000011,CLA on 31 March,Any moves,With one or more moves during the year,23,12
2021,Reporting year,Local authority,E92000001,England,E12000003,Yorkshire and The Humber,811,East Riding of Yorkshire,E06000011,CLA on 31 March,Mid-year moves,Total children,199,100
2021,Reporting year,Local authority,E92000001,England,E12000003,Yorkshire and The Humber,811,East Riding of Yorkshire,E06000011,CLA on 31 March,Mid-year moves,With one or more mid-year moves during the year,13,7
2021,Reporting year,Local authority,E92000001,England,E12000003,Yorkshire and The Humber,812,North East Lincolnshire,E06000012,CLA 2 years on 31 March,Any moves,Total children,295,100
2021,Reporting year,Local authority,E92000001,England,E12000003,Yorkshire and The Humber,812,North East Lincolnshire,E06000012,CLA 2 years on 31 March,Any moves,With one or more moves during the previous 2 years,72,24
2021,Reporting year,Local authority,E92000001,England,E12000003,Yorkshire and The Humber,812,North East Lincolnshire,E06000012,CLA 2 years on 31 March,Mid-year moves,Total children,295,100
2021,Reporting year,Local authority,E92000001,England,E12000003,Yorkshire and The Humber,812,North East Lincolnshire,E06000012,CLA 2 years on 31 March,Mid-year moves,With one or more mid-year moves during the previous 2 years,53,18
2021,Reporting year,Local authority,E92000001,England,E12000003,Yorkshire and The Humber,812,North East Lincolnshire,E06000012,CLA on 31 March,Any moves,Total children,332,100
2021,Reporting year,Local authority,E92000001,England,E12000003,Yorkshire and The Humber,812,North East Lincolnshire,E06000012,CLA on 31 March,Any moves,With one or more moves during the year,50,15
2021,Reporting year,Local authority,E92000001,England,E12000003,Yorkshire and The Humber,812,North East Lincolnshire,E06000012,CLA on 31 March,Mid-year moves,Total children,332,100
2021,Reporting year,Local authority,E92000001,England,E12000003,Yorkshire and The Humber,812,North East Lincolnshire,E06000012,CLA on 31 March,Mid-year moves,With one or more mid-year moves during the year,38,11
2021,Reporting year,Local authority,E92000001,England,E12000003,Yorkshire and The Humber,813,North Lincolnshire,E06000013,CLA 2 years on 31 March,Any moves,Total children,128,100
2021,Reporting year,Local authority,E92000001,England,E12000003,Yorkshire and The Humber,813,North Lincolnshire,E06000013,CLA 2 years on 31 March,Any moves,With one or more moves during the previous 2 years,16,13
2021,Reporting year,Local authority,E92000001,England,E12000003,Yorkshire and The Humber,813,North Lincolnshire,E06000013,CLA 2 years on 31 March,Mid-year moves,Total children,128,100
2021,Reporting year,Local authority,E92000001,England,E12000003,Yorkshire and The Humber,813,North Lincolnshire,E06000013,CLA 2 years on 31 March,Mid-year moves,With one or more mid-year moves during the previous 2 years,6,5
2021,Reporting year,Local authority,E92000001,England,E12000003,Yorkshire and The Humber,813,North Lincolnshire,E06000013,CLA on 31 March,Any moves,Total children,133,100
2021,Reporting year,Local authority,E92000001,England,E12000003,Yorkshire and The Humber,813,North Lincolnshire,E06000013,CLA on 31 March,Any moves,With one or more moves during the year,11,8
2021,Reporting year,Local authority,E92000001,England,E12000003,Yorkshire and The Humber,813,North Lincolnshire,E06000013,CLA on 31 March,Mid-year moves,Total children,133,100
2021,Reporting year,Local authority,E92000001,England,E12000003,Yorkshire and The Humber,813,North Lincolnshire,E06000013,CLA on 31 March,Mid-year moves,With one or more mid-year moves during the year,c,c
2021,Reporting year,Local authority,E92000001,England,E12000003,Yorkshire and The Humber,816,York,E06000014,CLA 2 years on 31 March,Any moves,Total children,138,100
2021,Reporting year,Local authority,E92000001,England,E12000003,Yorkshire and The Humber,816,York,E06000014,CLA 2 years on 31 March,Any moves,With one or more moves during the previous 2 years,28,20
2021,Reporting year,Local authority,E92000001,England,E12000003,Yorkshire and The Humber,816,York,E06000014,CLA 2 years on 31 March,Mid-year moves,Total children,138,100
2021,Reporting year,Local authority,E92000001,England,E12000003,Yorkshire and The Humber,816,York,E06000014,CLA 2 years on 31 March,Mid-year moves,With one or more mid-year moves during the previous 2 years,16,12
2021,Reporting year,Local authority,E92000001,England,E12000003,Yorkshire and The Humber,816,York,E06000014,CLA on 31 March,Any moves,Total children,166,100
2021,Reporting year,Local authority,E92000001,England,E12000003,Yorkshire and The Humber,816,York,E06000014,CLA on 31 March,Any moves,With one or more moves during the year,15,9
2021,Reporting year,Local authority,E92000001,England,E12000003,Yorkshire and The Humber,816,York,E06000014,CLA on 31 March,Mid-year moves,Total children,166,100
2021,Reporting year,Local authority,E92000001,England,E12000003,Yorkshire and The Humber,816,York,E06000014,CLA on 31 March,Mid-year moves,With one or more mid-year moves during the year,9,5
2021,Reporting year,Local authority,E92000001,England,E12000003,Yorkshire and The Humber,815,North Yorkshire,E06000065,CLA 2 years on 31 March,Any moves,Total children,210,100
2021,Reporting year,Local authority,E92000001,England,E12000003,Yorkshire and The Humber,815,North Yorkshire,E06000065,CLA 2 years on 31 March,Any moves,With one or more moves during the previous 2 years,40,19
2021,Reporting year,Local authority,E92000001,England,E12000003,Yorkshire and The Humber,815,North Yorkshire,E06000065,CLA 2 years on 31 March,Mid-year moves,Total children,210,100
2021,Reporting year,Local authority,E92000001,England,E12000003,Yorkshire and The Humber,815,North Yorkshire,E06000065,CLA 2 years on 31 March,Mid-year moves,With one or more mid-year moves during the previous 2 years,25,12
2021,Reporting year,Local authority,E92000001,England,E12000003,Yorkshire and The Humber,815,North Yorkshire,E06000065,CLA on 31 March,Any moves,Total children,232,100
2021,Reporting year,Local authority,E92000001,England,E12000003,Yorkshire and The Humber,815,North Yorkshire,E06000065,CLA on 31 March,Any moves,With one or more moves during the year,22,9
2021,Reporting year,Local authority,E92000001,England,E12000003,Yorkshire and The Humber,815,North Yorkshire,E06000065,CLA on 31 March,Mid-year moves,Total children,232,100
2021,Reporting year,Local authority,E92000001,England,E12000003,Yorkshire and The Humber,815,North Yorkshire,E06000065,CLA on 31 March,Mid-year moves,With one or more mid-year moves during the year,14,6
2021,Reporting year,Local authority,E92000001,England,E12000003,Yorkshire and The Humber,370,Barnsley,E08000016,CLA 2 years on 31 March,Any moves,Total children,152,100
2021,Reporting year,Local authority,E92000001,England,E12000003,Yorkshire and The Humber,370,Barnsley,E08000016,CLA 2 years on 31 March,Any moves,With one or more moves during the previous 2 years,38,25
2021,Reporting year,Local authority,E92000001,England,E12000003,Yorkshire and The Humber,370,Barnsley,E08000016,CLA 2 years on 31 March,Mid-year moves,Total children,152,100
2021,Reporting year,Local authority,E92000001,England,E12000003,Yorkshire and The Humber,370,Barnsley,E08000016,CLA 2 years on 31 March,Mid-year moves,With one or more mid-year moves during the previous 2 years,11,7
2021,Reporting year,Local authority,E92000001,England,E12000003,Yorkshire and The Humber,370,Barnsley,E08000016,CLA on 31 March,Any moves,Total children,201,100
2021,Reporting year,Local authority,E92000001,England,E12000003,Yorkshire and The Humber,370,Barnsley,E08000016,CLA on 31 March,Any moves,With one or more moves during the year,17,8
2021,Reporting year,Local authority,E92000001,England,E12000003,Yorkshire and The Humber,370,Barnsley,E08000016,CLA on 31 March,Mid-year moves,Total children,201,100
2021,Reporting year,Local authority,E92000001,England,E12000003,Yorkshire and The Humber,370,Barnsley,E08000016,CLA on 31 March,Mid-year moves,With one or more mid-year moves during the year,c,c
2021,Reporting year,Local authority,E92000001,England,E12000003,Yorkshire and The Humber,371,Doncaster,E08000017,CLA 2 years on 31 March,Any moves,Total children,283,100
2021,Reporting year,Local authority,E92000001,England,E12000003,Yorkshire and The Humber,371,Doncaster,E08000017,CLA 2 years on 31 March,Any moves,With one or more moves during the previous 2 years,63,22
2021,Reporting year,Local authority,E92000001,England,E12000003,Yorkshire and The Humber,371,Doncaster,E08000017,CLA 2 years on 31 March,Mid-year moves,Total children,283,100
2021,Reporting year,Local authority,E92000001,England,E12000003,Yorkshire and The Humber,371,Doncaster,E08000017,CLA 2 years on 31 March,Mid-year moves,With one or more mid-year moves during the previous 2 years,47,17
2021,Reporting year,Local authority,E92000001,England,E12000003,Yorkshire and The Humber,371,Doncaster,E08000017,CLA on 31 March,Any moves,Total children,321,100
2021,Reporting year,Local authority,E92000001,England,E12000003,Yorkshire and The Humber,371,Doncaster,E08000017,CLA on 31 March,Any moves,With one or more moves during the year,38,12
2021,Reporting year,Local authority,E92000001,England,E12000003,Yorkshire and The Humber,371,Doncaster,E08000017,CLA on 31 March,Mid-year moves,Total children,321,100
2021,Reporting year,Local authority,E92000001,England,E12000003,Yorkshire and The Humber,371,Doncaster,E08000017,CLA on 31 March,Mid-year moves,With one or more mid-year moves during the year,28,9
2021,Reporting year,Local authority,E92000001,England,E12000003,Yorkshire and The Humber,372,Rotherham,E08000018,CLA 2 years on 31 March,Any moves,Total children,333,100
2021,Reporting year,Local authority,E92000001,England,E12000003,Yorkshire and The Humber,372,Rotherham,E08000018,CLA 2 years on 31 March,Any moves,With one or more moves during the previous 2 years,82,25
2021,Reporting year,Local authority,E92000001,England,E12000003,Yorkshire and The Humber,372,Rotherham,E08000018,CLA 2 years on 31 March,Mid-year moves,Total children,333,100
2021,Reporting year,Local authority,E92000001,England,E12000003,Yorkshire and The Humber,372,Rotherham,E08000018,CLA 2 years on 31 March,Mid-year moves,With one or more mid-year moves during the previous 2 years,52,16
2021,Reporting year,Local authority,E92000001,England,E12000003,Yorkshire and The Humber,372,Rotherham,E08000018,CLA on 31 March,Any moves,Total children,363,100
2021,Reporting year,Local authority,E92000001,England,E12000003,Yorkshire and The Humber,372,Rotherham,E08000018,CLA on 31 March,Any moves,With one or more moves during the year,36,10
2021,Reporting year,Local authority,E92000001,England,E12000003,Yorkshire and The Humber,372,Rotherham,E08000018,CLA on 31 March,Mid-year moves,Total children,363,100
2021,Reporting year,Local authority,E92000001,England,E12000003,Yorkshire and The Humber,372,Rotherham,E08000018,CLA on 31 March,Mid-year moves,With one or more mid-year moves during the year,20,6
2021,Reporting year,Local authority,E92000001,England,E12000003,Yorkshire and The Humber,373,Sheffield,E08000019,CLA 2 years on 31 March,Any moves,Total children,294,100
2021,Reporting year,Local authority,E92000001,England,E12000003,Yorkshire and The Humber,373,Sheffield,E08000019,CLA 2 years on 31 March,Any moves,With one or more moves during the previous 2 years,66,22
2021,Reporting year,Local authority,E92000001,England,E12000003,Yorkshire and The Humber,373,Sheffield,E08000019,CLA 2 years on 31 March,Mid-year moves,Total children,294,100
2021,Reporting year,Local authority,E92000001,England,E12000003,Yorkshire and The Humber,373,Sheffield,E08000019,CLA 2 years on 31 March,Mid-year moves,With one or more mid-year moves during the previous 2 years,42,14
2021,Reporting year,Local authority,E92000001,England,E12000003,Yorkshire and The Humber,373,Sheffield,E08000019,CLA on 31 March,Any moves,Total children,381,100
2021,Reporting year,Local authority,E92000001,England,E12000003,Yorkshire and The Humber,373,Sheffield,E08000019,CLA on 31 March,Any moves,With one or more moves during the year,38,10
2021,Reporting year,Local authority,E92000001,England,E12000003,Yorkshire and The Humber,373,Sheffield,E08000019,CLA on 31 March,Mid-year moves,Total children,381,100
2021,Reporting year,Local authority,E92000001,England,E12000003,Yorkshire and The Humber,373,Sheffield,E08000019,CLA on 31 March,Mid-year moves,With one or more mid-year moves during the year,22,6
2021,Reporting year,Local authority,E92000001,England,E12000003,Yorkshire and The Humber,380,Bradford,E08000032,CLA 2 years on 31 March,Any moves,Total children,667,100
2021,Reporting year,Local authority,E92000001,England,E12000003,Yorkshire and The Humber,380,Bradford,E08000032,CLA 2 years on 31 March,Any moves,With one or more moves during the previous 2 years,155,23
2021,Reporting year,Local authority,E92000001,England,E12000003,Yorkshire and The Humber,380,Bradford,E08000032,CLA 2 years on 31 March,Mid-year moves,Total children,667,100
2021,Reporting year,Local authority,E92000001,England,E12000003,Yorkshire and The Humber,380,Bradford,E08000032,CLA 2 years on 31 March,Mid-year moves,With one or more mid-year moves during the previous 2 years,97,15
2021,Reporting year,Local authority,E92000001,England,E12000003,Yorkshire and The Humber,380,Bradford,E08000032,CLA on 31 March,Any moves,Total children,816,100
2021,Reporting year,Local authority,E92000001,England,E12000003,Yorkshire and The Humber,380,Bradford,E08000032,CLA on 31 March,Any moves,With one or more moves during the year,108,13
2021,Reporting year,Local authority,E92000001,England,E12000003,Yorkshire and The Humber,380,Bradford,E08000032,CLA on 31 March,Mid-year moves,Total children,816,100
2021,Reporting year,Local authority,E92000001,England,E12000003,Yorkshire and The Humber,380,Bradford,E08000032,CLA on 31 March,Mid-year moves,With one or more mid-year moves during the year,65,8
2021,Reporting year,Local authority,E92000001,England,E12000003,Yorkshire and The Humber,381,Calderdale,E08000033,CLA 2 years on 31 March,Any moves,Total children,180,100
2021,Reporting year,Local authority,E92000001,England,E12000003,Yorkshire and The Humber,381,Calderdale,E08000033,CLA 2 years on 31 March,Any moves,With one or more moves during the previous 2 years,31,17
2021,Reporting year,Local authority,E92000001,England,E12000003,Yorkshire and The Humber,381,Calderdale,E08000033,CLA 2 years on 31 March,Mid-year moves,Total children,180,100
2021,Reporting year,Local authority,E92000001,England,E12000003,Yorkshire and The Humber,381,Calderdale,E08000033,CLA 2 years on 31 March,Mid-year moves,With one or more mid-year moves during the previous 2 years,26,14
2021,Reporting year,Local authority,E92000001,England,E12000003,Yorkshire and The Humber,381,Calderdale,E08000033,CLA on 31 March,Any moves,Total children,202,100
2021,Reporting year,Local authority,E92000001,England,E12000003,Yorkshire and The Humber,381,Calderdale,E08000033,CLA on 31 March,Any moves,With one or more moves during the year,14,7
2021,Reporting year,Local authority,E92000001,England,E12000003,Yorkshire and The Humber,381,Calderdale,E08000033,CLA on 31 March,Mid-year moves,Total children,202,100
2021,Reporting year,Local authority,E92000001,England,E12000003,Yorkshire and The Humber,381,Calderdale,E08000033,CLA on 31 March,Mid-year moves,With one or more mid-year moves during the year,8,4
2021,Reporting year,Local authority,E92000001,England,E12000003,Yorkshire and The Humber,382,Kirklees,E08000034,CLA 2 years on 31 March,Any moves,Total children,364,100
2021,Reporting year,Local authority,E92000001,England,E12000003,Yorkshire and The Humber,382,Kirklees,E08000034,CLA 2 years on 31 March,Any moves,With one or more moves during the previous 2 years,57,16
2021,Reporting year,Local authority,E92000001,England,E12000003,Yorkshire and The Humber,382,Kirklees,E08000034,CLA 2 years on 31 March,Mid-year moves,Total children,364,100
2021,Reporting year,Local authority,E92000001,England,E12000003,Yorkshire and The Humber,382,Kirklees,E08000034,CLA 2 years on 31 March,Mid-year moves,With one or more mid-year moves during the previous 2 years,38,10
2021,Reporting year,Local authority,E92000001,England,E12000003,Yorkshire and The Humber,382,Kirklees,E08000034,CLA on 31 March,Any moves,Total children,410,100
2021,Reporting year,Local authority,E92000001,England,E12000003,Yorkshire and The Humber,382,Kirklees,E08000034,CLA on 31 March,Any moves,With one or more moves during the year,39,10
2021,Reporting year,Local authority,E92000001,England,E12000003,Yorkshire and The Humber,382,Kirklees,E08000034,CLA on 31 March,Mid-year moves,Total children,410,100
2021,Reporting year,Local authority,E92000001,England,E12000003,Yorkshire and The Humber,382,Kirklees,E08000034,CLA on 31 March,Mid-year moves,With one or more mid-year moves during the year,23,6
2021,Reporting year,Local authority,E92000001,England,E12000003,Yorkshire and The Humber,383,Leeds,E08000035,CLA 2 years on 31 March,Any moves,Total children,725,100
2021,Reporting year,Local authority,E92000001,England,E12000003,Yorkshire and The Humber,383,Leeds,E08000035,CLA 2 years on 31 March,Any moves,With one or more moves during the previous 2 years,142,20
2021,Reporting year,Local authority,E92000001,England,E12000003,Yorkshire and The Humber,383,Leeds,E08000035,CLA 2 years on 31 March,Mid-year moves,Total children,725,100
2021,Reporting year,Local authority,E92000001,England,E12000003,Yorkshire and The Humber,383,Leeds,E08000035,CLA 2 years on 31 March,Mid-year moves,With one or more mid-year moves during the previous 2 years,91,13
2021,Reporting year,Local authority,E92000001,England,E12000003,Yorkshire and The Humber,383,Leeds,E08000035,CLA on 31 March,Any moves,Total children,783,100
2021,Reporting year,Local authority,E92000001,England,E12000003,Yorkshire and The Humber,383,Leeds,E08000035,CLA on 31 March,Any moves,With one or more moves during the year,65,8
2021,Reporting year,Local authority,E92000001,England,E12000003,Yorkshire and The Humber,383,Leeds,E08000035,CLA on 31 March,Mid-year moves,Total children,783,100
2021,Reporting year,Local authority,E92000001,England,E12000003,Yorkshire and The Humber,383,Leeds,E08000035,CLA on 31 March,Mid-year moves,With one or more mid-year moves during the year,32,4
2021,Reporting year,Local authority,E92000001,England,E12000003,Yorkshire and The Humber,384,Wakefield,E08000036,CLA 2 years on 31 March,Any moves,Total children,335,100
2021,Reporting year,Local authority,E92000001,England,E12000003,Yorkshire and The Humber,384,Wakefield,E08000036,CLA 2 years on 31 March,Any moves,With one or more moves during the previous 2 years,73,22
2021,Reporting year,Local authority,E92000001,England,E12000003,Yorkshire and The Humber,384,Wakefield,E08000036,CLA 2 years on 31 March,Mid-year moves,Total children,335,100
2021,Reporting year,Local authority,E92000001,England,E12000003,Yorkshire and The Humber,384,Wakefield,E08000036,CLA 2 years on 31 March,Mid-year moves,With one or more mid-year moves during the previous 2 years,57,17
2021,Reporting year,Local authority,E92000001,England,E12000003,Yorkshire and The Humber,384,Wakefield,E08000036,CLA on 31 March,Any moves,Total children,389,100
2021,Reporting year,Local authority,E92000001,England,E12000003,Yorkshire and The Humber,384,Wakefield,E08000036,CLA on 31 March,Any moves,With one or more moves during the year,43,11
2021,Reporting year,Local authority,E92000001,England,E12000003,Yorkshire and The Humber,384,Wakefield,E08000036,CLA on 31 March,Mid-year moves,Total children,389,100
2021,Reporting year,Local authority,E92000001,England,E12000003,Yorkshire and The Humber,384,Wakefield,E08000036,CLA on 31 March,Mid-year moves,With one or more mid-year moves during the year,35,9
2021,Reporting year,Local authority,E92000001,England,E12000004,East Midlands,831,Derby,E06000015,CLA 2 years on 31 March,Any moves,Total children,328,100
2021,Reporting year,Local authority,E92000001,England,E12000004,East Midlands,831,Derby,E06000015,CLA 2 years on 31 March,Any moves,With one or more moves during the previous 2 years,107,33
2021,Reporting year,Local authority,E92000001,England,E12000004,East Midlands,831,Derby,E06000015,CLA 2 years on 31 March,Mid-year moves,Total children,328,100
2021,Reporting year,Local authority,E92000001,England,E12000004,East Midlands,831,Derby,E06000015,CLA 2 years on 31 March,Mid-year moves,With one or more mid-year moves during the previous 2 years,83,25
2021,Reporting year,Local authority,E92000001,England,E12000004,East Midlands,831,Derby,E06000015,CLA on 31 March,Any moves,Total children,395,100
2021,Reporting year,Local authority,E92000001,England,E12000004,East Midlands,831,Derby,E06000015,CLA on 31 March,Any moves,With one or more moves during the year,77,19
2021,Reporting year,Local authority,E92000001,England,E12000004,East Midlands,831,Derby,E06000015,CLA on 31 March,Mid-year moves,Total children,395,100
2021,Reporting year,Local authority,E92000001,England,E12000004,East Midlands,831,Derby,E06000015,CLA on 31 March,Mid-year moves,With one or more mid-year moves during the year,49,12
2021,Reporting year,Local authority,E92000001,England,E12000004,East Midlands,856,Leicester,E06000016,CLA 2 years on 31 March,Any moves,Total children,336,100
2021,Reporting year,Local authority,E92000001,England,E12000004,East Midlands,856,Leicester,E06000016,CLA 2 years on 31 March,Any moves,With one or more moves during the previous 2 years,77,23
2021,Reporting year,Local authority,E92000001,England,E12000004,East Midlands,856,Leicester,E06000016,CLA 2 years on 31 March,Mid-year moves,Total children,336,100
2021,Reporting year,Local authority,E92000001,England,E12000004,East Midlands,856,Leicester,E06000016,CLA 2 years on 31 March,Mid-year moves,With one or more mid-year moves during the previous 2 years,48,14
2021,Reporting year,Local authority,E92000001,England,E12000004,East Midlands,856,Leicester,E06000016,CLA on 31 March,Any moves,Total children,380,100
2021,Reporting year,Local authority,E92000001,England,E12000004,East Midlands,856,Leicester,E06000016,CLA on 31 March,Any moves,With one or more moves during the year,60,16
2021,Reporting year,Local authority,E92000001,England,E12000004,East Midlands,856,Leicester,E06000016,CLA on 31 March,Mid-year moves,Total children,380,100
2021,Reporting year,Local authority,E92000001,England,E12000004,East Midlands,856,Leicester,E06000016,CLA on 31 March,Mid-year moves,With one or more mid-year moves during the year,38,10
2021,Reporting year,Local authority,E92000001,England,E12000004,East Midlands,857,Rutland,E06000017,CLA 2 years on 31 March,Any moves,Total children,17,100
2021,Reporting year,Local authority,E92000001,England,E12000004,East Midlands,857,Rutland,E06000017,CLA 2 years on 31 March,Any moves,With one or more moves during the previous 2 years,c,c
2021,Reporting year,Local authority,E92000001,England,E12000004,East Midlands,857,Rutland,E06000017,CLA 2 years on 31 March,Mid-year moves,Total children,17,100
2021,Reporting year,Local authority,E92000001,England,E12000004,East Midlands,857,Rutland,E06000017,CLA 2 years on 31 March,Mid-year moves,With one or more mid-year moves during the previous 2 years,0,0
2021,Reporting year,Local authority,E92000001,England,E12000004,East Midlands,857,Rutland,E06000017,CLA on 31 March,Any moves,Total children,14,100
2021,Reporting year,Local authority,E92000001,England,E12000004,East Midlands,857,Rutland,E06000017,CLA on 31 March,Any moves,With one or more moves during the year,c,c
2021,Reporting year,Local authority,E92000001,England,E12000004,East Midlands,857,Rutland,E06000017,CLA on 31 March,Mid-year moves,Total children,14,100
2021,Reporting year,Local authority,E92000001,England,E12000004,East Midlands,857,Rutland,E06000017,CLA on 31 March,Mid-year moves,With one or more mid-year moves during the year,0,0
2021,Reporting year,Local authority,E92000001,England,E12000004,East Midlands,892,Nottingham,E06000018,CLA 2 years on 31 March,Any moves,Total children,335,100
2021,Reporting year,Local authority,E92000001,England,E12000004,East Midlands,892,Nottingham,E06000018,CLA 2 years on 31 March,Any moves,With one or more moves during the previous 2 years,73,22
2021,Reporting year,Local authority,E92000001,England,E12000004,East Midlands,892,Nottingham,E06000018,CLA 2 years on 31 March,Mid-year moves,Total children,335,100
2021,Reporting year,Local authority,E92000001,England,E12000004,East Midlands,892,Nottingham,E06000018,CLA 2 years on 31 March,Mid-year moves,With one or more mid-year moves during the previous 2 years,41,12
2021,Reporting year,Local authority,E92000001,England,E12000004,East Midlands,892,Nottingham,E06000018,CLA on 31 March,Any moves,Total children,387,100
2021,Reporting year,Local authority,E92000001,England,E12000004,East Midlands,892,Nottingham,E06000018,CLA on 31 March,Any moves,With one or more moves during the year,50,13
2021,Reporting year,Local authority,E92000001,England,E12000004,East Midlands,892,Nottingham,E06000018,CLA on 31 March,Mid-year moves,Total children,387,100
2021,Reporting year,Local authority,E92000001,England,E12000004,East Midlands,892,Nottingham,E06000018,CLA on 31 March,Mid-year moves,With one or more mid-year moves during the year,25,6
2021,Reporting year,Local authority,E92000001,England,E12000004,East Midlands,940,North Northamptonshire,E06000061,CLA 2 years on 31 March,Any moves,Total children,z,z
2021,Reporting year,Local authority,E92000001,England,E12000004,East Midlands,940,North Northamptonshire,E06000061,CLA 2 years on 31 March,Any moves,With one or more moves during the previous 2 years,z,z
2021,Reporting year,Local authority,E92000001,England,E12000004,East Midlands,940,North Northamptonshire,E06000061,CLA 2 years on 31 March,Mid-year moves,Total children,z,z
2021,Reporting year,Local authority,E92000001,England,E12000004,East Midlands,940,North Northamptonshire,E06000061,CLA 2 years on 31 March,Mid-year moves,With one or more mid-year moves during the previous 2 years,z,z
2021,Reporting year,Local authority,E92000001,England,E12000004,East Midlands,940,North Northamptonshire,E06000061,CLA on 31 March,Any moves,Total children,z,z
2021,Reporting year,Local authority,E92000001,England,E12000004,East Midlands,940,North Northamptonshire,E06000061,CLA on 31 March,Any moves,With one or more moves during the year,z,z
2021,Reporting year,Local authority,E92000001,England,E12000004,East Midlands,940,North Northamptonshire,E06000061,CLA on 31 March,Mid-year moves,Total children,z,z
2021,Reporting year,Local authority,E92000001,England,E12000004,East Midlands,940,North Northamptonshire,E06000061,CLA on 31 March,Mid-year moves,With one or more mid-year moves during the year,z,z
2021,Reporting year,Local authority,E92000001,England,E12000004,East Midlands,941,West Northamptonshire,E06000062,CLA 2 years on 31 March,Any moves,Total children,z,z
2021,Reporting year,Local authority,E92000001,England,E12000004,East Midlands,941,West Northamptonshire,E06000062,CLA 2 years on 31 March,Any moves,With one or more moves during the previous 2 years,z,z
2021,Reporting year,Local authority,E92000001,England,E12000004,East Midlands,941,West Northamptonshire,E06000062,CLA 2 years on 31 March,Mid-year moves,Total children,z,z
2021,Reporting year,Local authority,E92000001,England,E12000004,East Midlands,941,West Northamptonshire,E06000062,CLA 2 years on 31 March,Mid-year moves,With one or more mid-year moves during the previous 2 years,z,z
2021,Reporting year,Local authority,E92000001,England,E12000004,East Midlands,941,West Northamptonshire,E06000062,CLA on 31 March,Any moves,Total children,z,z
2021,Reporting year,Local authority,E92000001,England,E12000004,East Midlands,941,West Northamptonshire,E06000062,CLA on 31 March,Any moves,With one or more moves during the year,z,z
2021,Reporting year,Local authority,E92000001,England,E12000004,East Midlands,941,West Northamptonshire,E06000062,CLA on 31 March,Mid-year moves,Total children,z,z
2021,Reporting year,Local authority,E92000001,England,E12000004,East Midlands,941,West Northamptonshire,E06000062,CLA on 31 March,Mid-year moves,With one or more mid-year moves during the year,z,z
2021,Reporting year,Local authority,E92000001,England,E12000004,East Midlands,830,Derbyshire,E10000007,CLA 2 years on 31 March,Any moves,Total children,440,100
2021,Reporting year,Local authority,E92000001,England,E12000004,East Midlands,830,Derbyshire,E10000007,CLA 2 years on 31 March,Any moves,With one or more moves during the previous 2 years,119,27
2021,Reporting year,Local authority,E92000001,England,E12000004,East Midlands,830,Derbyshire,E10000007,CLA 2 years on 31 March,Mid-year moves,Total children,440,100
2021,Reporting year,Local authority,E92000001,England,E12000004,East Midlands,830,Derbyshire,E10000007,CLA 2 years on 31 March,Mid-year moves,With one or more mid-year moves during the previous 2 years,81,18
2021,Reporting year,Local authority,E92000001,England,E12000004,East Midlands,830,Derbyshire,E10000007,CLA on 31 March,Any moves,Total children,529,100
2021,Reporting year,Local authority,E92000001,England,E12000004,East Midlands,830,Derbyshire,E10000007,CLA on 31 March,Any moves,With one or more moves during the year,84,16
2021,Reporting year,Local authority,E92000001,England,E12000004,East Midlands,830,Derbyshire,E10000007,CLA on 31 March,Mid-year moves,Total children,529,100
2021,Reporting year,Local authority,E92000001,England,E12000004,East Midlands,830,Derbyshire,E10000007,CLA on 31 March,Mid-year moves,With one or more mid-year moves during the year,53,10
2021,Reporting year,Local authority,E92000001,England,E12000004,East Midlands,855,Leicestershire,E10000018,CLA 2 years on 31 March,Any moves,Total children,348,100
2021,Reporting year,Local authority,E92000001,England,E12000004,East Midlands,855,Leicestershire,E10000018,CLA 2 years on 31 March,Any moves,With one or more moves during the previous 2 years,70,20
2021,Reporting year,Local authority,E92000001,England,E12000004,East Midlands,855,Leicestershire,E10000018,CLA 2 years on 31 March,Mid-year moves,Total children,348,100
2021,Reporting year,Local authority,E92000001,England,E12000004,East Midlands,855,Leicestershire,E10000018,CLA 2 years on 31 March,Mid-year moves,With one or more mid-year moves during the previous 2 years,37,11
2021,Reporting year,Local authority,E92000001,England,E12000004,East Midlands,855,Leicestershire,E10000018,CLA on 31 March,Any moves,Total children,398,100
2021,Reporting year,Local authority,E92000001,England,E12000004,East Midlands,855,Leicestershire,E10000018,CLA on 31 March,Any moves,With one or more moves during the year,48,12
2021,Reporting year,Local authority,E92000001,England,E12000004,East Midlands,855,Leicestershire,E10000018,CLA on 31 March,Mid-year moves,Total children,398,100
2021,Reporting year,Local authority,E92000001,England,E12000004,East Midlands,855,Leicestershire,E10000018,CLA on 31 March,Mid-year moves,With one or more mid-year moves during the year,25,6
2021,Reporting year,Local authority,E92000001,England,E12000004,East Midlands,925,Lincolnshire,E10000019,CLA 2 years on 31 March,Any moves,Total children,293,100
2021,Reporting year,Local authority,E92000001,England,E12000004,East Midlands,925,Lincolnshire,E10000019,CLA 2 years on 31 March,Any moves,With one or more moves during the previous 2 years,64,22
2021,Reporting year,Local authority,E92000001,England,E12000004,East Midlands,925,Lincolnshire,E10000019,CLA 2 years on 31 March,Mid-year moves,Total children,293,100
2021,Reporting year,Local authority,E92000001,England,E12000004,East Midlands,925,Lincolnshire,E10000019,CLA 2 years on 31 March,Mid-year moves,With one or more mid-year moves during the previous 2 years,34,12
2021,Reporting year,Local authority,E92000001,England,E12000004,East Midlands,925,Lincolnshire,E10000019,CLA on 31 March,Any moves,Total children,366,100
2021,Reporting year,Local authority,E92000001,England,E12000004,East Midlands,925,Lincolnshire,E10000019,CLA on 31 March,Any moves,With one or more moves during the year,52,14
2021,Reporting year,Local authority,E92000001,England,E12000004,East Midlands,925,Lincolnshire,E10000019,CLA on 31 March,Mid-year moves,Total children,366,100
2021,Reporting year,Local authority,E92000001,England,E12000004,East Midlands,925,Lincolnshire,E10000019,CLA on 31 March,Mid-year moves,With one or more mid-year moves during the year,29,8
2021,Reporting year,Local authority,E92000001,England,E12000004,East Midlands,928,Northamptonshire,E10000021,CLA 2 years on 31 March,Any moves,Total children,611,100
2021,Reporting year,Local authority,E92000001,England,E12000004,East Midlands,928,Northamptonshire,E10000021,CLA 2 years on 31 March,Any moves,With one or more moves during the previous 2 years,136,22
2021,Reporting year,Local authority,E92000001,England,E12000004,East Midlands,928,Northamptonshire,E10000021,CLA 2 years on 31 March,Mid-year moves,Total children,611,100
2021,Reporting year,Local authority,E92000001,England,E12000004,East Midlands,928,Northamptonshire,E10000021,CLA 2 years on 31 March,Mid-year moves,With one or more mid-year moves during the previous 2 years,74,12
2021,Reporting year,Local authority,E92000001,England,E12000004,East Midlands,928,Northamptonshire,E10000021,CLA on 31 March,Any moves,Total children,686,100
2021,Reporting year,Local authority,E92000001,England,E12000004,East Midlands,928,Northamptonshire,E10000021,CLA on 31 March,Any moves,With one or more moves during the year,69,10
2021,Reporting year,Local authority,E92000001,England,E12000004,East Midlands,928,Northamptonshire,E10000021,CLA on 31 March,Mid-year moves,Total children,686,100
2021,Reporting year,Local authority,E92000001,England,E12000004,East Midlands,928,Northamptonshire,E10000021,CLA on 31 March,Mid-year moves,With one or more mid-year moves during the year,34,5
2021,Reporting year,Local authority,E92000001,England,E12000004,East Midlands,891,Nottinghamshire,E10000024,CLA 2 years on 31 March,Any moves,Total children,447,100
2021,Reporting year,Local authority,E92000001,England,E12000004,East Midlands,891,Nottinghamshire,E10000024,CLA 2 years on 31 March,Any moves,With one or more moves during the previous 2 years,99,22
2021,Reporting year,Local authority,E92000001,England,E12000004,East Midlands,891,Nottinghamshire,E10000024,CLA 2 years on 31 March,Mid-year moves,Total children,447,100
2021,Reporting year,Local authority,E92000001,England,E12000004,East Midlands,891,Nottinghamshire,E10000024,CLA 2 years on 31 March,Mid-year moves,With one or more mid-year moves during the previous 2 years,74,17
2021,Reporting year,Local authority,E92000001,England,E12000004,East Midlands,891,Nottinghamshire,E10000024,CLA on 31 March,Any moves,Total children,531,100
2021,Reporting year,Local authority,E92000001,England,E12000004,East Midlands,891,Nottinghamshire,E10000024,CLA on 31 March,Any moves,With one or more moves during the year,68,13
2021,Reporting year,Local authority,E92000001,England,E12000004,East Midlands,891,Nottinghamshire,E10000024,CLA on 31 March,Mid-year moves,Total children,531,100
2021,Reporting year,Local authority,E92000001,England,E12000004,East Midlands,891,Nottinghamshire,E10000024,CLA on 31 March,Mid-year moves,With one or more mid-year moves during the year,43,8
2021,Reporting year,Local authority,E92000001,England,E12000005,West Midlands,884,"Herefordshire, County of",E06000019,CLA 2 years on 31 March,Any moves,Total children,179,100
2021,Reporting year,Local authority,E92000001,England,E12000005,West Midlands,884,"Herefordshire, County of",E06000019,CLA 2 years on 31 March,Any moves,With one or more moves during the previous 2 years,35,20
2021,Reporting year,Local authority,E92000001,England,E12000005,West Midlands,884,"Herefordshire, County of",E06000019,CLA 2 years on 31 March,Mid-year moves,Total children,179,100
2021,Reporting year,Local authority,E92000001,England,E12000005,West Midlands,884,"Herefordshire, County of",E06000019,CLA 2 years on 31 March,Mid-year moves,With one or more mid-year moves during the previous 2 years,22,12
2021,Reporting year,Local authority,E92000001,England,E12000005,West Midlands,884,"Herefordshire, County of",E06000019,CLA on 31 March,Any moves,Total children,194,100
2021,Reporting year,Local authority,E92000001,England,E12000005,West Midlands,884,"Herefordshire, County of",E06000019,CLA on 31 March,Any moves,With one or more moves during the year,30,15
2021,Reporting year,Local authority,E92000001,England,E12000005,West Midlands,884,"Herefordshire, County of",E06000019,CLA on 31 March,Mid-year moves,Total children,194,100
2021,Reporting year,Local authority,E92000001,England,E12000005,West Midlands,884,"Herefordshire, County of",E06000019,CLA on 31 March,Mid-year moves,With one or more mid-year moves during the year,18,9
2021,Reporting year,Local authority,E92000001,England,E12000005,West Midlands,894,Telford and Wrekin,E06000020,CLA 2 years on 31 March,Any moves,Total children,209,100
2021,Reporting year,Local authority,E92000001,England,E12000005,West Midlands,894,Telford and Wrekin,E06000020,CLA 2 years on 31 March,Any moves,With one or more moves during the previous 2 years,46,22
2021,Reporting year,Local authority,E92000001,England,E12000005,West Midlands,894,Telford and Wrekin,E06000020,CLA 2 years on 31 March,Mid-year moves,Total children,209,100
2021,Reporting year,Local authority,E92000001,England,E12000005,West Midlands,894,Telford and Wrekin,E06000020,CLA 2 years on 31 March,Mid-year moves,With one or more mid-year moves during the previous 2 years,22,11
2021,Reporting year,Local authority,E92000001,England,E12000005,West Midlands,894,Telford and Wrekin,E06000020,CLA on 31 March,Any moves,Total children,246,100
2021,Reporting year,Local authority,E92000001,England,E12000005,West Midlands,894,Telford and Wrekin,E06000020,CLA on 31 March,Any moves,With one or more moves during the year,17,7
2021,Reporting year,Local authority,E92000001,England,E12000005,West Midlands,894,Telford and Wrekin,E06000020,CLA on 31 March,Mid-year moves,Total children,246,100
2021,Reporting year,Local authority,E92000001,England,E12000005,West Midlands,894,Telford and Wrekin,E06000020,CLA on 31 March,Mid-year moves,With one or more mid-year moves during the year,8,3
2021,Reporting year,Local authority,E92000001,England,E12000005,West Midlands,861,Stoke-on-Trent,E06000021,CLA 2 years on 31 March,Any moves,Total children,535,100
2021,Reporting year,Local authority,E92000001,England,E12000005,West Midlands,861,Stoke-on-Trent,E06000021,CLA 2 years on 31 March,Any moves,With one or more moves during the previous 2 years,122,23
2021,Reporting year,Local authority,E92000001,England,E12000005,West Midlands,861,Stoke-on-Trent,E06000021,CLA 2 years on 31 March,Mid-year moves,Total children,535,100
2021,Reporting year,Local authority,E92000001,England,E12000005,West Midlands,861,Stoke-on-Trent,E06000021,CLA 2 years on 31 March,Mid-year moves,With one or more mid-year moves during the previous 2 years,88,16
2021,Reporting year,Local authority,E92000001,England,E12000005,West Midlands,861,Stoke-on-Trent,E06000021,CLA on 31 March,Any moves,Total children,616,100
2021,Reporting year,Local authority,E92000001,England,E12000005,West Midlands,861,Stoke-on-Trent,E06000021,CLA on 31 March,Any moves,With one or more moves during the year,69,11
2021,Reporting year,Local authority,E92000001,England,E12000005,West Midlands,861,Stoke-on-Trent,E06000021,CLA on 31 March,Mid-year moves,Total children,616,100
2021,Reporting year,Local authority,E92000001,England,E12000005,West Midlands,861,Stoke-on-Trent,E06000021,CLA on 31 March,Mid-year moves,With one or more mid-year moves during the year,46,7
2021,Reporting year,Local authority,E92000001,England,E12000005,West Midlands,893,Shropshire,E06000051,CLA 2 years on 31 March,Any moves,Total children,204,100
2021,Reporting year,Local authority,E92000001,England,E12000005,West Midlands,893,Shropshire,E06000051,CLA 2 years on 31 March,Any moves,With one or more moves during the previous 2 years,33,16
2021,Reporting year,Local authority,E92000001,England,E12000005,West Midlands,893,Shropshire,E06000051,CLA 2 years on 31 March,Mid-year moves,Total children,204,100
2021,Reporting year,Local authority,E92000001,England,E12000005,West Midlands,893,Shropshire,E06000051,CLA 2 years on 31 March,Mid-year moves,With one or more mid-year moves during the previous 2 years,20,10
2021,Reporting year,Local authority,E92000001,England,E12000005,West Midlands,893,Shropshire,E06000051,CLA on 31 March,Any moves,Total children,282,100
2021,Reporting year,Local authority,E92000001,England,E12000005,West Midlands,893,Shropshire,E06000051,CLA on 31 March,Any moves,With one or more moves during the year,33,12
2021,Reporting year,Local authority,E92000001,England,E12000005,West Midlands,893,Shropshire,E06000051,CLA on 31 March,Mid-year moves,Total children,282,100
2021,Reporting year,Local authority,E92000001,England,E12000005,West Midlands,893,Shropshire,E06000051,CLA on 31 March,Mid-year moves,With one or more mid-year moves during the year,18,6
2021,Reporting year,Local authority,E92000001,England,E12000005,West Midlands,330,Birmingham,E08000025,CLA 2 years on 31 March,Any moves,Total children,1037,100
2021,Reporting year,Local authority,E92000001,England,E12000005,West Midlands,330,Birmingham,E08000025,CLA 2 years on 31 March,Any moves,With one or more moves during the previous 2 years,206,20
2021,Reporting year,Local authority,E92000001,England,E12000005,West Midlands,330,Birmingham,E08000025,CLA 2 years on 31 March,Mid-year moves,Total children,1037,100
2021,Reporting year,Local authority,E92000001,England,E12000005,West Midlands,330,Birmingham,E08000025,CLA 2 years on 31 March,Mid-year moves,With one or more mid-year moves during the previous 2 years,146,14
2021,Reporting year,Local authority,E92000001,England,E12000005,West Midlands,330,Birmingham,E08000025,CLA on 31 March,Any moves,Total children,1122,100
2021,Reporting year,Local authority,E92000001,England,E12000005,West Midlands,330,Birmingham,E08000025,CLA on 31 March,Any moves,With one or more moves during the year,111,10
2021,Reporting year,Local authority,E92000001,England,E12000005,West Midlands,330,Birmingham,E08000025,CLA on 31 March,Mid-year moves,Total children,1122,100
2021,Reporting year,Local authority,E92000001,England,E12000005,West Midlands,330,Birmingham,E08000025,CLA on 31 March,Mid-year moves,With one or more mid-year moves during the year,60,5
2021,Reporting year,Local authority,E92000001,England,E12000005,West Midlands,331,Coventry,E08000026,CLA 2 years on 31 March,Any moves,Total children,359,100
2021,Reporting year,Local authority,E92000001,England,E12000005,West Midlands,331,Coventry,E08000026,CLA 2 years on 31 March,Any moves,With one or more moves during the previous 2 years,68,19
2021,Reporting year,Local authority,E92000001,England,E12000005,West Midlands,331,Coventry,E08000026,CLA 2 years on 31 March,Mid-year moves,Total children,359,100
2021,Reporting year,Local authority,E92000001,England,E12000005,West Midlands,331,Coventry,E08000026,CLA 2 years on 31 March,Mid-year moves,With one or more mid-year moves during the previous 2 years,39,11
2021,Reporting year,Local authority,E92000001,England,E12000005,West Midlands,331,Coventry,E08000026,CLA on 31 March,Any moves,Total children,411,100
2021,Reporting year,Local authority,E92000001,England,E12000005,West Midlands,331,Coventry,E08000026,CLA on 31 March,Any moves,With one or more moves during the year,40,10
2021,Reporting year,Local authority,E92000001,England,E12000005,West Midlands,331,Coventry,E08000026,CLA on 31 March,Mid-year moves,Total children,411,100
2021,Reporting year,Local authority,E92000001,England,E12000005,West Midlands,331,Coventry,E08000026,CLA on 31 March,Mid-year moves,With one or more mid-year moves during the year,19,5
2021,Reporting year,Local authority,E92000001,England,E12000005,West Midlands,332,Dudley,E08000027,CLA 2 years on 31 March,Any moves,Total children,356,100
2021,Reporting year,Local authority,E92000001,England,E12000005,West Midlands,332,Dudley,E08000027,CLA 2 years on 31 March,Any moves,With one or more moves during the previous 2 years,61,17
2021,Reporting year,Local authority,E92000001,England,E12000005,West Midlands,332,Dudley,E08000027,CLA 2 years on 31 March,Mid-year moves,Total children,356,100
2021,Reporting year,Local authority,E92000001,England,E12000005,West Midlands,332,Dudley,E08000027,CLA 2 years on 31 March,Mid-year moves,With one or more mid-year moves during the previous 2 years,38,11
2021,Reporting year,Local authority,E92000001,England,E12000005,West Midlands,332,Dudley,E08000027,CLA on 31 March,Any moves,Total children,365,100
2021,Reporting year,Local authority,E92000001,England,E12000005,West Midlands,332,Dudley,E08000027,CLA on 31 March,Any moves,With one or more moves during the year,19,5
2021,Reporting year,Local authority,E92000001,England,E12000005,West Midlands,332,Dudley,E08000027,CLA on 31 March,Mid-year moves,Total children,365,100
2021,Reporting year,Local authority,E92000001,England,E12000005,West Midlands,332,Dudley,E08000027,CLA on 31 March,Mid-year moves,With one or more mid-year moves during the year,11,3
2021,Reporting year,Local authority,E92000001,England,E12000005,West Midlands,333,Sandwell,E08000028,CLA 2 years on 31 March,Any moves,Total children,481,100
2021,Reporting year,Local authority,E92000001,England,E12000005,West Midlands,333,Sandwell,E08000028,CLA 2 years on 31 March,Any moves,With one or more moves during the previous 2 years,91,19
2021,Reporting year,Local authority,E92000001,England,E12000005,West Midlands,333,Sandwell,E08000028,CLA 2 years on 31 March,Mid-year moves,Total children,481,100
2021,Reporting year,Local authority,E92000001,England,E12000005,West Midlands,333,Sandwell,E08000028,CLA 2 years on 31 March,Mid-year moves,With one or more mid-year moves during the previous 2 years,58,12
2021,Reporting year,Local authority,E92000001,England,E12000005,West Midlands,333,Sandwell,E08000028,CLA on 31 March,Any moves,Total children,545,100
2021,Reporting year,Local authority,E92000001,England,E12000005,West Midlands,333,Sandwell,E08000028,CLA on 31 March,Any moves,With one or more moves during the year,48,9
2021,Reporting year,Local authority,E92000001,England,E12000005,West Midlands,333,Sandwell,E08000028,CLA on 31 March,Mid-year moves,Total children,545,100
2021,Reporting year,Local authority,E92000001,England,E12000005,West Midlands,333,Sandwell,E08000028,CLA on 31 March,Mid-year moves,With one or more mid-year moves during the year,30,6
2021,Reporting year,Local authority,E92000001,England,E12000005,West Midlands,334,Solihull,E08000029,CLA 2 years on 31 March,Any moves,Total children,260,100
2021,Reporting year,Local authority,E92000001,England,E12000005,West Midlands,334,Solihull,E08000029,CLA 2 years on 31 March,Any moves,With one or more moves during the previous 2 years,30,12
2021,Reporting year,Local authority,E92000001,England,E12000005,West Midlands,334,Solihull,E08000029,CLA 2 years on 31 March,Mid-year moves,Total children,260,100
2021,Reporting year,Local authority,E92000001,England,E12000005,West Midlands,334,Solihull,E08000029,CLA 2 years on 31 March,Mid-year moves,With one or more mid-year moves during the previous 2 years,17,7
2021,Reporting year,Local authority,E92000001,England,E12000005,West Midlands,334,Solihull,E08000029,CLA on 31 March,Any moves,Total children,317,100
2021,Reporting year,Local authority,E92000001,England,E12000005,West Midlands,334,Solihull,E08000029,CLA on 31 March,Any moves,With one or more moves during the year,17,5
2021,Reporting year,Local authority,E92000001,England,E12000005,West Midlands,334,Solihull,E08000029,CLA on 31 March,Mid-year moves,Total children,317,100
2021,Reporting year,Local authority,E92000001,England,E12000005,West Midlands,334,Solihull,E08000029,CLA on 31 March,Mid-year moves,With one or more mid-year moves during the year,9,3
2021,Reporting year,Local authority,E92000001,England,E12000005,West Midlands,335,Walsall,E08000030,CLA 2 years on 31 March,Any moves,Total children,363,100
2021,Reporting year,Local authority,E92000001,England,E12000005,West Midlands,335,Walsall,E08000030,CLA 2 years on 31 March,Any moves,With one or more moves during the previous 2 years,73,20
2021,Reporting year,Local authority,E92000001,England,E12000005,West Midlands,335,Walsall,E08000030,CLA 2 years on 31 March,Mid-year moves,Total children,363,100
2021,Reporting year,Local authority,E92000001,England,E12000005,West Midlands,335,Walsall,E08000030,CLA 2 years on 31 March,Mid-year moves,With one or more mid-year moves during the previous 2 years,44,12
2021,Reporting year,Local authority,E92000001,England,E12000005,West Midlands,335,Walsall,E08000030,CLA on 31 March,Any moves,Total children,382,100
2021,Reporting year,Local authority,E92000001,England,E12000005,West Midlands,335,Walsall,E08000030,CLA on 31 March,Any moves,With one or more moves during the year,33,9
2021,Reporting year,Local authority,E92000001,England,E12000005,West Midlands,335,Walsall,E08000030,CLA on 31 March,Mid-year moves,Total children,382,100
2021,Reporting year,Local authority,E92000001,England,E12000005,West Midlands,335,Walsall,E08000030,CLA on 31 March,Mid-year moves,With one or more mid-year moves during the year,15,4
2021,Reporting year,Local authority,E92000001,England,E12000005,West Midlands,336,Wolverhampton,E08000031,CLA 2 years on 31 March,Any moves,Total children,345,100
2021,Reporting year,Local authority,E92000001,England,E12000005,West Midlands,336,Wolverhampton,E08000031,CLA 2 years on 31 March,Any moves,With one or more moves during the previous 2 years,74,21
2021,Reporting year,Local authority,E92000001,England,E12000005,West Midlands,336,Wolverhampton,E08000031,CLA 2 years on 31 March,Mid-year moves,Total children,345,100
2021,Reporting year,Local authority,E92000001,England,E12000005,West Midlands,336,Wolverhampton,E08000031,CLA 2 years on 31 March,Mid-year moves,With one or more mid-year moves during the previous 2 years,35,10
2021,Reporting year,Local authority,E92000001,England,E12000005,West Midlands,336,Wolverhampton,E08000031,CLA on 31 March,Any moves,Total children,351,100
2021,Reporting year,Local authority,E92000001,England,E12000005,West Midlands,336,Wolverhampton,E08000031,CLA on 31 March,Any moves,With one or more moves during the year,36,10
2021,Reporting year,Local authority,E92000001,England,E12000005,West Midlands,336,Wolverhampton,E08000031,CLA on 31 March,Mid-year moves,Total children,351,100
2021,Reporting year,Local authority,E92000001,England,E12000005,West Midlands,336,Wolverhampton,E08000031,CLA on 31 March,Mid-year moves,With one or more mid-year moves during the year,21,6
2021,Reporting year,Local authority,E92000001,England,E12000005,West Midlands,860,Staffordshire,E10000028,CLA 2 years on 31 March,Any moves,Total children,674,100
2021,Reporting year,Local authority,E92000001,England,E12000005,West Midlands,860,Staffordshire,E10000028,CLA 2 years on 31 March,Any moves,With one or more moves during the previous 2 years,176,26
2021,Reporting year,Local authority,E92000001,England,E12000005,West Midlands,860,Staffordshire,E10000028,CLA 2 years on 31 March,Mid-year moves,Total children,674,100
2021,Reporting year,Local authority,E92000001,England,E12000005,West Midlands,860,Staffordshire,E10000028,CLA 2 years on 31 March,Mid-year moves,With one or more mid-year moves during the previous 2 years,110,16
2021,Reporting year,Local authority,E92000001,England,E12000005,West Midlands,860,Staffordshire,E10000028,CLA on 31 March,Any moves,Total children,774,100
2021,Reporting year,Local authority,E92000001,England,E12000005,West Midlands,860,Staffordshire,E10000028,CLA on 31 March,Any moves,With one or more moves during the year,82,11
2021,Reporting year,Local authority,E92000001,England,E12000005,West Midlands,860,Staffordshire,E10000028,CLA on 31 March,Mid-year moves,Total children,774,100
2021,Reporting year,Local authority,E92000001,England,E12000005,West Midlands,860,Staffordshire,E10000028,CLA on 31 March,Mid-year moves,With one or more mid-year moves during the year,36,5
2021,Reporting year,Local authority,E92000001,England,E12000005,West Midlands,937,Warwickshire,E10000031,CLA 2 years on 31 March,Any moves,Total children,350,100
2021,Reporting year,Local authority,E92000001,England,E12000005,West Midlands,937,Warwickshire,E10000031,CLA 2 years on 31 March,Any moves,With one or more moves during the previous 2 years,71,20
2021,Reporting year,Local authority,E92000001,England,E12000005,West Midlands,937,Warwickshire,E10000031,CLA 2 years on 31 March,Mid-year moves,Total children,350,100
2021,Reporting year,Local authority,E92000001,England,E12000005,West Midlands,937,Warwickshire,E10000031,CLA 2 years on 31 March,Mid-year moves,With one or more mid-year moves during the previous 2 years,44,13
2021,Reporting year,Local authority,E92000001,England,E12000005,West Midlands,937,Warwickshire,E10000031,CLA on 31 March,Any moves,Total children,459,100
2021,Reporting year,Local authority,E92000001,England,E12000005,West Midlands,937,Warwickshire,E10000031,CLA on 31 March,Any moves,With one or more moves during the year,37,8
2021,Reporting year,Local authority,E92000001,England,E12000005,West Midlands,937,Warwickshire,E10000031,CLA on 31 March,Mid-year moves,Total children,459,100
2021,Reporting year,Local authority,E92000001,England,E12000005,West Midlands,937,Warwickshire,E10000031,CLA on 31 March,Mid-year moves,With one or more mid-year moves during the year,20,4
2021,Reporting year,Local authority,E92000001,England,E12000005,West Midlands,885,Worcestershire,E10000034,CLA 2 years on 31 March,Any moves,Total children,481,100
2021,Reporting year,Local authority,E92000001,England,E12000005,West Midlands,885,Worcestershire,E10000034,CLA 2 years on 31 March,Any moves,With one or more moves during the previous 2 years,127,26
2021,Reporting year,Local authority,E92000001,England,E12000005,West Midlands,885,Worcestershire,E10000034,CLA 2 years on 31 March,Mid-year moves,Total children,481,100
2021,Reporting year,Local authority,E92000001,England,E12000005,West Midlands,885,Worcestershire,E10000034,CLA 2 years on 31 March,Mid-year moves,With one or more mid-year moves during the previous 2 years,75,16
2021,Reporting year,Local authority,E92000001,England,E12000005,West Midlands,885,Worcestershire,E10000034,CLA on 31 March,Any moves,Total children,525,100
2021,Reporting year,Local authority,E92000001,England,E12000005,West Midlands,885,Worcestershire,E10000034,CLA on 31 March,Any moves,With one or more moves during the year,56,11
2021,Reporting year,Local authority,E92000001,England,E12000005,West Midlands,885,Worcestershire,E10000034,CLA on 31 March,Mid-year moves,Total children,525,100
2021,Reporting year,Local authority,E92000001,England,E12000005,West Midlands,885,Worcestershire,E10000034,CLA on 31 March,Mid-year moves,With one or more mid-year moves during the year,30,6
2021,Reporting year,Local authority,E92000001,England,E12000006,East of England,874,Peterborough,E06000031,CLA 2 years on 31 March,Any moves,Total children,172,100
2021,Reporting year,Local authority,E92000001,England,E12000006,East of England,874,Peterborough,E06000031,CLA 2 years on 31 March,Any moves,With one or more moves during the previous 2 years,51,30
2021,Reporting year,Local authority,E92000001,England,E12000006,East of England,874,Peterborough,E06000031,CLA 2 years on 31 March,Mid-year moves,Total children,172,100
2021,Reporting year,Local authority,E92000001,England,E12000006,East of England,874,Peterborough,E06000031,CLA 2 years on 31 March,Mid-year moves,With one or more mid-year moves during the previous 2 years,34,20
2021,Reporting year,Local authority,E92000001,England,E12000006,East of England,874,Peterborough,E06000031,CLA on 31 March,Any moves,Total children,192,100
2021,Reporting year,Local authority,E92000001,England,E12000006,East of England,874,Peterborough,E06000031,CLA on 31 March,Any moves,With one or more moves during the year,33,17
2021,Reporting year,Local authority,E92000001,England,E12000006,East of England,874,Peterborough,E06000031,CLA on 31 March,Mid-year moves,Total children,192,100
2021,Reporting year,Local authority,E92000001,England,E12000006,East of England,874,Peterborough,E06000031,CLA on 31 March,Mid-year moves,With one or more mid-year moves during the year,22,11
2021,Reporting year,Local authority,E92000001,England,E12000006,East of England,821,Luton,E06000032,CLA 2 years on 31 March,Any moves,Total children,184,100
2021,Reporting year,Local authority,E92000001,England,E12000006,East of England,821,Luton,E06000032,CLA 2 years on 31 March,Any moves,With one or more moves during the previous 2 years,60,33
2021,Reporting year,Local authority,E92000001,England,E12000006,East of England,821,Luton,E06000032,CLA 2 years on 31 March,Mid-year moves,Total children,184,100
2021,Reporting year,Local authority,E92000001,England,E12000006,East of England,821,Luton,E06000032,CLA 2 years on 31 March,Mid-year moves,With one or more mid-year moves during the previous 2 years,44,24
2021,Reporting year,Local authority,E92000001,England,E12000006,East of England,821,Luton,E06000032,CLA on 31 March,Any moves,Total children,220,100
2021,Reporting year,Local authority,E92000001,England,E12000006,East of England,821,Luton,E06000032,CLA on 31 March,Any moves,With one or more moves during the year,19,9
2021,Reporting year,Local authority,E92000001,England,E12000006,East of England,821,Luton,E06000032,CLA on 31 March,Mid-year moves,Total children,220,100
2021,Reporting year,Local authority,E92000001,England,E12000006,East of England,821,Luton,E06000032,CLA on 31 March,Mid-year moves,With one or more mid-year moves during the year,11,5
2021,Reporting year,Local authority,E92000001,England,E12000006,East of England,882,Southend-on-Sea,E06000033,CLA 2 years on 31 March,Any moves,Total children,153,100
2021,Reporting year,Local authority,E92000001,England,E12000006,East of England,882,Southend-on-Sea,E06000033,CLA 2 years on 31 March,Any moves,With one or more moves during the previous 2 years,24,16
2021,Reporting year,Local authority,E92000001,England,E12000006,East of England,882,Southend-on-Sea,E06000033,CLA 2 years on 31 March,Mid-year moves,Total children,153,100
2021,Reporting year,Local authority,E92000001,England,E12000006,East of England,882,Southend-on-Sea,E06000033,CLA 2 years on 31 March,Mid-year moves,With one or more mid-year moves during the previous 2 years,17,11
2021,Reporting year,Local authority,E92000001,England,E12000006,East of England,882,Southend-on-Sea,E06000033,CLA on 31 March,Any moves,Total children,167,100
2021,Reporting year,Local authority,E92000001,England,E12000006,East of England,882,Southend-on-Sea,E06000033,CLA on 31 March,Any moves,With one or more moves during the year,23,14
2021,Reporting year,Local authority,E92000001,England,E12000006,East of England,882,Southend-on-Sea,E06000033,CLA on 31 March,Mid-year moves,Total children,167,100
2021,Reporting year,Local authority,E92000001,England,E12000006,East of England,882,Southend-on-Sea,E06000033,CLA on 31 March,Mid-year moves,With one or more mid-year moves during the year,13,8
2021,Reporting year,Local authority,E92000001,England,E12000006,East of England,883,Thurrock,E06000034,CLA 2 years on 31 March,Any moves,Total children,149,100
2021,Reporting year,Local authority,E92000001,England,E12000006,East of England,883,Thurrock,E06000034,CLA 2 years on 31 March,Any moves,With one or more moves during the previous 2 years,40,27
2021,Reporting year,Local authority,E92000001,England,E12000006,East of England,883,Thurrock,E06000034,CLA 2 years on 31 March,Mid-year moves,Total children,149,100
2021,Reporting year,Local authority,E92000001,England,E12000006,East of England,883,Thurrock,E06000034,CLA 2 years on 31 March,Mid-year moves,With one or more mid-year moves during the previous 2 years,28,19
2021,Reporting year,Local authority,E92000001,England,E12000006,East of England,883,Thurrock,E06000034,CLA on 31 March,Any moves,Total children,164,100
2021,Reporting year,Local authority,E92000001,England,E12000006,East of England,883,Thurrock,E06000034,CLA on 31 March,Any moves,With one or more moves during the year,21,13
2021,Reporting year,Local authority,E92000001,England,E12000006,East of England,883,Thurrock,E06000034,CLA on 31 March,Mid-year moves,Total children,164,100
2021,Reporting year,Local authority,E92000001,England,E12000006,East of England,883,Thurrock,E06000034,CLA on 31 March,Mid-year moves,With one or more mid-year moves during the year,14,9
2021,Reporting year,Local authority,E92000001,England,E12000006,East of England,822,Bedford,E06000055,CLA 2 years on 31 March,Any moves,Total children,134,100
2021,Reporting year,Local authority,E92000001,England,E12000006,East of England,822,Bedford,E06000055,CLA 2 years on 31 March,Any moves,With one or more moves during the previous 2 years,33,25
2021,Reporting year,Local authority,E92000001,England,E12000006,East of England,822,Bedford,E06000055,CLA 2 years on 31 March,Mid-year moves,Total children,134,100
2021,Reporting year,Local authority,E92000001,England,E12000006,East of England,822,Bedford,E06000055,CLA 2 years on 31 March,Mid-year moves,With one or more mid-year moves during the previous 2 years,23,17
2021,Reporting year,Local authority,E92000001,England,E12000006,East of England,822,Bedford,E06000055,CLA on 31 March,Any moves,Total children,151,100
2021,Reporting year,Local authority,E92000001,England,E12000006,East of England,822,Bedford,E06000055,CLA on 31 March,Any moves,With one or more moves during the year,19,13
2021,Reporting year,Local authority,E92000001,England,E12000006,East of England,822,Bedford,E06000055,CLA on 31 March,Mid-year moves,Total children,151,100
2021,Reporting year,Local authority,E92000001,England,E12000006,East of England,822,Bedford,E06000055,CLA on 31 March,Mid-year moves,With one or more mid-year moves during the year,10,7
2021,Reporting year,Local authority,E92000001,England,E12000006,East of England,823,Central Bedfordshire,E06000056,CLA 2 years on 31 March,Any moves,Total children,173,100
2021,Reporting year,Local authority,E92000001,England,E12000006,East of England,823,Central Bedfordshire,E06000056,CLA 2 years on 31 March,Any moves,With one or more moves during the previous 2 years,42,24
2021,Reporting year,Local authority,E92000001,England,E12000006,East of England,823,Central Bedfordshire,E06000056,CLA 2 years on 31 March,Mid-year moves,Total children,173,100
2021,Reporting year,Local authority,E92000001,England,E12000006,East of England,823,Central Bedfordshire,E06000056,CLA 2 years on 31 March,Mid-year moves,With one or more mid-year moves during the previous 2 years,21,12
2021,Reporting year,Local authority,E92000001,England,E12000006,East of England,823,Central Bedfordshire,E06000056,CLA on 31 March,Any moves,Total children,188,100
2021,Reporting year,Local authority,E92000001,England,E12000006,East of England,823,Central Bedfordshire,E06000056,CLA on 31 March,Any moves,With one or more moves during the year,31,16
2021,Reporting year,Local authority,E92000001,England,E12000006,East of England,823,Central Bedfordshire,E06000056,CLA on 31 March,Mid-year moves,Total children,188,100
2021,Reporting year,Local authority,E92000001,England,E12000006,East of England,823,Central Bedfordshire,E06000056,CLA on 31 March,Mid-year moves,With one or more mid-year moves during the year,22,12
2021,Reporting year,Local authority,E92000001,England,E12000006,East of England,873,Cambridgeshire,E10000003,CLA 2 years on 31 March,Any moves,Total children,367,100
2021,Reporting year,Local authority,E92000001,England,E12000006,East of England,873,Cambridgeshire,E10000003,CLA 2 years on 31 March,Any moves,With one or more moves during the previous 2 years,96,26
2021,Reporting year,Local authority,E92000001,England,E12000006,East of England,873,Cambridgeshire,E10000003,CLA 2 years on 31 March,Mid-year moves,Total children,367,100
2021,Reporting year,Local authority,E92000001,England,E12000006,East of England,873,Cambridgeshire,E10000003,CLA 2 years on 31 March,Mid-year moves,With one or more mid-year moves during the previous 2 years,67,18
2021,Reporting year,Local authority,E92000001,England,E12000006,East of England,873,Cambridgeshire,E10000003,CLA on 31 March,Any moves,Total children,361,100
2021,Reporting year,Local authority,E92000001,England,E12000006,East of England,873,Cambridgeshire,E10000003,CLA on 31 March,Any moves,With one or more moves during the year,53,15
2021,Reporting year,Local authority,E92000001,England,E12000006,East of England,873,Cambridgeshire,E10000003,CLA on 31 March,Mid-year moves,Total children,361,100
2021,Reporting year,Local authority,E92000001,England,E12000006,East of England,873,Cambridgeshire,E10000003,CLA on 31 March,Mid-year moves,With one or more mid-year moves during the year,37,10
2021,Reporting year,Local authority,E92000001,England,E12000006,East of England,881,Essex,E10000012,CLA 2 years on 31 March,Any moves,Total children,520,100
2021,Reporting year,Local authority,E92000001,England,E12000006,East of England,881,Essex,E10000012,CLA 2 years on 31 March,Any moves,With one or more moves during the previous 2 years,104,20
2021,Reporting year,Local authority,E92000001,England,E12000006,East of England,881,Essex,E10000012,CLA 2 years on 31 March,Mid-year moves,Total children,520,100
2021,Reporting year,Local authority,E92000001,England,E12000006,East of England,881,Essex,E10000012,CLA 2 years on 31 March,Mid-year moves,With one or more mid-year moves during the previous 2 years,73,14
2021,Reporting year,Local authority,E92000001,England,E12000006,East of England,881,Essex,E10000012,CLA on 31 March,Any moves,Total children,578,100
2021,Reporting year,Local authority,E92000001,England,E12000006,East of England,881,Essex,E10000012,CLA on 31 March,Any moves,With one or more moves during the year,81,14
2021,Reporting year,Local authority,E92000001,England,E12000006,East of England,881,Essex,E10000012,CLA on 31 March,Mid-year moves,Total children,578,100
2021,Reporting year,Local authority,E92000001,England,E12000006,East of England,881,Essex,E10000012,CLA on 31 March,Mid-year moves,With one or more mid-year moves during the year,47,8
2021,Reporting year,Local authority,E92000001,England,E12000006,East of England,919,Hertfordshire,E10000015,CLA 2 years on 31 March,Any moves,Total children,489,100
2021,Reporting year,Local authority,E92000001,England,E12000006,East of England,919,Hertfordshire,E10000015,CLA 2 years on 31 March,Any moves,With one or more moves during the previous 2 years,115,24
2021,Reporting year,Local authority,E92000001,England,E12000006,East of England,919,Hertfordshire,E10000015,CLA 2 years on 31 March,Mid-year moves,Total children,489,100
2021,Reporting year,Local authority,E92000001,England,E12000006,East of England,919,Hertfordshire,E10000015,CLA 2 years on 31 March,Mid-year moves,With one or more mid-year moves during the previous 2 years,67,14
2021,Reporting year,Local authority,E92000001,England,E12000006,East of England,919,Hertfordshire,E10000015,CLA on 31 March,Any moves,Total children,564,100
2021,Reporting year,Local authority,E92000001,England,E12000006,East of England,919,Hertfordshire,E10000015,CLA on 31 March,Any moves,With one or more moves during the year,83,15
2021,Reporting year,Local authority,E92000001,England,E12000006,East of England,919,Hertfordshire,E10000015,CLA on 31 March,Mid-year moves,Total children,564,100
2021,Reporting year,Local authority,E92000001,England,E12000006,East of England,919,Hertfordshire,E10000015,CLA on 31 March,Mid-year moves,With one or more mid-year moves during the year,51,9
2021,Reporting year,Local authority,E92000001,England,E12000006,East of England,926,Norfolk,E10000020,CLA 2 years on 31 March,Any moves,Total children,545,100
2021,Reporting year,Local authority,E92000001,England,E12000006,East of England,926,Norfolk,E10000020,CLA 2 years on 31 March,Any moves,With one or more moves during the previous 2 years,124,23
2021,Reporting year,Local authority,E92000001,England,E12000006,East of England,926,Norfolk,E10000020,CLA 2 years on 31 March,Mid-year moves,Total children,545,100
2021,Reporting year,Local authority,E92000001,England,E12000006,East of England,926,Norfolk,E10000020,CLA 2 years on 31 March,Mid-year moves,With one or more mid-year moves during the previous 2 years,76,14
2021,Reporting year,Local authority,E92000001,England,E12000006,East of England,926,Norfolk,E10000020,CLA on 31 March,Any moves,Total children,583,100
2021,Reporting year,Local authority,E92000001,England,E12000006,East of England,926,Norfolk,E10000020,CLA on 31 March,Any moves,With one or more moves during the year,77,13
2021,Reporting year,Local authority,E92000001,England,E12000006,East of England,926,Norfolk,E10000020,CLA on 31 March,Mid-year moves,Total children,583,100
2021,Reporting year,Local authority,E92000001,England,E12000006,East of England,926,Norfolk,E10000020,CLA on 31 March,Mid-year moves,With one or more mid-year moves during the year,37,6
2021,Reporting year,Local authority,E92000001,England,E12000006,East of England,935,Suffolk,E10000029,CLA 2 years on 31 March,Any moves,Total children,483,100
2021,Reporting year,Local authority,E92000001,England,E12000006,East of England,935,Suffolk,E10000029,CLA 2 years on 31 March,Any moves,With one or more moves during the previous 2 years,129,27
2021,Reporting year,Local authority,E92000001,England,E12000006,East of England,935,Suffolk,E10000029,CLA 2 years on 31 March,Mid-year moves,Total children,483,100
2021,Reporting year,Local authority,E92000001,England,E12000006,East of England,935,Suffolk,E10000029,CLA 2 years on 31 March,Mid-year moves,With one or more mid-year moves during the previous 2 years,100,21
2021,Reporting year,Local authority,E92000001,England,E12000006,East of England,935,Suffolk,E10000029,CLA on 31 March,Any moves,Total children,536,100
2021,Reporting year,Local authority,E92000001,England,E12000006,East of England,935,Suffolk,E10000029,CLA on 31 March,Any moves,With one or more moves during the year,100,19
2021,Reporting year,Local authority,E92000001,England,E12000006,East of England,935,Suffolk,E10000029,CLA on 31 March,Mid-year moves,Total children,536,100
2021,Reporting year,Local authority,E92000001,England,E12000006,East of England,935,Suffolk,E10000029,CLA on 31 March,Mid-year moves,With one or more mid-year moves during the year,68,13
2021,Reporting year,Local authority,E92000001,England,E12000008,South East,887,Medway,E06000035,CLA 2 years on 31 March,Any moves,Total children,230,100
2021,Reporting year,Local authority,E92000001,England,E12000008,South East,887,Medway,E06000035,CLA 2 years on 31 March,Any moves,With one or more moves during the previous 2 years,45,20
2021,Reporting year,Local authority,E92000001,England,E12000008,South East,887,Medway,E06000035,CLA 2 years on 31 March,Mid-year moves,Total children,230,100
2021,Reporting year,Local authority,E92000001,England,E12000008,South East,887,Medway,E06000035,CLA 2 years on 31 March,Mid-year moves,With one or more mid-year moves during the previous 2 years,17,7
2021,Reporting year,Local authority,E92000001,England,E12000008,South East,887,Medway,E06000035,CLA on 31 March,Any moves,Total children,269,100
2021,Reporting year,Local authority,E92000001,England,E12000008,South East,887,Medway,E06000035,CLA on 31 March,Any moves,With one or more moves during the year,30,11
2021,Reporting year,Local authority,E92000001,England,E12000008,South East,887,Medway,E06000035,CLA on 31 March,Mid-year moves,Total children,269,100
2021,Reporting year,Local authority,E92000001,England,E12000008,South East,887,Medway,E06000035,CLA on 31 March,Mid-year moves,With one or more mid-year moves during the year,10,4
2021,Reporting year,Local authority,E92000001,England,E12000008,South East,867,Bracknell Forest,E06000036,CLA 2 years on 31 March,Any moves,Total children,76,100
2021,Reporting year,Local authority,E92000001,England,E12000008,South East,867,Bracknell Forest,E06000036,CLA 2 years on 31 March,Any moves,With one or more moves during the previous 2 years,16,21
2021,Reporting year,Local authority,E92000001,England,E12000008,South East,867,Bracknell Forest,E06000036,CLA 2 years on 31 March,Mid-year moves,Total children,76,100
2021,Reporting year,Local authority,E92000001,England,E12000008,South East,867,Bracknell Forest,E06000036,CLA 2 years on 31 March,Mid-year moves,With one or more mid-year moves during the previous 2 years,9,12
2021,Reporting year,Local authority,E92000001,England,E12000008,South East,867,Bracknell Forest,E06000036,CLA on 31 March,Any moves,Total children,77,100
2021,Reporting year,Local authority,E92000001,England,E12000008,South East,867,Bracknell Forest,E06000036,CLA on 31 March,Any moves,With one or more moves during the year,8,10
2021,Reporting year,Local authority,E92000001,England,E12000008,South East,867,Bracknell Forest,E06000036,CLA on 31 March,Mid-year moves,Total children,77,100
2021,Reporting year,Local authority,E92000001,England,E12000008,South East,867,Bracknell Forest,E06000036,CLA on 31 March,Mid-year moves,With one or more mid-year moves during the year,c,c
2021,Reporting year,Local authority,E92000001,England,E12000008,South East,869,West Berkshire,E06000037,CLA 2 years on 31 March,Any moves,Total children,71,100
2021,Reporting year,Local authority,E92000001,England,E12000008,South East,869,West Berkshire,E06000037,CLA 2 years on 31 March,Any moves,With one or more moves during the previous 2 years,19,27
2021,Reporting year,Local authority,E92000001,England,E12000008,South East,869,West Berkshire,E06000037,CLA 2 years on 31 March,Mid-year moves,Total children,71,100
2021,Reporting year,Local authority,E92000001,England,E12000008,South East,869,West Berkshire,E06000037,CLA 2 years on 31 March,Mid-year moves,With one or more mid-year moves during the previous 2 years,12,17
2021,Reporting year,Local authority,E92000001,England,E12000008,South East,869,West Berkshire,E06000037,CLA on 31 March,Any moves,Total children,83,100
2021,Reporting year,Local authority,E92000001,England,E12000008,South East,869,West Berkshire,E06000037,CLA on 31 March,Any moves,With one or more moves during the year,9,11
2021,Reporting year,Local authority,E92000001,England,E12000008,South East,869,West Berkshire,E06000037,CLA on 31 March,Mid-year moves,Total children,83,100
2021,Reporting year,Local authority,E92000001,England,E12000008,South East,869,West Berkshire,E06000037,CLA on 31 March,Mid-year moves,With one or more mid-year moves during the year,c,c
2021,Reporting year,Local authority,E92000001,England,E12000008,South East,870,Reading,E06000038,CLA 2 years on 31 March,Any moves,Total children,143,100
2021,Reporting year,Local authority,E92000001,England,E12000008,South East,870,Reading,E06000038,CLA 2 years on 31 March,Any moves,With one or more moves during the previous 2 years,35,24
2021,Reporting year,Local authority,E92000001,England,E12000008,South East,870,Reading,E06000038,CLA 2 years on 31 March,Mid-year moves,Total children,143,100
2021,Reporting year,Local authority,E92000001,England,E12000008,South East,870,Reading,E06000038,CLA 2 years on 31 March,Mid-year moves,With one or more mid-year moves during the previous 2 years,22,15
2021,Reporting year,Local authority,E92000001,England,E12000008,South East,870,Reading,E06000038,CLA on 31 March,Any moves,Total children,153,100
2021,Reporting year,Local authority,E92000001,England,E12000008,South East,870,Reading,E06000038,CLA on 31 March,Any moves,With one or more moves during the year,15,10
2021,Reporting year,Local authority,E92000001,England,E12000008,South East,870,Reading,E06000038,CLA on 31 March,Mid-year moves,Total children,153,100
2021,Reporting year,Local authority,E92000001,England,E12000008,South East,870,Reading,E06000038,CLA on 31 March,Mid-year moves,With one or more mid-year moves during the year,11,7
2021,Reporting year,Local authority,E92000001,England,E12000008,South East,871,Slough,E06000039,CLA 2 years on 31 March,Any moves,Total children,88,100
2021,Reporting year,Local authority,E92000001,England,E12000008,South East,871,Slough,E06000039,CLA 2 years on 31 March,Any moves,With one or more moves during the previous 2 years,22,25
2021,Reporting year,Local authority,E92000001,England,E12000008,South East,871,Slough,E06000039,CLA 2 years on 31 March,Mid-year moves,Total children,88,100
2021,Reporting year,Local authority,E92000001,England,E12000008,South East,871,Slough,E06000039,CLA 2 years on 31 March,Mid-year moves,With one or more mid-year moves during the previous 2 years,19,22
2021,Reporting year,Local authority,E92000001,England,E12000008,South East,871,Slough,E06000039,CLA on 31 March,Any moves,Total children,115,100
2021,Reporting year,Local authority,E92000001,England,E12000008,South East,871,Slough,E06000039,CLA on 31 March,Any moves,With one or more moves during the year,15,13
2021,Reporting year,Local authority,E92000001,England,E12000008,South East,871,Slough,E06000039,CLA on 31 March,Mid-year moves,Total children,115,100
2021,Reporting year,Local authority,E92000001,England,E12000008,South East,871,Slough,E06000039,CLA on 31 March,Mid-year moves,With one or more mid-year moves during the year,10,9
2021,Reporting year,Local authority,E92000001,England,E12000008,South East,868,Windsor and Maidenhead,E06000040,CLA 2 years on 31 March,Any moves,Total children,58,100
2021,Reporting year,Local authority,E92000001,England,E12000008,South East,868,Windsor and Maidenhead,E06000040,CLA 2 years on 31 March,Any moves,With one or more moves during the previous 2 years,11,19
2021,Reporting year,Local authority,E92000001,England,E12000008,South East,868,Windsor and Maidenhead,E06000040,CLA 2 years on 31 March,Mid-year moves,Total children,58,100
2021,Reporting year,Local authority,E92000001,England,E12000008,South East,868,Windsor and Maidenhead,E06000040,CLA 2 years on 31 March,Mid-year moves,With one or more mid-year moves during the previous 2 years,8,14
2021,Reporting year,Local authority,E92000001,England,E12000008,South East,868,Windsor and Maidenhead,E06000040,CLA on 31 March,Any moves,Total children,76,100
2021,Reporting year,Local authority,E92000001,England,E12000008,South East,868,Windsor and Maidenhead,E06000040,CLA on 31 March,Any moves,With one or more moves during the year,9,12
2021,Reporting year,Local authority,E92000001,England,E12000008,South East,868,Windsor and Maidenhead,E06000040,CLA on 31 March,Mid-year moves,Total children,76,100
2021,Reporting year,Local authority,E92000001,England,E12000008,South East,868,Windsor and Maidenhead,E06000040,CLA on 31 March,Mid-year moves,With one or more mid-year moves during the year,7,9
2021,Reporting year,Local authority,E92000001,England,E12000008,South East,872,Wokingham,E06000041,CLA 2 years on 31 March,Any moves,Total children,41,100
2021,Reporting year,Local authority,E92000001,England,E12000008,South East,872,Wokingham,E06000041,CLA 2 years on 31 March,Any moves,With one or more moves during the previous 2 years,10,24
2021,Reporting year,Local authority,E92000001,England,E12000008,South East,872,Wokingham,E06000041,CLA 2 years on 31 March,Mid-year moves,Total children,41,100
2021,Reporting year,Local authority,E92000001,England,E12000008,South East,872,Wokingham,E06000041,CLA 2 years on 31 March,Mid-year moves,With one or more mid-year moves during the previous 2 years,6,15
2021,Reporting year,Local authority,E92000001,England,E12000008,South East,872,Wokingham,E06000041,CLA on 31 March,Any moves,Total children,48,100
2021,Reporting year,Local authority,E92000001,England,E12000008,South East,872,Wokingham,E06000041,CLA on 31 March,Any moves,With one or more moves during the year,8,17
2021,Reporting year,Local authority,E92000001,England,E12000008,South East,872,Wokingham,E06000041,CLA on 31 March,Mid-year moves,Total children,48,100
2021,Reporting year,Local authority,E92000001,England,E12000008,South East,872,Wokingham,E06000041,CLA on 31 March,Mid-year moves,With one or more mid-year moves during the year,c,c
2021,Reporting year,Local authority,E92000001,England,E12000008,South East,826,Milton Keynes,E06000042,CLA 2 years on 31 March,Any moves,Total children,183,100
2021,Reporting year,Local authority,E92000001,England,E12000008,South East,826,Milton Keynes,E06000042,CLA 2 years on 31 March,Any moves,With one or more moves during the previous 2 years,41,22
2021,Reporting year,Local authority,E92000001,England,E12000008,South East,826,Milton Keynes,E06000042,CLA 2 years on 31 March,Mid-year moves,Total children,183,100
2021,Reporting year,Local authority,E92000001,England,E12000008,South East,826,Milton Keynes,E06000042,CLA 2 years on 31 March,Mid-year moves,With one or more mid-year moves during the previous 2 years,26,14
2021,Reporting year,Local authority,E92000001,England,E12000008,South East,826,Milton Keynes,E06000042,CLA on 31 March,Any moves,Total children,214,100
2021,Reporting year,Local authority,E92000001,England,E12000008,South East,826,Milton Keynes,E06000042,CLA on 31 March,Any moves,With one or more moves during the year,23,11
2021,Reporting year,Local authority,E92000001,England,E12000008,South East,826,Milton Keynes,E06000042,CLA on 31 March,Mid-year moves,Total children,214,100
2021,Reporting year,Local authority,E92000001,England,E12000008,South East,826,Milton Keynes,E06000042,CLA on 31 March,Mid-year moves,With one or more mid-year moves during the year,12,6
2021,Reporting year,Local authority,E92000001,England,E12000008,South East,846,Brighton and Hove,E06000043,CLA 2 years on 31 March,Any moves,Total children,172,100
2021,Reporting year,Local authority,E92000001,England,E12000008,South East,846,Brighton and Hove,E06000043,CLA 2 years on 31 March,Any moves,With one or more moves during the previous 2 years,38,22
2021,Reporting year,Local authority,E92000001,England,E12000008,South East,846,Brighton and Hove,E06000043,CLA 2 years on 31 March,Mid-year moves,Total children,172,100
2021,Reporting year,Local authority,E92000001,England,E12000008,South East,846,Brighton and Hove,E06000043,CLA 2 years on 31 March,Mid-year moves,With one or more mid-year moves during the previous 2 years,25,15
2021,Reporting year,Local authority,E92000001,England,E12000008,South East,846,Brighton and Hove,E06000043,CLA on 31 March,Any moves,Total children,203,100
2021,Reporting year,Local authority,E92000001,England,E12000008,South East,846,Brighton and Hove,E06000043,CLA on 31 March,Any moves,With one or more moves during the year,27,13
2021,Reporting year,Local authority,E92000001,England,E12000008,South East,846,Brighton and Hove,E06000043,CLA on 31 March,Mid-year moves,Total children,203,100
2021,Reporting year,Local authority,E92000001,England,E12000008,South East,846,Brighton and Hove,E06000043,CLA on 31 March,Mid-year moves,With one or more mid-year moves during the year,16,8
2021,Reporting year,Local authority,E92000001,England,E12000008,South East,851,Portsmouth,E06000044,CLA 2 years on 31 March,Any moves,Total children,217,100
2021,Reporting year,Local authority,E92000001,England,E12000008,South East,851,Portsmouth,E06000044,CLA 2 years on 31 March,Any moves,With one or more moves during the previous 2 years,49,23
2021,Reporting year,Local authority,E92000001,England,E12000008,South East,851,Portsmouth,E06000044,CLA 2 years on 31 March,Mid-year moves,Total children,217,100
2021,Reporting year,Local authority,E92000001,England,E12000008,South East,851,Portsmouth,E06000044,CLA 2 years on 31 March,Mid-year moves,With one or more mid-year moves during the previous 2 years,39,18
2021,Reporting year,Local authority,E92000001,England,E12000008,South East,851,Portsmouth,E06000044,CLA on 31 March,Any moves,Total children,218,100
2021,Reporting year,Local authority,E92000001,England,E12000008,South East,851,Portsmouth,E06000044,CLA on 31 March,Any moves,With one or more moves during the year,22,10
2021,Reporting year,Local authority,E92000001,England,E12000008,South East,851,Portsmouth,E06000044,CLA on 31 March,Mid-year moves,Total children,218,100
2021,Reporting year,Local authority,E92000001,England,E12000008,South East,851,Portsmouth,E06000044,CLA on 31 March,Mid-year moves,With one or more mid-year moves during the year,17,8
2021,Reporting year,Local authority,E92000001,England,E12000008,South East,852,Southampton,E06000045,CLA 2 years on 31 March,Any moves,Total children,266,100
2021,Reporting year,Local authority,E92000001,England,E12000008,South East,852,Southampton,E06000045,CLA 2 years on 31 March,Any moves,With one or more moves during the previous 2 years,59,22
2021,Reporting year,Local authority,E92000001,England,E12000008,South East,852,Southampton,E06000045,CLA 2 years on 31 March,Mid-year moves,Total children,266,100
2021,Reporting year,Local authority,E92000001,England,E12000008,South East,852,Southampton,E06000045,CLA 2 years on 31 March,Mid-year moves,With one or more mid-year moves during the previous 2 years,40,15
2021,Reporting year,Local authority,E92000001,England,E12000008,South East,852,Southampton,E06000045,CLA on 31 March,Any moves,Total children,302,100
2021,Reporting year,Local authority,E92000001,England,E12000008,South East,852,Southampton,E06000045,CLA on 31 March,Any moves,With one or more moves during the year,42,14
2021,Reporting year,Local authority,E92000001,England,E12000008,South East,852,Southampton,E06000045,CLA on 31 March,Mid-year moves,Total children,302,100
2021,Reporting year,Local authority,E92000001,England,E12000008,South East,852,Southampton,E06000045,CLA on 31 March,Mid-year moves,With one or more mid-year moves during the year,27,9
2021,Reporting year,Local authority,E92000001,England,E12000008,South East,921,Isle of Wight,E06000046,CLA 2 years on 31 March,Any moves,Total children,151,100
2021,Reporting year,Local authority,E92000001,England,E12000008,South East,921,Isle of Wight,E06000046,CLA 2 years on 31 March,Any moves,With one or more moves during the previous 2 years,16,11
2021,Reporting year,Local authority,E92000001,England,E12000008,South East,921,Isle of Wight,E06000046,CLA 2 years on 31 March,Mid-year moves,Total children,151,100
2021,Reporting year,Local authority,E92000001,England,E12000008,South East,921,Isle of Wight,E06000046,CLA 2 years on 31 March,Mid-year moves,With one or more mid-year moves during the previous 2 years,11,7
2021,Reporting year,Local authority,E92000001,England,E12000008,South East,921,Isle of Wight,E06000046,CLA on 31 March,Any moves,Total children,166,100
2021,Reporting year,Local authority,E92000001,England,E12000008,South East,921,Isle of Wight,E06000046,CLA on 31 March,Any moves,With one or more moves during the year,14,8
2021,Reporting year,Local authority,E92000001,England,E12000008,South East,921,Isle of Wight,E06000046,CLA on 31 March,Mid-year moves,Total children,166,100
2021,Reporting year,Local authority,E92000001,England,E12000008,South East,921,Isle of Wight,E06000046,CLA on 31 March,Mid-year moves,With one or more mid-year moves during the year,10,6
2021,Reporting year,Local authority,E92000001,England,E12000008,South East,825,Buckinghamshire,E06000060,CLA 2 years on 31 March,Any moves,Total children,241,100
2021,Reporting year,Local authority,E92000001,England,E12000008,South East,825,Buckinghamshire,E06000060,CLA 2 years on 31 March,Any moves,With one or more moves during the previous 2 years,44,18
2021,Reporting year,Local authority,E92000001,England,E12000008,South East,825,Buckinghamshire,E06000060,CLA 2 years on 31 March,Mid-year moves,Total children,241,100
2021,Reporting year,Local authority,E92000001,England,E12000008,South East,825,Buckinghamshire,E06000060,CLA 2 years on 31 March,Mid-year moves,With one or more mid-year moves during the previous 2 years,33,14
2021,Reporting year,Local authority,E92000001,England,E12000008,South East,825,Buckinghamshire,E06000060,CLA on 31 March,Any moves,Total children,296,100
2021,Reporting year,Local authority,E92000001,England,E12000008,South East,825,Buckinghamshire,E06000060,CLA on 31 March,Any moves,With one or more moves during the year,35,12
2021,Reporting year,Local authority,E92000001,England,E12000008,South East,825,Buckinghamshire,E06000060,CLA on 31 March,Mid-year moves,Total children,296,100
2021,Reporting year,Local authority,E92000001,England,E12000008,South East,825,Buckinghamshire,E06000060,CLA on 31 March,Mid-year moves,With one or more mid-year moves during the year,25,8
2021,Reporting year,Local authority,E92000001,England,E12000008,South East,845,East Sussex,E10000011,CLA 2 years on 31 March,Any moves,Total children,306,100
2021,Reporting year,Local authority,E92000001,England,E12000008,South East,845,East Sussex,E10000011,CLA 2 years on 31 March,Any moves,With one or more moves during the previous 2 years,50,16
2021,Reporting year,Local authority,E92000001,England,E12000008,South East,845,East Sussex,E10000011,CLA 2 years on 31 March,Mid-year moves,Total children,306,100
2021,Reporting year,Local authority,E92000001,England,E12000008,South East,845,East Sussex,E10000011,CLA 2 years on 31 March,Mid-year moves,With one or more mid-year moves during the previous 2 years,34,11
2021,Reporting year,Local authority,E92000001,England,E12000008,South East,845,East Sussex,E10000011,CLA on 31 March,Any moves,Total children,340,100
2021,Reporting year,Local authority,E92000001,England,E12000008,South East,845,East Sussex,E10000011,CLA on 31 March,Any moves,With one or more moves during the year,35,10
2021,Reporting year,Local authority,E92000001,England,E12000008,South East,845,East Sussex,E10000011,CLA on 31 March,Mid-year moves,Total children,340,100
2021,Reporting year,Local authority,E92000001,England,E12000008,South East,845,East Sussex,E10000011,CLA on 31 March,Mid-year moves,With one or more mid-year moves during the year,21,6
2021,Reporting year,Local authority,E92000001,England,E12000008,South East,850,Hampshire,E10000014,CLA 2 years on 31 March,Any moves,Total children,919,100
2021,Reporting year,Local authority,E92000001,England,E12000008,South East,850,Hampshire,E10000014,CLA 2 years on 31 March,Any moves,With one or more moves during the previous 2 years,238,26
2021,Reporting year,Local authority,E92000001,England,E12000008,South East,850,Hampshire,E10000014,CLA 2 years on 31 March,Mid-year moves,Total children,919,100
2021,Reporting year,Local authority,E92000001,England,E12000008,South East,850,Hampshire,E10000014,CLA 2 years on 31 March,Mid-year moves,With one or more mid-year moves during the previous 2 years,154,17
2021,Reporting year,Local authority,E92000001,England,E12000008,South East,850,Hampshire,E10000014,CLA on 31 March,Any moves,Total children,1090,100
2021,Reporting year,Local authority,E92000001,England,E12000008,South East,850,Hampshire,E10000014,CLA on 31 March,Any moves,With one or more moves during the year,152,14
2021,Reporting year,Local authority,E92000001,England,E12000008,South East,850,Hampshire,E10000014,CLA on 31 March,Mid-year moves,Total children,1090,100
2021,Reporting year,Local authority,E92000001,England,E12000008,South East,850,Hampshire,E10000014,CLA on 31 March,Mid-year moves,With one or more mid-year moves during the year,93,9
2021,Reporting year,Local authority,E92000001,England,E12000008,South East,886,Kent,E10000016,CLA 2 years on 31 March,Any moves,Total children,743,100
2021,Reporting year,Local authority,E92000001,England,E12000008,South East,886,Kent,E10000016,CLA 2 years on 31 March,Any moves,With one or more moves during the previous 2 years,121,16
2021,Reporting year,Local authority,E92000001,England,E12000008,South East,886,Kent,E10000016,CLA 2 years on 31 March,Mid-year moves,Total children,743,100
2021,Reporting year,Local authority,E92000001,England,E12000008,South East,886,Kent,E10000016,CLA 2 years on 31 March,Mid-year moves,With one or more mid-year moves during the previous 2 years,80,11
2021,Reporting year,Local authority,E92000001,England,E12000008,South East,886,Kent,E10000016,CLA on 31 March,Any moves,Total children,818,100
2021,Reporting year,Local authority,E92000001,England,E12000008,South East,886,Kent,E10000016,CLA on 31 March,Any moves,With one or more moves during the year,90,11
2021,Reporting year,Local authority,E92000001,England,E12000008,South East,886,Kent,E10000016,CLA on 31 March,Mid-year moves,Total children,818,100
2021,Reporting year,Local authority,E92000001,England,E12000008,South East,886,Kent,E10000016,CLA on 31 March,Mid-year moves,With one or more mid-year moves during the year,49,6
2021,Reporting year,Local authority,E92000001,England,E12000008,South East,931,Oxfordshire,E10000025,CLA 2 years on 31 March,Any moves,Total children,390,100
2021,Reporting year,Local authority,E92000001,England,E12000008,South East,931,Oxfordshire,E10000025,CLA 2 years on 31 March,Any moves,With one or more moves during the previous 2 years,115,29
2021,Reporting year,Local authority,E92000001,England,E12000008,South East,931,Oxfordshire,E10000025,CLA 2 years on 31 March,Mid-year moves,Total children,390,100
2021,Reporting year,Local authority,E92000001,England,E12000008,South East,931,Oxfordshire,E10000025,CLA 2 years on 31 March,Mid-year moves,With one or more mid-year moves during the previous 2 years,72,18
2021,Reporting year,Local authority,E92000001,England,E12000008,South East,931,Oxfordshire,E10000025,CLA on 31 March,Any moves,Total children,447,100
2021,Reporting year,Local authority,E92000001,England,E12000008,South East,931,Oxfordshire,E10000025,CLA on 31 March,Any moves,With one or more moves during the year,58,13
2021,Reporting year,Local authority,E92000001,England,E12000008,South East,931,Oxfordshire,E10000025,CLA on 31 March,Mid-year moves,Total children,447,100
2021,Reporting year,Local authority,E92000001,England,E12000008,South East,931,Oxfordshire,E10000025,CLA on 31 March,Mid-year moves,With one or more mid-year moves during the year,33,7
2021,Reporting year,Local authority,E92000001,England,E12000008,South East,936,Surrey,E10000030,CLA 2 years on 31 March,Any moves,Total children,461,100
2021,Reporting year,Local authority,E92000001,England,E12000008,South East,936,Surrey,E10000030,CLA 2 years on 31 March,Any moves,With one or more moves during the previous 2 years,125,27
2021,Reporting year,Local authority,E92000001,England,E12000008,South East,936,Surrey,E10000030,CLA 2 years on 31 March,Mid-year moves,Total children,461,100
2021,Reporting year,Local authority,E92000001,England,E12000008,South East,936,Surrey,E10000030,CLA 2 years on 31 March,Mid-year moves,With one or more mid-year moves during the previous 2 years,86,19
2021,Reporting year,Local authority,E92000001,England,E12000008,South East,936,Surrey,E10000030,CLA on 31 March,Any moves,Total children,534,100
2021,Reporting year,Local authority,E92000001,England,E12000008,South East,936,Surrey,E10000030,CLA on 31 March,Any moves,With one or more moves during the year,71,13
2021,Reporting year,Local authority,E92000001,England,E12000008,South East,936,Surrey,E10000030,CLA on 31 March,Mid-year moves,Total children,534,100
2021,Reporting year,Local authority,E92000001,England,E12000008,South East,936,Surrey,E10000030,CLA on 31 March,Mid-year moves,With one or more mid-year moves during the year,42,8
2021,Reporting year,Local authority,E92000001,England,E12000008,South East,938,West Sussex,E10000032,CLA 2 years on 31 March,Any moves,Total children,329,100
2021,Reporting year,Local authority,E92000001,England,E12000008,South East,938,West Sussex,E10000032,CLA 2 years on 31 March,Any moves,With one or more moves during the previous 2 years,85,26
2021,Reporting year,Local authority,E92000001,England,E12000008,South East,938,West Sussex,E10000032,CLA 2 years on 31 March,Mid-year moves,Total children,329,100
2021,Reporting year,Local authority,E92000001,England,E12000008,South East,938,West Sussex,E10000032,CLA 2 years on 31 March,Mid-year moves,With one or more mid-year moves during the previous 2 years,60,18
2021,Reporting year,Local authority,E92000001,England,E12000008,South East,938,West Sussex,E10000032,CLA on 31 March,Any moves,Total children,414,100
2021,Reporting year,Local authority,E92000001,England,E12000008,South East,938,West Sussex,E10000032,CLA on 31 March,Any moves,With one or more moves during the year,76,18
2021,Reporting year,Local authority,E92000001,England,E12000008,South East,938,West Sussex,E10000032,CLA on 31 March,Mid-year moves,Total children,414,100
2021,Reporting year,Local authority,E92000001,England,E12000008,South East,938,West Sussex,E10000032,CLA on 31 March,Mid-year moves,With one or more mid-year moves during the year,43,10
2021,Reporting year,Local authority,E92000001,England,E12000009,South West,800,Bath and North East Somerset,E06000022,CLA 2 years on 31 March,Any moves,Total children,96,100
2021,Reporting year,Local authority,E92000001,England,E12000009,South West,800,Bath and North East Somerset,E06000022,CLA 2 years on 31 March,Any moves,With one or more moves during the previous 2 years,24,25
2021,Reporting year,Local authority,E92000001,England,E12000009,South West,800,Bath and North East Somerset,E06000022,CLA 2 years on 31 March,Mid-year moves,Total children,96,100
2021,Reporting year,Local authority,E92000001,England,E12000009,South West,800,Bath and North East Somerset,E06000022,CLA 2 years on 31 March,Mid-year moves,With one or more mid-year moves during the previous 2 years,17,18
2021,Reporting year,Local authority,E92000001,England,E12000009,South West,800,Bath and North East Somerset,E06000022,CLA on 31 March,Any moves,Total children,108,100
2021,Reporting year,Local authority,E92000001,England,E12000009,South West,800,Bath and North East Somerset,E06000022,CLA on 31 March,Any moves,With one or more moves during the year,12,11
2021,Reporting year,Local authority,E92000001,England,E12000009,South West,800,Bath and North East Somerset,E06000022,CLA on 31 March,Mid-year moves,Total children,108,100
2021,Reporting year,Local authority,E92000001,England,E12000009,South West,800,Bath and North East Somerset,E06000022,CLA on 31 March,Mid-year moves,With one or more mid-year moves during the year,10,9
2021,Reporting year,Local authority,E92000001,England,E12000009,South West,801,"Bristol, City of",E06000023,CLA 2 years on 31 March,Any moves,Total children,358,100
2021,Reporting year,Local authority,E92000001,England,E12000009,South West,801,"Bristol, City of",E06000023,CLA 2 years on 31 March,Any moves,With one or more moves during the previous 2 years,78,22
2021,Reporting year,Local authority,E92000001,England,E12000009,South West,801,"Bristol, City of",E06000023,CLA 2 years on 31 March,Mid-year moves,Total children,358,100
2021,Reporting year,Local authority,E92000001,England,E12000009,South West,801,"Bristol, City of",E06000023,CLA 2 years on 31 March,Mid-year moves,With one or more mid-year moves during the previous 2 years,56,16
2021,Reporting year,Local authority,E92000001,England,E12000009,South West,801,"Bristol, City of",E06000023,CLA on 31 March,Any moves,Total children,404,100
2021,Reporting year,Local authority,E92000001,England,E12000009,South West,801,"Bristol, City of",E06000023,CLA on 31 March,Any moves,With one or more moves during the year,42,10
2021,Reporting year,Local authority,E92000001,England,E12000009,South West,801,"Bristol, City of",E06000023,CLA on 31 March,Mid-year moves,Total children,404,100
2021,Reporting year,Local authority,E92000001,England,E12000009,South West,801,"Bristol, City of",E06000023,CLA on 31 March,Mid-year moves,With one or more mid-year moves during the year,26,6
2021,Reporting year,Local authority,E92000001,England,E12000009,South West,802,North Somerset,E06000024,CLA 2 years on 31 March,Any moves,Total children,103,100
2021,Reporting year,Local authority,E92000001,England,E12000009,South West,802,North Somerset,E06000024,CLA 2 years on 31 March,Any moves,With one or more moves during the previous 2 years,17,17
2021,Reporting year,Local authority,E92000001,England,E12000009,South West,802,North Somerset,E06000024,CLA 2 years on 31 March,Mid-year moves,Total children,103,100
2021,Reporting year,Local authority,E92000001,England,E12000009,South West,802,North Somerset,E06000024,CLA 2 years on 31 March,Mid-year moves,With one or more mid-year moves during the previous 2 years,14,14
2021,Reporting year,Local authority,E92000001,England,E12000009,South West,802,North Somerset,E06000024,CLA on 31 March,Any moves,Total children,113,100
2021,Reporting year,Local authority,E92000001,England,E12000009,South West,802,North Somerset,E06000024,CLA on 31 March,Any moves,With one or more moves during the year,19,17
2021,Reporting year,Local authority,E92000001,England,E12000009,South West,802,North Somerset,E06000024,CLA on 31 March,Mid-year moves,Total children,113,100
2021,Reporting year,Local authority,E92000001,England,E12000009,South West,802,North Somerset,E06000024,CLA on 31 March,Mid-year moves,With one or more mid-year moves during the year,14,12
2021,Reporting year,Local authority,E92000001,England,E12000009,South West,803,South Gloucestershire,E06000025,CLA 2 years on 31 March,Any moves,Total children,103,100
2021,Reporting year,Local authority,E92000001,England,E12000009,South West,803,South Gloucestershire,E06000025,CLA 2 years on 31 March,Any moves,With one or more moves during the previous 2 years,28,27
2021,Reporting year,Local authority,E92000001,England,E12000009,South West,803,South Gloucestershire,E06000025,CLA 2 years on 31 March,Mid-year moves,Total children,103,100
2021,Reporting year,Local authority,E92000001,England,E12000009,South West,803,South Gloucestershire,E06000025,CLA 2 years on 31 March,Mid-year moves,With one or more mid-year moves during the previous 2 years,19,18
2021,Reporting year,Local authority,E92000001,England,E12000009,South West,803,South Gloucestershire,E06000025,CLA on 31 March,Any moves,Total children,125,100
2021,Reporting year,Local authority,E92000001,England,E12000009,South West,803,South Gloucestershire,E06000025,CLA on 31 March,Any moves,With one or more moves during the year,20,16
2021,Reporting year,Local authority,E92000001,England,E12000009,South West,803,South Gloucestershire,E06000025,CLA on 31 March,Mid-year moves,Total children,125,100
2021,Reporting year,Local authority,E92000001,England,E12000009,South West,803,South Gloucestershire,E06000025,CLA on 31 March,Mid-year moves,With one or more mid-year moves during the year,11,9
2021,Reporting year,Local authority,E92000001,England,E12000009,South West,879,Plymouth,E06000026,CLA 2 years on 31 March,Any moves,Total children,245,100
2021,Reporting year,Local authority,E92000001,England,E12000009,South West,879,Plymouth,E06000026,CLA 2 years on 31 March,Any moves,With one or more moves during the previous 2 years,69,28
2021,Reporting year,Local authority,E92000001,England,E12000009,South West,879,Plymouth,E06000026,CLA 2 years on 31 March,Mid-year moves,Total children,245,100
2021,Reporting year,Local authority,E92000001,England,E12000009,South West,879,Plymouth,E06000026,CLA 2 years on 31 March,Mid-year moves,With one or more mid-year moves during the previous 2 years,44,18
2021,Reporting year,Local authority,E92000001,England,E12000009,South West,879,Plymouth,E06000026,CLA on 31 March,Any moves,Total children,307,100
2021,Reporting year,Local authority,E92000001,England,E12000009,South West,879,Plymouth,E06000026,CLA on 31 March,Any moves,With one or more moves during the year,49,16
2021,Reporting year,Local authority,E92000001,England,E12000009,South West,879,Plymouth,E06000026,CLA on 31 March,Mid-year moves,Total children,307,100
2021,Reporting year,Local authority,E92000001,England,E12000009,South West,879,Plymouth,E06000026,CLA on 31 March,Mid-year moves,With one or more mid-year moves during the year,33,11
2021,Reporting year,Local authority,E92000001,England,E12000009,South West,880,Torbay,E06000027,CLA 2 years on 31 March,Any moves,Total children,194,100
2021,Reporting year,Local authority,E92000001,England,E12000009,South West,880,Torbay,E06000027,CLA 2 years on 31 March,Any moves,With one or more moves during the previous 2 years,44,23
2021,Reporting year,Local authority,E92000001,England,E12000009,South West,880,Torbay,E06000027,CLA 2 years on 31 March,Mid-year moves,Total children,194,100
2021,Reporting year,Local authority,E92000001,England,E12000009,South West,880,Torbay,E06000027,CLA 2 years on 31 March,Mid-year moves,With one or more mid-year moves during the previous 2 years,30,15
2021,Reporting year,Local authority,E92000001,England,E12000009,South West,880,Torbay,E06000027,CLA on 31 March,Any moves,Total children,194,100
2021,Reporting year,Local authority,E92000001,England,E12000009,South West,880,Torbay,E06000027,CLA on 31 March,Any moves,With one or more moves during the year,25,13
2021,Reporting year,Local authority,E92000001,England,E12000009,South West,880,Torbay,E06000027,CLA on 31 March,Mid-year moves,Total children,194,100
2021,Reporting year,Local authority,E92000001,England,E12000009,South West,880,Torbay,E06000027,CLA on 31 March,Mid-year moves,With one or more mid-year moves during the year,15,8
2021,Reporting year,Local authority,E92000001,England,E12000009,South West,866,Swindon,E06000030,CLA 2 years on 31 March,Any moves,Total children,155,100
2021,Reporting year,Local authority,E92000001,England,E12000009,South West,866,Swindon,E06000030,CLA 2 years on 31 March,Any moves,With one or more moves during the previous 2 years,43,28
2021,Reporting year,Local authority,E92000001,England,E12000009,South West,866,Swindon,E06000030,CLA 2 years on 31 March,Mid-year moves,Total children,155,100
2021,Reporting year,Local authority,E92000001,England,E12000009,South West,866,Swindon,E06000030,CLA 2 years on 31 March,Mid-year moves,With one or more mid-year moves during the previous 2 years,29,19
2021,Reporting year,Local authority,E92000001,England,E12000009,South West,866,Swindon,E06000030,CLA on 31 March,Any moves,Total children,180,100
2021,Reporting year,Local authority,E92000001,England,E12000009,South West,866,Swindon,E06000030,CLA on 31 March,Any moves,With one or more moves during the year,27,15
2021,Reporting year,Local authority,E92000001,England,E12000009,South West,866,Swindon,E06000030,CLA on 31 March,Mid-year moves,Total children,180,100
2021,Reporting year,Local authority,E92000001,England,E12000009,South West,866,Swindon,E06000030,CLA on 31 March,Mid-year moves,With one or more mid-year moves during the year,18,10
2021,Reporting year,Local authority,E92000001,England,E12000009,South West,908,Cornwall,E06000052,CLA 2 years on 31 March,Any moves,Total children,228,100
2021,Reporting year,Local authority,E92000001,England,E12000009,South West,908,Cornwall,E06000052,CLA 2 years on 31 March,Any moves,With one or more moves during the previous 2 years,52,23
2021,Reporting year,Local authority,E92000001,England,E12000009,South West,908,Cornwall,E06000052,CLA 2 years on 31 March,Mid-year moves,Total children,228,100
2021,Reporting year,Local authority,E92000001,England,E12000009,South West,908,Cornwall,E06000052,CLA 2 years on 31 March,Mid-year moves,With one or more mid-year moves during the previous 2 years,40,18
2021,Reporting year,Local authority,E92000001,England,E12000009,South West,908,Cornwall,E06000052,CLA on 31 March,Any moves,Total children,285,100
2021,Reporting year,Local authority,E92000001,England,E12000009,South West,908,Cornwall,E06000052,CLA on 31 March,Any moves,With one or more moves during the year,33,12
2021,Reporting year,Local authority,E92000001,England,E12000009,South West,908,Cornwall,E06000052,CLA on 31 March,Mid-year moves,Total children,285,100
2021,Reporting year,Local authority,E92000001,England,E12000009,South West,908,Cornwall,E06000052,CLA on 31 March,Mid-year moves,With one or more mid-year moves during the year,24,8
2021,Reporting year,Local authority,E92000001,England,E12000009,South West,420,Isles of Scilly,E06000053,CLA 2 years on 31 March,Any moves,Total children,0,z
2021,Reporting year,Local authority,E92000001,England,E12000009,South West,420,Isles of Scilly,E06000053,CLA 2 years on 31 March,Any moves,With one or more moves during the previous 2 years,z,z
2021,Reporting year,Local authority,E92000001,England,E12000009,South West,420,Isles of Scilly,E06000053,CLA 2 years on 31 March,Mid-year moves,Total children,0,z
2021,Reporting year,Local authority,E92000001,England,E12000009,South West,420,Isles of Scilly,E06000053,CLA 2 years on 31 March,Mid-year moves,With one or more mid-year moves during the previous 2 years,z,z
2021,Reporting year,Local authority,E92000001,England,E12000009,South West,420,Isles of Scilly,E06000053,CLA on 31 March,Any moves,Total children,0,z
2021,Reporting year,Local authority,E92000001,England,E12000009,South West,420,Isles of Scilly,E06000053,CLA on 31 March,Any moves,With one or more moves during the year,z,z
2021,Reporting year,Local authority,E92000001,England,E12000009,South West,420,Isles of Scilly,E06000053,CLA on 31 March,Mid-year moves,Total children,0,z
2021,Reporting year,Local authority,E92000001,England,E12000009,South West,420,Isles of Scilly,E06000053,CLA on 31 March,Mid-year moves,With one or more mid-year moves during the year,z,z
2021,Reporting year,Local authority,E92000001,England,E12000009,South West,865,Wiltshire,E06000054,CLA 2 years on 31 March,Any moves,Total children,229,100
2021,Reporting year,Local authority,E92000001,England,E12000009,South West,865,Wiltshire,E06000054,CLA 2 years on 31 March,Any moves,With one or more moves during the previous 2 years,44,19
2021,Reporting year,Local authority,E92000001,England,E12000009,South West,865,Wiltshire,E06000054,CLA 2 years on 31 March,Mid-year moves,Total children,229,100
2021,Reporting year,Local authority,E92000001,England,E12000009,South West,865,Wiltshire,E06000054,CLA 2 years on 31 March,Mid-year moves,With one or more mid-year moves during the previous 2 years,28,12
2021,Reporting year,Local authority,E92000001,England,E12000009,South West,865,Wiltshire,E06000054,CLA on 31 March,Any moves,Total children,239,100
2021,Reporting year,Local authority,E92000001,England,E12000009,South West,865,Wiltshire,E06000054,CLA on 31 March,Any moves,With one or more moves during the year,34,14
2021,Reporting year,Local authority,E92000001,England,E12000009,South West,865,Wiltshire,E06000054,CLA on 31 March,Mid-year moves,Total children,239,100
2021,Reporting year,Local authority,E92000001,England,E12000009,South West,865,Wiltshire,E06000054,CLA on 31 March,Mid-year moves,With one or more mid-year moves during the year,20,8
2021,Reporting year,Local authority,E92000001,England,E12000009,South West,839,"Bournemouth, Christchurch and Poole",E06000058,CLA 2 years on 31 March,Any moves,Total children,206,100
2021,Reporting year,Local authority,E92000001,England,E12000009,South West,839,"Bournemouth, Christchurch and Poole",E06000058,CLA 2 years on 31 March,Any moves,With one or more moves during the previous 2 years,44,21
2021,Reporting year,Local authority,E92000001,England,E12000009,South West,839,"Bournemouth, Christchurch and Poole",E06000058,CLA 2 years on 31 March,Mid-year moves,Total children,206,100
2021,Reporting year,Local authority,E92000001,England,E12000009,South West,839,"Bournemouth, Christchurch and Poole",E06000058,CLA 2 years on 31 March,Mid-year moves,With one or more mid-year moves during the previous 2 years,29,14
2021,Reporting year,Local authority,E92000001,England,E12000009,South West,839,"Bournemouth, Christchurch and Poole",E06000058,CLA on 31 March,Any moves,Total children,228,100
2021,Reporting year,Local authority,E92000001,England,E12000009,South West,839,"Bournemouth, Christchurch and Poole",E06000058,CLA on 31 March,Any moves,With one or more moves during the year,30,13
2021,Reporting year,Local authority,E92000001,England,E12000009,South West,839,"Bournemouth, Christchurch and Poole",E06000058,CLA on 31 March,Mid-year moves,Total children,228,100
2021,Reporting year,Local authority,E92000001,England,E12000009,South West,839,"Bournemouth, Christchurch and Poole",E06000058,CLA on 31 March,Mid-year moves,With one or more mid-year moves during the year,16,7
2021,Reporting year,Local authority,E92000001,England,E12000009,South West,838,Dorset,E06000059,CLA 2 years on 31 March,Any moves,Total children,238,100
2021,Reporting year,Local authority,E92000001,England,E12000009,South West,838,Dorset,E06000059,CLA 2 years on 31 March,Any moves,With one or more moves during the previous 2 years,52,22
2021,Reporting year,Local authority,E92000001,England,E12000009,South West,838,Dorset,E06000059,CLA 2 years on 31 March,Mid-year moves,Total children,238,100
2021,Reporting year,Local authority,E92000001,England,E12000009,South West,838,Dorset,E06000059,CLA 2 years on 31 March,Mid-year moves,With one or more mid-year moves during the previous 2 years,33,14
2021,Reporting year,Local authority,E92000001,England,E12000009,South West,838,Dorset,E06000059,CLA on 31 March,Any moves,Total children,255,100
2021,Reporting year,Local authority,E92000001,England,E12000009,South West,838,Dorset,E06000059,CLA on 31 March,Any moves,With one or more moves during the year,38,15
2021,Reporting year,Local authority,E92000001,England,E12000009,South West,838,Dorset,E06000059,CLA on 31 March,Mid-year moves,Total children,255,100
2021,Reporting year,Local authority,E92000001,England,E12000009,South West,838,Dorset,E06000059,CLA on 31 March,Mid-year moves,With one or more mid-year moves during the year,21,8
2021,Reporting year,Local authority,E92000001,England,E12000009,South West,933,Somerset,E06000066,CLA 2 years on 31 March,Any moves,Total children,248,100
2021,Reporting year,Local authority,E92000001,England,E12000009,South West,933,Somerset,E06000066,CLA 2 years on 31 March,Any moves,With one or more moves during the previous 2 years,55,22
2021,Reporting year,Local authority,E92000001,England,E12000009,South West,933,Somerset,E06000066,CLA 2 years on 31 March,Mid-year moves,Total children,248,100
2021,Reporting year,Local authority,E92000001,England,E12000009,South West,933,Somerset,E06000066,CLA 2 years on 31 March,Mid-year moves,With one or more mid-year moves during the previous 2 years,35,14
2021,Reporting year,Local authority,E92000001,England,E12000009,South West,933,Somerset,E06000066,CLA on 31 March,Any moves,Total children,291,100
2021,Reporting year,Local authority,E92000001,England,E12000009,South West,933,Somerset,E06000066,CLA on 31 March,Any moves,With one or more moves during the year,51,18
2021,Reporting year,Local authority,E92000001,England,E12000009,South West,933,Somerset,E06000066,CLA on 31 March,Mid-year moves,Total children,291,100
2021,Reporting year,Local authority,E92000001,England,E12000009,South West,933,Somerset,E06000066,CLA on 31 March,Mid-year moves,With one or more mid-year moves during the year,38,13
2021,Reporting year,Local authority,E92000001,England,E12000009,South West,878,Devon,E10000008,CLA 2 years on 31 March,Any moves,Total children,371,100
2021,Reporting year,Local authority,E92000001,England,E12000009,South West,878,Devon,E10000008,CLA 2 years on 31 March,Any moves,With one or more moves during the previous 2 years,93,25
2021,Reporting year,Local authority,E92000001,England,E12000009,South West,878,Devon,E10000008,CLA 2 years on 31 March,Mid-year moves,Total children,371,100
2021,Reporting year,Local authority,E92000001,England,E12000009,South West,878,Devon,E10000008,CLA 2 years on 31 March,Mid-year moves,With one or more mid-year moves during the previous 2 years,58,16
2021,Reporting year,Local authority,E92000001,England,E12000009,South West,878,Devon,E10000008,CLA on 31 March,Any moves,Total children,459,100
2021,Reporting year,Local authority,E92000001,England,E12000009,South West,878,Devon,E10000008,CLA on 31 March,Any moves,With one or more moves during the year,67,15
2021,Reporting year,Local authority,E92000001,England,E12000009,South West,878,Devon,E10000008,CLA on 31 March,Mid-year moves,Total children,459,100
2021,Reporting year,Local authority,E92000001,England,E12000009,South West,878,Devon,E10000008,CLA on 31 March,Mid-year moves,With one or more mid-year moves during the year,41,9
2021,Reporting year,Local authority,E92000001,England,E12000009,South West,916,Gloucestershire,E10000013,CLA 2 years on 31 March,Any moves,Total children,351,100
2021,Reporting year,Local authority,E92000001,England,E12000009,South West,916,Gloucestershire,E10000013,CLA 2 years on 31 March,Any moves,With one or more moves during the previous 2 years,81,23
2021,Reporting year,Local authority,E92000001,England,E12000009,South West,916,Gloucestershire,E10000013,CLA 2 years on 31 March,Mid-year moves,Total children,351,100
2021,Reporting year,Local authority,E92000001,England,E12000009,South West,916,Gloucestershire,E10000013,CLA 2 years on 31 March,Mid-year moves,With one or more mid-year moves during the previous 2 years,58,17
2021,Reporting year,Local authority,E92000001,England,E12000009,South West,916,Gloucestershire,E10000013,CLA on 31 March,Any moves,Total children,420,100
2021,Reporting year,Local authority,E92000001,England,E12000009,South West,916,Gloucestershire,E10000013,CLA on 31 March,Any moves,With one or more moves during the year,52,12
2021,Reporting year,Local authority,E92000001,England,E12000009,South West,916,Gloucestershire,E10000013,CLA on 31 March,Mid-year moves,Total children,420,100
2021,Reporting year,Local authority,E92000001,England,E12000009,South West,916,Gloucestershire,E10000013,CLA on 31 March,Mid-year moves,With one or more mid-year moves during the year,31,7
2021,Reporting year,Local authority,E92000001,England,E13000001,Inner London,201,City of London,E09000001,CLA 2 years on 31 March,Any moves,Total children,0,z
2021,Reporting year,Local authority,E92000001,England,E13000001,Inner London,201,City of London,E09000001,CLA 2 years on 31 March,Any moves,With one or more moves during the previous 2 years,z,z
2021,Reporting year,Local authority,E92000001,England,E13000001,Inner London,201,City of London,E09000001,CLA 2 years on 31 March,Mid-year moves,Total children,0,z
2021,Reporting year,Local authority,E92000001,England,E13000001,Inner London,201,City of London,E09000001,CLA 2 years on 31 March,Mid-year moves,With one or more mid-year moves during the previous 2 years,z,z
2021,Reporting year,Local authority,E92000001,England,E13000001,Inner London,201,City of London,E09000001,CLA on 31 March,Any moves,Total children,c,c
2021,Reporting year,Local authority,E92000001,England,E13000001,Inner London,201,City of London,E09000001,CLA on 31 March,Any moves,With one or more moves during the year,0,0
2021,Reporting year,Local authority,E92000001,England,E13000001,Inner London,201,City of London,E09000001,CLA on 31 March,Mid-year moves,Total children,c,c
2021,Reporting year,Local authority,E92000001,England,E13000001,Inner London,201,City of London,E09000001,CLA on 31 March,Mid-year moves,With one or more mid-year moves during the year,0,0
2021,Reporting year,Local authority,E92000001,England,E13000001,Inner London,202,Camden,E09000007,CLA 2 years on 31 March,Any moves,Total children,50,100
2021,Reporting year,Local authority,E92000001,England,E13000001,Inner London,202,Camden,E09000007,CLA 2 years on 31 March,Any moves,With one or more moves during the previous 2 years,7,14
2021,Reporting year,Local authority,E92000001,England,E13000001,Inner London,202,Camden,E09000007,CLA 2 years on 31 March,Mid-year moves,Total children,50,100
2021,Reporting year,Local authority,E92000001,England,E13000001,Inner London,202,Camden,E09000007,CLA 2 years on 31 March,Mid-year moves,With one or more mid-year moves during the previous 2 years,c,c
2021,Reporting year,Local authority,E92000001,England,E13000001,Inner London,202,Camden,E09000007,CLA on 31 March,Any moves,Total children,63,100
2021,Reporting year,Local authority,E92000001,England,E13000001,Inner London,202,Camden,E09000007,CLA on 31 March,Any moves,With one or more moves during the year,11,17
2021,Reporting year,Local authority,E92000001,England,E13000001,Inner London,202,Camden,E09000007,CLA on 31 March,Mid-year moves,Total children,63,100
2021,Reporting year,Local authority,E92000001,England,E13000001,Inner London,202,Camden,E09000007,CLA on 31 March,Mid-year moves,With one or more mid-year moves during the year,8,13
2021,Reporting year,Local authority,E92000001,England,E13000001,Inner London,204,Hackney,E09000012,CLA 2 years on 31 March,Any moves,Total children,183,100
2021,Reporting year,Local authority,E92000001,England,E13000001,Inner London,204,Hackney,E09000012,CLA 2 years on 31 March,Any moves,With one or more moves during the previous 2 years,32,17
2021,Reporting year,Local authority,E92000001,England,E13000001,Inner London,204,Hackney,E09000012,CLA 2 years on 31 March,Mid-year moves,Total children,183,100
2021,Reporting year,Local authority,E92000001,England,E13000001,Inner London,204,Hackney,E09000012,CLA 2 years on 31 March,Mid-year moves,With one or more mid-year moves during the previous 2 years,25,14
2021,Reporting year,Local authority,E92000001,England,E13000001,Inner London,204,Hackney,E09000012,CLA on 31 March,Any moves,Total children,201,100
2021,Reporting year,Local authority,E92000001,England,E13000001,Inner London,204,Hackney,E09000012,CLA on 31 March,Any moves,With one or more moves during the year,24,12
2021,Reporting year,Local authority,E92000001,England,E13000001,Inner London,204,Hackney,E09000012,CLA on 31 March,Mid-year moves,Total children,201,100
2021,Reporting year,Local authority,E92000001,England,E13000001,Inner London,204,Hackney,E09000012,CLA on 31 March,Mid-year moves,With one or more mid-year moves during the year,15,7
2021,Reporting year,Local authority,E92000001,England,E13000001,Inner London,205,Hammersmith and Fulham,E09000013,CLA 2 years on 31 March,Any moves,Total children,85,100
2021,Reporting year,Local authority,E92000001,England,E13000001,Inner London,205,Hammersmith and Fulham,E09000013,CLA 2 years on 31 March,Any moves,With one or more moves during the previous 2 years,18,21
2021,Reporting year,Local authority,E92000001,England,E13000001,Inner London,205,Hammersmith and Fulham,E09000013,CLA 2 years on 31 March,Mid-year moves,Total children,85,100
2021,Reporting year,Local authority,E92000001,England,E13000001,Inner London,205,Hammersmith and Fulham,E09000013,CLA 2 years on 31 March,Mid-year moves,With one or more mid-year moves during the previous 2 years,12,14
2021,Reporting year,Local authority,E92000001,England,E13000001,Inner London,205,Hammersmith and Fulham,E09000013,CLA on 31 March,Any moves,Total children,96,100
2021,Reporting year,Local authority,E92000001,England,E13000001,Inner London,205,Hammersmith and Fulham,E09000013,CLA on 31 March,Any moves,With one or more moves during the year,9,9
2021,Reporting year,Local authority,E92000001,England,E13000001,Inner London,205,Hammersmith and Fulham,E09000013,CLA on 31 March,Mid-year moves,Total children,96,100
2021,Reporting year,Local authority,E92000001,England,E13000001,Inner London,205,Hammersmith and Fulham,E09000013,CLA on 31 March,Mid-year moves,With one or more mid-year moves during the year,7,7
2021,Reporting year,Local authority,E92000001,England,E13000001,Inner London,309,Haringey,E09000014,CLA 2 years on 31 March,Any moves,Total children,170,100
2021,Reporting year,Local authority,E92000001,England,E13000001,Inner London,309,Haringey,E09000014,CLA 2 years on 31 March,Any moves,With one or more moves during the previous 2 years,29,17
2021,Reporting year,Local authority,E92000001,England,E13000001,Inner London,309,Haringey,E09000014,CLA 2 years on 31 March,Mid-year moves,Total children,170,100
2021,Reporting year,Local authority,E92000001,England,E13000001,Inner London,309,Haringey,E09000014,CLA 2 years on 31 March,Mid-year moves,With one or more mid-year moves during the previous 2 years,18,11
2021,Reporting year,Local authority,E92000001,England,E13000001,Inner London,309,Haringey,E09000014,CLA on 31 March,Any moves,Total children,191,100
2021,Reporting year,Local authority,E92000001,England,E13000001,Inner London,309,Haringey,E09000014,CLA on 31 March,Any moves,With one or more moves during the year,25,13
2021,Reporting year,Local authority,E92000001,England,E13000001,Inner London,309,Haringey,E09000014,CLA on 31 March,Mid-year moves,Total children,191,100
2021,Reporting year,Local authority,E92000001,England,E13000001,Inner London,309,Haringey,E09000014,CLA on 31 March,Mid-year moves,With one or more mid-year moves during the year,14,7
2021,Reporting year,Local authority,E92000001,England,E13000001,Inner London,206,Islington,E09000019,CLA 2 years on 31 March,Any moves,Total children,154,100
2021,Reporting year,Local authority,E92000001,England,E13000001,Inner London,206,Islington,E09000019,CLA 2 years on 31 March,Any moves,With one or more moves during the previous 2 years,43,28
2021,Reporting year,Local authority,E92000001,England,E13000001,Inner London,206,Islington,E09000019,CLA 2 years on 31 March,Mid-year moves,Total children,154,100
2021,Reporting year,Local authority,E92000001,England,E13000001,Inner London,206,Islington,E09000019,CLA 2 years on 31 March,Mid-year moves,With one or more mid-year moves during the previous 2 years,35,23
2021,Reporting year,Local authority,E92000001,England,E13000001,Inner London,206,Islington,E09000019,CLA on 31 March,Any moves,Total children,179,100
2021,Reporting year,Local authority,E92000001,England,E13000001,Inner London,206,Islington,E09000019,CLA on 31 March,Any moves,With one or more moves during the year,35,20
2021,Reporting year,Local authority,E92000001,England,E13000001,Inner London,206,Islington,E09000019,CLA on 31 March,Mid-year moves,Total children,179,100
2021,Reporting year,Local authority,E92000001,England,E13000001,Inner London,206,Islington,E09000019,CLA on 31 March,Mid-year moves,With one or more mid-year moves during the year,29,16
2021,Reporting year,Local authority,E92000001,England,E13000001,Inner London,207,Kensington and Chelsea,E09000020,CLA 2 years on 31 March,Any moves,Total children,31,100
2021,Reporting year,Local authority,E92000001,England,E13000001,Inner London,207,Kensington and Chelsea,E09000020,CLA 2 years on 31 March,Any moves,With one or more moves during the previous 2 years,6,19
2021,Reporting year,Local authority,E92000001,England,E13000001,Inner London,207,Kensington and Chelsea,E09000020,CLA 2 years on 31 March,Mid-year moves,Total children,31,100
2021,Reporting year,Local authority,E92000001,England,E13000001,Inner London,207,Kensington and Chelsea,E09000020,CLA 2 years on 31 March,Mid-year moves,With one or more mid-year moves during the previous 2 years,c,c
2021,Reporting year,Local authority,E92000001,England,E13000001,Inner London,207,Kensington and Chelsea,E09000020,CLA on 31 March,Any moves,Total children,32,100
2021,Reporting year,Local authority,E92000001,England,E13000001,Inner London,207,Kensington and Chelsea,E09000020,CLA on 31 March,Any moves,With one or more moves during the year,c,c
2021,Reporting year,Local authority,E92000001,England,E13000001,Inner London,207,Kensington and Chelsea,E09000020,CLA on 31 March,Mid-year moves,Total children,32,100
2021,Reporting year,Local authority,E92000001,England,E13000001,Inner London,207,Kensington and Chelsea,E09000020,CLA on 31 March,Mid-year moves,With one or more mid-year moves during the year,c,c
2021,Reporting year,Local authority,E92000001,England,E13000001,Inner London,208,Lambeth,E09000022,CLA 2 years on 31 March,Any moves,Total children,151,100
2021,Reporting year,Local authority,E92000001,England,E13000001,Inner London,208,Lambeth,E09000022,CLA 2 years on 31 March,Any moves,With one or more moves during the previous 2 years,26,17
2021,Reporting year,Local authority,E92000001,England,E13000001,Inner London,208,Lambeth,E09000022,CLA 2 years on 31 March,Mid-year moves,Total children,151,100
2021,Reporting year,Local authority,E92000001,England,E13000001,Inner London,208,Lambeth,E09000022,CLA 2 years on 31 March,Mid-year moves,With one or more mid-year moves during the previous 2 years,19,13
2021,Reporting year,Local authority,E92000001,England,E13000001,Inner London,208,Lambeth,E09000022,CLA on 31 March,Any moves,Total children,181,100
2021,Reporting year,Local authority,E92000001,England,E13000001,Inner London,208,Lambeth,E09000022,CLA on 31 March,Any moves,With one or more moves during the year,14,8
2021,Reporting year,Local authority,E92000001,England,E13000001,Inner London,208,Lambeth,E09000022,CLA on 31 March,Mid-year moves,Total children,181,100
2021,Reporting year,Local authority,E92000001,England,E13000001,Inner London,208,Lambeth,E09000022,CLA on 31 March,Mid-year moves,With one or more mid-year moves during the year,10,6
2021,Reporting year,Local authority,E92000001,England,E13000001,Inner London,209,Lewisham,E09000023,CLA 2 years on 31 March,Any moves,Total children,210,100
2021,Reporting year,Local authority,E92000001,England,E13000001,Inner London,209,Lewisham,E09000023,CLA 2 years on 31 March,Any moves,With one or more moves during the previous 2 years,44,21
2021,Reporting year,Local authority,E92000001,England,E13000001,Inner London,209,Lewisham,E09000023,CLA 2 years on 31 March,Mid-year moves,Total children,210,100
2021,Reporting year,Local authority,E92000001,England,E13000001,Inner London,209,Lewisham,E09000023,CLA 2 years on 31 March,Mid-year moves,With one or more mid-year moves during the previous 2 years,33,16
2021,Reporting year,Local authority,E92000001,England,E13000001,Inner London,209,Lewisham,E09000023,CLA on 31 March,Any moves,Total children,234,100
2021,Reporting year,Local authority,E92000001,England,E13000001,Inner London,209,Lewisham,E09000023,CLA on 31 March,Any moves,With one or more moves during the year,35,15
2021,Reporting year,Local authority,E92000001,England,E13000001,Inner London,209,Lewisham,E09000023,CLA on 31 March,Mid-year moves,Total children,234,100
2021,Reporting year,Local authority,E92000001,England,E13000001,Inner London,209,Lewisham,E09000023,CLA on 31 March,Mid-year moves,With one or more mid-year moves during the year,24,10
2021,Reporting year,Local authority,E92000001,England,E13000001,Inner London,316,Newham,E09000025,CLA 2 years on 31 March,Any moves,Total children,145,100
2021,Reporting year,Local authority,E92000001,England,E13000001,Inner London,316,Newham,E09000025,CLA 2 years on 31 March,Any moves,With one or more moves during the previous 2 years,19,13
2021,Reporting year,Local authority,E92000001,England,E13000001,Inner London,316,Newham,E09000025,CLA 2 years on 31 March,Mid-year moves,Total children,145,100
2021,Reporting year,Local authority,E92000001,England,E13000001,Inner London,316,Newham,E09000025,CLA 2 years on 31 March,Mid-year moves,With one or more mid-year moves during the previous 2 years,10,7
2021,Reporting year,Local authority,E92000001,England,E13000001,Inner London,316,Newham,E09000025,CLA on 31 March,Any moves,Total children,183,100
2021,Reporting year,Local authority,E92000001,England,E13000001,Inner London,316,Newham,E09000025,CLA on 31 March,Any moves,With one or more moves during the year,18,10
2021,Reporting year,Local authority,E92000001,England,E13000001,Inner London,316,Newham,E09000025,CLA on 31 March,Mid-year moves,Total children,183,100
2021,Reporting year,Local authority,E92000001,England,E13000001,Inner London,316,Newham,E09000025,CLA on 31 March,Mid-year moves,With one or more mid-year moves during the year,9,5
2021,Reporting year,Local authority,E92000001,England,E13000001,Inner London,210,Southwark,E09000028,CLA 2 years on 31 March,Any moves,Total children,232,100
2021,Reporting year,Local authority,E92000001,England,E13000001,Inner London,210,Southwark,E09000028,CLA 2 years on 31 March,Any moves,With one or more moves during the previous 2 years,49,21
2021,Reporting year,Local authority,E92000001,England,E13000001,Inner London,210,Southwark,E09000028,CLA 2 years on 31 March,Mid-year moves,Total children,232,100
2021,Reporting year,Local authority,E92000001,England,E13000001,Inner London,210,Southwark,E09000028,CLA 2 years on 31 March,Mid-year moves,With one or more mid-year moves during the previous 2 years,39,17
2021,Reporting year,Local authority,E92000001,England,E13000001,Inner London,210,Southwark,E09000028,CLA on 31 March,Any moves,Total children,239,100
2021,Reporting year,Local authority,E92000001,England,E13000001,Inner London,210,Southwark,E09000028,CLA on 31 March,Any moves,With one or more moves during the year,22,9
2021,Reporting year,Local authority,E92000001,England,E13000001,Inner London,210,Southwark,E09000028,CLA on 31 March,Mid-year moves,Total children,239,100
2021,Reporting year,Local authority,E92000001,England,E13000001,Inner London,210,Southwark,E09000028,CLA on 31 March,Mid-year moves,With one or more mid-year moves during the year,15,6
2021,Reporting year,Local authority,E92000001,England,E13000001,Inner London,211,Tower Hamlets,E09000030,CLA 2 years on 31 March,Any moves,Total children,141,100
2021,Reporting year,Local authority,E92000001,England,E13000001,Inner London,211,Tower Hamlets,E09000030,CLA 2 years on 31 March,Any moves,With one or more moves during the previous 2 years,30,21
2021,Reporting year,Local authority,E92000001,England,E13000001,Inner London,211,Tower Hamlets,E09000030,CLA 2 years on 31 March,Mid-year moves,Total children,141,100
2021,Reporting year,Local authority,E92000001,England,E13000001,Inner London,211,Tower Hamlets,E09000030,CLA 2 years on 31 March,Mid-year moves,With one or more mid-year moves during the previous 2 years,19,13
2021,Reporting year,Local authority,E92000001,England,E13000001,Inner London,211,Tower Hamlets,E09000030,CLA on 31 March,Any moves,Total children,150,100
2021,Reporting year,Local authority,E92000001,England,E13000001,Inner London,211,Tower Hamlets,E09000030,CLA on 31 March,Any moves,With one or more moves during the year,28,19
2021,Reporting year,Local authority,E92000001,England,E13000001,Inner London,211,Tower Hamlets,E09000030,CLA on 31 March,Mid-year moves,Total children,150,100
2021,Reporting year,Local authority,E92000001,England,E13000001,Inner London,211,Tower Hamlets,E09000030,CLA on 31 March,Mid-year moves,With one or more mid-year moves during the year,17,11
2021,Reporting year,Local authority,E92000001,England,E13000001,Inner London,212,Wandsworth,E09000032,CLA 2 years on 31 March,Any moves,Total children,130,100
2021,Reporting year,Local authority,E92000001,England,E13000001,Inner London,212,Wandsworth,E09000032,CLA 2 years on 31 March,Any moves,With one or more moves during the previous 2 years,33,25
2021,Reporting year,Local authority,E92000001,England,E13000001,Inner London,212,Wandsworth,E09000032,CLA 2 years on 31 March,Mid-year moves,Total children,130,100
2021,Reporting year,Local authority,E92000001,England,E13000001,Inner London,212,Wandsworth,E09000032,CLA 2 years on 31 March,Mid-year moves,With one or more mid-year moves during the previous 2 years,22,17
2021,Reporting year,Local authority,E92000001,England,E13000001,Inner London,212,Wandsworth,E09000032,CLA on 31 March,Any moves,Total children,129,100
2021,Reporting year,Local authority,E92000001,England,E13000001,Inner London,212,Wandsworth,E09000032,CLA on 31 March,Any moves,With one or more moves during the year,21,16
2021,Reporting year,Local authority,E92000001,England,E13000001,Inner London,212,Wandsworth,E09000032,CLA on 31 March,Mid-year moves,Total children,129,100
2021,Reporting year,Local authority,E92000001,England,E13000001,Inner London,212,Wandsworth,E09000032,CLA on 31 March,Mid-year moves,With one or more mid-year moves during the year,14,11
2021,Reporting year,Local authority,E92000001,England,E13000001,Inner London,213,Westminster,E09000033,CLA 2 years on 31 March,Any moves,Total children,65,100
2021,Reporting year,Local authority,E92000001,England,E13000001,Inner London,213,Westminster,E09000033,CLA 2 years on 31 March,Any moves,With one or more moves during the previous 2 years,13,20
2021,Reporting year,Local authority,E92000001,England,E13000001,Inner London,213,Westminster,E09000033,CLA 2 years on 31 March,Mid-year moves,Total children,65,100
2021,Reporting year,Local authority,E92000001,England,E13000001,Inner London,213,Westminster,E09000033,CLA 2 years on 31 March,Mid-year moves,With one or more mid-year moves during the previous 2 years,8,12
2021,Reporting year,Local authority,E92000001,England,E13000001,Inner London,213,Westminster,E09000033,CLA on 31 March,Any moves,Total children,62,100
2021,Reporting year,Local authority,E92000001,England,E13000001,Inner London,213,Westminster,E09000033,CLA on 31 March,Any moves,With one or more moves during the year,11,18
2021,Reporting year,Local authority,E92000001,England,E13000001,Inner London,213,Westminster,E09000033,CLA on 31 March,Mid-year moves,Total children,62,100
2021,Reporting year,Local authority,E92000001,England,E13000001,Inner London,213,Westminster,E09000033,CLA on 31 March,Mid-year moves,With one or more mid-year moves during the year,7,11
2021,Reporting year,Local authority,E92000001,England,E13000002,Outer London,301,Barking and Dagenham,E09000002,CLA 2 years on 31 March,Any moves,Total children,184,100
2021,Reporting year,Local authority,E92000001,England,E13000002,Outer London,301,Barking and Dagenham,E09000002,CLA 2 years on 31 March,Any moves,With one or more moves during the previous 2 years,37,20
2021,Reporting year,Local authority,E92000001,England,E13000002,Outer London,301,Barking and Dagenham,E09000002,CLA 2 years on 31 March,Mid-year moves,Total children,184,100
2021,Reporting year,Local authority,E92000001,England,E13000002,Outer London,301,Barking and Dagenham,E09000002,CLA 2 years on 31 March,Mid-year moves,With one or more mid-year moves during the previous 2 years,26,14
2021,Reporting year,Local authority,E92000001,England,E13000002,Outer London,301,Barking and Dagenham,E09000002,CLA on 31 March,Any moves,Total children,205,100
2021,Reporting year,Local authority,E92000001,England,E13000002,Outer London,301,Barking and Dagenham,E09000002,CLA on 31 March,Any moves,With one or more moves during the year,26,13
2021,Reporting year,Local authority,E92000001,England,E13000002,Outer London,301,Barking and Dagenham,E09000002,CLA on 31 March,Mid-year moves,Total children,205,100
2021,Reporting year,Local authority,E92000001,England,E13000002,Outer London,301,Barking and Dagenham,E09000002,CLA on 31 March,Mid-year moves,With one or more mid-year moves during the year,17,8
2021,Reporting year,Local authority,E92000001,England,E13000002,Outer London,302,Barnet,E09000003,CLA 2 years on 31 March,Any moves,Total children,129,100
2021,Reporting year,Local authority,E92000001,England,E13000002,Outer London,302,Barnet,E09000003,CLA 2 years on 31 March,Any moves,With one or more moves during the previous 2 years,20,16
2021,Reporting year,Local authority,E92000001,England,E13000002,Outer London,302,Barnet,E09000003,CLA 2 years on 31 March,Mid-year moves,Total children,129,100
2021,Reporting year,Local authority,E92000001,England,E13000002,Outer London,302,Barnet,E09000003,CLA 2 years on 31 March,Mid-year moves,With one or more mid-year moves during the previous 2 years,14,11
2021,Reporting year,Local authority,E92000001,England,E13000002,Outer London,302,Barnet,E09000003,CLA on 31 March,Any moves,Total children,134,100
2021,Reporting year,Local authority,E92000001,England,E13000002,Outer London,302,Barnet,E09000003,CLA on 31 March,Any moves,With one or more moves during the year,14,10
2021,Reporting year,Local authority,E92000001,England,E13000002,Outer London,302,Barnet,E09000003,CLA on 31 March,Mid-year moves,Total children,134,100
2021,Reporting year,Local authority,E92000001,England,E13000002,Outer London,302,Barnet,E09000003,CLA on 31 March,Mid-year moves,With one or more mid-year moves during the year,8,6
2021,Reporting year,Local authority,E92000001,England,E13000002,Outer London,303,Bexley,E09000004,CLA 2 years on 31 March,Any moves,Total children,87,100
2021,Reporting year,Local authority,E92000001,England,E13000002,Outer London,303,Bexley,E09000004,CLA 2 years on 31 March,Any moves,With one or more moves during the previous 2 years,17,20
2021,Reporting year,Local authority,E92000001,England,E13000002,Outer London,303,Bexley,E09000004,CLA 2 years on 31 March,Mid-year moves,Total children,87,100
2021,Reporting year,Local authority,E92000001,England,E13000002,Outer London,303,Bexley,E09000004,CLA 2 years on 31 March,Mid-year moves,With one or more mid-year moves during the previous 2 years,13,15
2021,Reporting year,Local authority,E92000001,England,E13000002,Outer London,303,Bexley,E09000004,CLA on 31 March,Any moves,Total children,111,100
2021,Reporting year,Local authority,E92000001,England,E13000002,Outer London,303,Bexley,E09000004,CLA on 31 March,Any moves,With one or more moves during the year,11,10
2021,Reporting year,Local authority,E92000001,England,E13000002,Outer London,303,Bexley,E09000004,CLA on 31 March,Mid-year moves,Total children,111,100
2021,Reporting year,Local authority,E92000001,England,E13000002,Outer London,303,Bexley,E09000004,CLA on 31 March,Mid-year moves,With one or more mid-year moves during the year,c,c
2021,Reporting year,Local authority,E92000001,England,E13000002,Outer London,304,Brent,E09000005,CLA 2 years on 31 March,Any moves,Total children,116,100
2021,Reporting year,Local authority,E92000001,England,E13000002,Outer London,304,Brent,E09000005,CLA 2 years on 31 March,Any moves,With one or more moves during the previous 2 years,16,14
2021,Reporting year,Local authority,E92000001,England,E13000002,Outer London,304,Brent,E09000005,CLA 2 years on 31 March,Mid-year moves,Total children,116,100
2021,Reporting year,Local authority,E92000001,England,E13000002,Outer London,304,Brent,E09000005,CLA 2 years on 31 March,Mid-year moves,With one or more mid-year moves during the previous 2 years,14,12
2021,Reporting year,Local authority,E92000001,England,E13000002,Outer London,304,Brent,E09000005,CLA on 31 March,Any moves,Total children,127,100
2021,Reporting year,Local authority,E92000001,England,E13000002,Outer London,304,Brent,E09000005,CLA on 31 March,Any moves,With one or more moves during the year,13,10
2021,Reporting year,Local authority,E92000001,England,E13000002,Outer London,304,Brent,E09000005,CLA on 31 March,Mid-year moves,Total children,127,100
2021,Reporting year,Local authority,E92000001,England,E13000002,Outer London,304,Brent,E09000005,CLA on 31 March,Mid-year moves,With one or more mid-year moves during the year,9,7
2021,Reporting year,Local authority,E92000001,England,E13000002,Outer London,305,Bromley,E09000006,CLA 2 years on 31 March,Any moves,Total children,163,100
2021,Reporting year,Local authority,E92000001,England,E13000002,Outer London,305,Bromley,E09000006,CLA 2 years on 31 March,Any moves,With one or more moves during the previous 2 years,23,14
2021,Reporting year,Local authority,E92000001,England,E13000002,Outer London,305,Bromley,E09000006,CLA 2 years on 31 March,Mid-year moves,Total children,163,100
2021,Reporting year,Local authority,E92000001,England,E13000002,Outer London,305,Bromley,E09000006,CLA 2 years on 31 March,Mid-year moves,With one or more mid-year moves during the previous 2 years,16,10
2021,Reporting year,Local authority,E92000001,England,E13000002,Outer London,305,Bromley,E09000006,CLA on 31 March,Any moves,Total children,193,100
2021,Reporting year,Local authority,E92000001,England,E13000002,Outer London,305,Bromley,E09000006,CLA on 31 March,Any moves,With one or more moves during the year,14,7
2021,Reporting year,Local authority,E92000001,England,E13000002,Outer London,305,Bromley,E09000006,CLA on 31 March,Mid-year moves,Total children,193,100
2021,Reporting year,Local authority,E92000001,England,E13000002,Outer London,305,Bromley,E09000006,CLA on 31 March,Mid-year moves,With one or more mid-year moves during the year,8,4
2021,Reporting year,Local authority,E92000001,England,E13000002,Outer London,306,Croydon,E09000008,CLA 2 years on 31 March,Any moves,Total children,276,100
2021,Reporting year,Local authority,E92000001,England,E13000002,Outer London,306,Croydon,E09000008,CLA 2 years on 31 March,Any moves,With one or more moves during the previous 2 years,61,22
2021,Reporting year,Local authority,E92000001,England,E13000002,Outer London,306,Croydon,E09000008,CLA 2 years on 31 March,Mid-year moves,Total children,276,100
2021,Reporting year,Local authority,E92000001,England,E13000002,Outer London,306,Croydon,E09000008,CLA 2 years on 31 March,Mid-year moves,With one or more mid-year moves during the previous 2 years,41,15
2021,Reporting year,Local authority,E92000001,England,E13000002,Outer London,306,Croydon,E09000008,CLA on 31 March,Any moves,Total children,305,100
2021,Reporting year,Local authority,E92000001,England,E13000002,Outer London,306,Croydon,E09000008,CLA on 31 March,Any moves,With one or more moves during the year,44,14
2021,Reporting year,Local authority,E92000001,England,E13000002,Outer London,306,Croydon,E09000008,CLA on 31 March,Mid-year moves,Total children,305,100
2021,Reporting year,Local authority,E92000001,England,E13000002,Outer London,306,Croydon,E09000008,CLA on 31 March,Mid-year moves,With one or more mid-year moves during the year,29,10
2021,Reporting year,Local authority,E92000001,England,E13000002,Outer London,307,Ealing,E09000009,CLA 2 years on 31 March,Any moves,Total children,149,100
2021,Reporting year,Local authority,E92000001,England,E13000002,Outer London,307,Ealing,E09000009,CLA 2 years on 31 March,Any moves,With one or more moves during the previous 2 years,23,15
2021,Reporting year,Local authority,E92000001,England,E13000002,Outer London,307,Ealing,E09000009,CLA 2 years on 31 March,Mid-year moves,Total children,149,100
2021,Reporting year,Local authority,E92000001,England,E13000002,Outer London,307,Ealing,E09000009,CLA 2 years on 31 March,Mid-year moves,With one or more mid-year moves during the previous 2 years,13,9
2021,Reporting year,Local authority,E92000001,England,E13000002,Outer London,307,Ealing,E09000009,CLA on 31 March,Any moves,Total children,164,100
2021,Reporting year,Local authority,E92000001,England,E13000002,Outer London,307,Ealing,E09000009,CLA on 31 March,Any moves,With one or more moves during the year,16,10
2021,Reporting year,Local authority,E92000001,England,E13000002,Outer London,307,Ealing,E09000009,CLA on 31 March,Mid-year moves,Total children,164,100
2021,Reporting year,Local authority,E92000001,England,E13000002,Outer London,307,Ealing,E09000009,CLA on 31 March,Mid-year moves,With one or more mid-year moves during the year,10,6
2021,Reporting year,Local authority,E92000001,England,E13000002,Outer London,308,Enfield,E09000010,CLA 2 years on 31 March,Any moves,Total children,162,100
2021,Reporting year,Local authority,E92000001,England,E13000002,Outer London,308,Enfield,E09000010,CLA 2 years on 31 March,Any moves,With one or more moves during the previous 2 years,35,22
2021,Reporting year,Local authority,E92000001,England,E13000002,Outer London,308,Enfield,E09000010,CLA 2 years on 31 March,Mid-year moves,Total children,162,100
2021,Reporting year,Local authority,E92000001,England,E13000002,Outer London,308,Enfield,E09000010,CLA 2 years on 31 March,Mid-year moves,With one or more mid-year moves during the previous 2 years,21,13
2021,Reporting year,Local authority,E92000001,England,E13000002,Outer London,308,Enfield,E09000010,CLA on 31 March,Any moves,Total children,199,100
2021,Reporting year,Local authority,E92000001,England,E13000002,Outer London,308,Enfield,E09000010,CLA on 31 March,Any moves,With one or more moves during the year,25,13
2021,Reporting year,Local authority,E92000001,England,E13000002,Outer London,308,Enfield,E09000010,CLA on 31 March,Mid-year moves,Total children,199,100
2021,Reporting year,Local authority,E92000001,England,E13000002,Outer London,308,Enfield,E09000010,CLA on 31 March,Mid-year moves,With one or more mid-year moves during the year,13,7
2021,Reporting year,Local authority,E92000001,England,E13000002,Outer London,203,Greenwich,E09000011,CLA 2 years on 31 March,Any moves,Total children,248,100
2021,Reporting year,Local authority,E92000001,England,E13000002,Outer London,203,Greenwich,E09000011,CLA 2 years on 31 March,Any moves,With one or more moves during the previous 2 years,47,19
2021,Reporting year,Local authority,E92000001,England,E13000002,Outer London,203,Greenwich,E09000011,CLA 2 years on 31 March,Mid-year moves,Total children,248,100
2021,Reporting year,Local authority,E92000001,England,E13000002,Outer London,203,Greenwich,E09000011,CLA 2 years on 31 March,Mid-year moves,With one or more mid-year moves during the previous 2 years,22,9
2021,Reporting year,Local authority,E92000001,England,E13000002,Outer London,203,Greenwich,E09000011,CLA on 31 March,Any moves,Total children,261,100
2021,Reporting year,Local authority,E92000001,England,E13000002,Outer London,203,Greenwich,E09000011,CLA on 31 March,Any moves,With one or more moves during the year,27,10
2021,Reporting year,Local authority,E92000001,England,E13000002,Outer London,203,Greenwich,E09000011,CLA on 31 March,Mid-year moves,Total children,261,100
2021,Reporting year,Local authority,E92000001,England,E13000002,Outer London,203,Greenwich,E09000011,CLA on 31 March,Mid-year moves,With one or more mid-year moves during the year,14,5
2021,Reporting year,Local authority,E92000001,England,E13000002,Outer London,310,Harrow,E09000015,CLA 2 years on 31 March,Any moves,Total children,59,100
2021,Reporting year,Local authority,E92000001,England,E13000002,Outer London,310,Harrow,E09000015,CLA 2 years on 31 March,Any moves,With one or more moves during the previous 2 years,15,25
2021,Reporting year,Local authority,E92000001,England,E13000002,Outer London,310,Harrow,E09000015,CLA 2 years on 31 March,Mid-year moves,Total children,59,100
2021,Reporting year,Local authority,E92000001,England,E13000002,Outer London,310,Harrow,E09000015,CLA 2 years on 31 March,Mid-year moves,With one or more mid-year moves during the previous 2 years,10,17
2021,Reporting year,Local authority,E92000001,England,E13000002,Outer London,310,Harrow,E09000015,CLA on 31 March,Any moves,Total children,83,100
2021,Reporting year,Local authority,E92000001,England,E13000002,Outer London,310,Harrow,E09000015,CLA on 31 March,Any moves,With one or more moves during the year,13,16
2021,Reporting year,Local authority,E92000001,England,E13000002,Outer London,310,Harrow,E09000015,CLA on 31 March,Mid-year moves,Total children,83,100
2021,Reporting year,Local authority,E92000001,England,E13000002,Outer London,310,Harrow,E09000015,CLA on 31 March,Mid-year moves,With one or more mid-year moves during the year,6,7
2021,Reporting year,Local authority,E92000001,England,E13000002,Outer London,311,Havering,E09000016,CLA 2 years on 31 March,Any moves,Total children,107,100
2021,Reporting year,Local authority,E92000001,England,E13000002,Outer London,311,Havering,E09000016,CLA 2 years on 31 March,Any moves,With one or more moves during the previous 2 years,25,23
2021,Reporting year,Local authority,E92000001,England,E13000002,Outer London,311,Havering,E09000016,CLA 2 years on 31 March,Mid-year moves,Total children,107,100
2021,Reporting year,Local authority,E92000001,England,E13000002,Outer London,311,Havering,E09000016,CLA 2 years on 31 March,Mid-year moves,With one or more mid-year moves during the previous 2 years,21,20
2021,Reporting year,Local authority,E92000001,England,E13000002,Outer London,311,Havering,E09000016,CLA on 31 March,Any moves,Total children,113,100
2021,Reporting year,Local authority,E92000001,England,E13000002,Outer London,311,Havering,E09000016,CLA on 31 March,Any moves,With one or more moves during the year,16,14
2021,Reporting year,Local authority,E92000001,England,E13000002,Outer London,311,Havering,E09000016,CLA on 31 March,Mid-year moves,Total children,113,100
2021,Reporting year,Local authority,E92000001,England,E13000002,Outer London,311,Havering,E09000016,CLA on 31 March,Mid-year moves,With one or more mid-year moves during the year,11,10
2021,Reporting year,Local authority,E92000001,England,E13000002,Outer London,312,Hillingdon,E09000017,CLA 2 years on 31 March,Any moves,Total children,120,100
2021,Reporting year,Local authority,E92000001,England,E13000002,Outer London,312,Hillingdon,E09000017,CLA 2 years on 31 March,Any moves,With one or more moves during the previous 2 years,25,21
2021,Reporting year,Local authority,E92000001,England,E13000002,Outer London,312,Hillingdon,E09000017,CLA 2 years on 31 March,Mid-year moves,Total children,120,100
2021,Reporting year,Local authority,E92000001,England,E13000002,Outer London,312,Hillingdon,E09000017,CLA 2 years on 31 March,Mid-year moves,With one or more mid-year moves during the previous 2 years,19,16
2021,Reporting year,Local authority,E92000001,England,E13000002,Outer London,312,Hillingdon,E09000017,CLA on 31 March,Any moves,Total children,156,100
2021,Reporting year,Local authority,E92000001,England,E13000002,Outer London,312,Hillingdon,E09000017,CLA on 31 March,Any moves,With one or more moves during the year,27,17
2021,Reporting year,Local authority,E92000001,England,E13000002,Outer London,312,Hillingdon,E09000017,CLA on 31 March,Mid-year moves,Total children,156,100
2021,Reporting year,Local authority,E92000001,England,E13000002,Outer London,312,Hillingdon,E09000017,CLA on 31 March,Mid-year moves,With one or more mid-year moves during the year,18,12
2021,Reporting year,Local authority,E92000001,England,E13000002,Outer London,313,Hounslow,E09000018,CLA 2 years on 31 March,Any moves,Total children,108,100
2021,Reporting year,Local authority,E92000001,England,E13000002,Outer London,313,Hounslow,E09000018,CLA 2 years on 31 March,Any moves,With one or more moves during the previous 2 years,29,27
2021,Reporting year,Local authority,E92000001,England,E13000002,Outer London,313,Hounslow,E09000018,CLA 2 years on 31 March,Mid-year moves,Total children,108,100
2021,Reporting year,Local authority,E92000001,England,E13000002,Outer London,313,Hounslow,E09000018,CLA 2 years on 31 March,Mid-year moves,With one or more mid-year moves during the previous 2 years,18,17
2021,Reporting year,Local authority,E92000001,England,E13000002,Outer London,313,Hounslow,E09000018,CLA on 31 March,Any moves,Total children,107,100
2021,Reporting year,Local authority,E92000001,England,E13000002,Outer London,313,Hounslow,E09000018,CLA on 31 March,Any moves,With one or more moves during the year,8,7
2021,Reporting year,Local authority,E92000001,England,E13000002,Outer London,313,Hounslow,E09000018,CLA on 31 March,Mid-year moves,Total children,107,100
2021,Reporting year,Local authority,E92000001,England,E13000002,Outer London,313,Hounslow,E09000018,CLA on 31 March,Mid-year moves,With one or more mid-year moves during the year,c,c
2021,Reporting year,Local authority,E92000001,England,E13000002,Outer London,314,Kingston upon Thames,E09000021,CLA 2 years on 31 March,Any moves,Total children,44,100
2021,Reporting year,Local authority,E92000001,England,E13000002,Outer London,314,Kingston upon Thames,E09000021,CLA 2 years on 31 March,Any moves,With one or more moves during the previous 2 years,7,16
2021,Reporting year,Local authority,E92000001,England,E13000002,Outer London,314,Kingston upon Thames,E09000021,CLA 2 years on 31 March,Mid-year moves,Total children,44,100
2021,Reporting year,Local authority,E92000001,England,E13000002,Outer London,314,Kingston upon Thames,E09000021,CLA 2 years on 31 March,Mid-year moves,With one or more mid-year moves during the previous 2 years,c,c
2021,Reporting year,Local authority,E92000001,England,E13000002,Outer London,314,Kingston upon Thames,E09000021,CLA on 31 March,Any moves,Total children,59,100
2021,Reporting year,Local authority,E92000001,England,E13000002,Outer London,314,Kingston upon Thames,E09000021,CLA on 31 March,Any moves,With one or more moves during the year,7,12
2021,Reporting year,Local authority,E92000001,England,E13000002,Outer London,314,Kingston upon Thames,E09000021,CLA on 31 March,Mid-year moves,Total children,59,100
2021,Reporting year,Local authority,E92000001,England,E13000002,Outer London,314,Kingston upon Thames,E09000021,CLA on 31 March,Mid-year moves,With one or more mid-year moves during the year,c,c
2021,Reporting year,Local authority,E92000001,England,E13000002,Outer London,315,Merton,E09000024,CLA 2 years on 31 March,Any moves,Total children,62,100
2021,Reporting year,Local authority,E92000001,England,E13000002,Outer London,315,Merton,E09000024,CLA 2 years on 31 March,Any moves,With one or more moves during the previous 2 years,18,29
2021,Reporting year,Local authority,E92000001,England,E13000002,Outer London,315,Merton,E09000024,CLA 2 years on 31 March,Mid-year moves,Total children,62,100
2021,Reporting year,Local authority,E92000001,England,E13000002,Outer London,315,Merton,E09000024,CLA 2 years on 31 March,Mid-year moves,With one or more mid-year moves during the previous 2 years,9,15
2021,Reporting year,Local authority,E92000001,England,E13000002,Outer London,315,Merton,E09000024,CLA on 31 March,Any moves,Total children,63,100
2021,Reporting year,Local authority,E92000001,England,E13000002,Outer London,315,Merton,E09000024,CLA on 31 March,Any moves,With one or more moves during the year,10,16
2021,Reporting year,Local authority,E92000001,England,E13000002,Outer London,315,Merton,E09000024,CLA on 31 March,Mid-year moves,Total children,63,100
2021,Reporting year,Local authority,E92000001,England,E13000002,Outer London,315,Merton,E09000024,CLA on 31 March,Mid-year moves,With one or more mid-year moves during the year,7,11
2021,Reporting year,Local authority,E92000001,England,E13000002,Outer London,317,Redbridge,E09000026,CLA 2 years on 31 March,Any moves,Total children,91,100
2021,Reporting year,Local authority,E92000001,England,E13000002,Outer London,317,Redbridge,E09000026,CLA 2 years on 31 March,Any moves,With one or more moves during the previous 2 years,19,21
2021,Reporting year,Local authority,E92000001,England,E13000002,Outer London,317,Redbridge,E09000026,CLA 2 years on 31 March,Mid-year moves,Total children,91,100
2021,Reporting year,Local authority,E92000001,England,E13000002,Outer London,317,Redbridge,E09000026,CLA 2 years on 31 March,Mid-year moves,With one or more mid-year moves during the previous 2 years,17,19
2021,Reporting year,Local authority,E92000001,England,E13000002,Outer London,317,Redbridge,E09000026,CLA on 31 March,Any moves,Total children,113,100
2021,Reporting year,Local authority,E92000001,England,E13000002,Outer London,317,Redbridge,E09000026,CLA on 31 March,Any moves,With one or more moves during the year,9,8
2021,Reporting year,Local authority,E92000001,England,E13000002,Outer London,317,Redbridge,E09000026,CLA on 31 March,Mid-year moves,Total children,113,100
2021,Reporting year,Local authority,E92000001,England,E13000002,Outer London,317,Redbridge,E09000026,CLA on 31 March,Mid-year moves,With one or more mid-year moves during the year,c,c
2021,Reporting year,Local authority,E92000001,England,E13000002,Outer London,318,Richmond upon Thames,E09000027,CLA 2 years on 31 March,Any moves,Total children,34,100
2021,Reporting year,Local authority,E92000001,England,E13000002,Outer London,318,Richmond upon Thames,E09000027,CLA 2 years on 31 March,Any moves,With one or more moves during the previous 2 years,10,29
2021,Reporting year,Local authority,E92000001,England,E13000002,Outer London,318,Richmond upon Thames,E09000027,CLA 2 years on 31 March,Mid-year moves,Total children,34,100
2021,Reporting year,Local authority,E92000001,England,E13000002,Outer London,318,Richmond upon Thames,E09000027,CLA 2 years on 31 March,Mid-year moves,With one or more mid-year moves during the previous 2 years,6,18
2021,Reporting year,Local authority,E92000001,England,E13000002,Outer London,318,Richmond upon Thames,E09000027,CLA on 31 March,Any moves,Total children,43,100
2021,Reporting year,Local authority,E92000001,England,E13000002,Outer London,318,Richmond upon Thames,E09000027,CLA on 31 March,Any moves,With one or more moves during the year,8,19
2021,Reporting year,Local authority,E92000001,England,E13000002,Outer London,318,Richmond upon Thames,E09000027,CLA on 31 March,Mid-year moves,Total children,43,100
2021,Reporting year,Local authority,E92000001,England,E13000002,Outer London,318,Richmond upon Thames,E09000027,CLA on 31 March,Mid-year moves,With one or more mid-year moves during the year,c,c
2021,Reporting year,Local authority,E92000001,England,E13000002,Outer London,319,Sutton,E09000029,CLA 2 years on 31 March,Any moves,Total children,97,100
2021,Reporting year,Local authority,E92000001,England,E13000002,Outer London,319,Sutton,E09000029,CLA 2 years on 31 March,Any moves,With one or more moves during the previous 2 years,21,22
2021,Reporting year,Local authority,E92000001,England,E13000002,Outer London,319,Sutton,E09000029,CLA 2 years on 31 March,Mid-year moves,Total children,97,100
2021,Reporting year,Local authority,E92000001,England,E13000002,Outer London,319,Sutton,E09000029,CLA 2 years on 31 March,Mid-year moves,With one or more mid-year moves during the previous 2 years,15,15
2021,Reporting year,Local authority,E92000001,England,E13000002,Outer London,319,Sutton,E09000029,CLA on 31 March,Any moves,Total children,122,100
2021,Reporting year,Local authority,E92000001,England,E13000002,Outer London,319,Sutton,E09000029,CLA on 31 March,Any moves,With one or more moves during the year,15,12
2021,Reporting year,Local authority,E92000001,England,E13000002,Outer London,319,Sutton,E09000029,CLA on 31 March,Mid-year moves,Total children,122,100
2021,Reporting year,Local authority,E92000001,England,E13000002,Outer London,319,Sutton,E09000029,CLA on 31 March,Mid-year moves,With one or more mid-year moves during the year,9,7
2021,Reporting year,Local authority,E92000001,England,E13000002,Outer London,320,Waltham Forest,E09000031,CLA 2 years on 31 March,Any moves,Total children,110,100
2021,Reporting year,Local authority,E92000001,England,E13000002,Outer London,320,Waltham Forest,E09000031,CLA 2 years on 31 March,Any moves,With one or more moves during the previous 2 years,25,23
2021,Reporting year,Local authority,E92000001,England,E13000002,Outer London,320,Waltham Forest,E09000031,CLA 2 years on 31 March,Mid-year moves,Total children,110,100
2021,Reporting year,Local authority,E92000001,England,E13000002,Outer London,320,Waltham Forest,E09000031,CLA 2 years on 31 March,Mid-year moves,With one or more mid-year moves during the previous 2 years,13,12
2021,Reporting year,Local authority,E92000001,England,E13000002,Outer London,320,Waltham Forest,E09000031,CLA on 31 March,Any moves,Total children,142,100
2021,Reporting year,Local authority,E92000001,England,E13000002,Outer London,320,Waltham Forest,E09000031,CLA on 31 March,Any moves,With one or more moves during the year,12,8
2021,Reporting year,Local authority,E92000001,England,E13000002,Outer London,320,Waltham Forest,E09000031,CLA on 31 March,Mid-year moves,Total children,142,100
2021,Reporting year,Local authority,E92000001,England,E13000002,Outer London,320,Waltham Forest,E09000031,CLA on 31 March,Mid-year moves,With one or more mid-year moves during the year,6,4
